rank_number,actor,contributions,percent,cumulative_sum,cumulative_percent,all_contributions
1,Cali0707,924,1.09645,924,1.09645,84272
2,Two-Hearts,675,0.80098,1599,1.89743,84272
3,bsbds,588,0.69774,2187,2.59517,84272
4,anshgoyalevil,509,0.60400,2696,3.19916,84272
5,antonio-pedro99,498,0.59094,3194,3.79011,84272
6,Xinlong-Chen,462,0.54822,3656,4.33833,84272
7,jprendes,444,0.52687,4100,4.86520,84272
8,booniepepper,389,0.46160,4489,5.32680,84272
9,iGxnon,351,0.41651,4840,5.74331,84272
10,NaturalSelect,333,0.39515,5173,6.13846,84272
11,lukas-reining,304,0.36074,5477,6.49919,84272
12,viktor-kurchenko,301,0.35718,5778,6.85637,84272
13,Leo6Leo,295,0.35006,6073,7.20643,84272
14,stuton,291,0.34531,6364,7.55174,84272
15,aj11anuj,290,0.34412,6654,7.89586,84272
16,bvolovat,274,0.32514,6928,8.22100,84272
17,mrgiles,274,0.32514,7202,8.54614,84272
18,bugoverdose,273,0.32395,7475,8.87009,84272
19,Ghat0tkach,262,0.31090,7737,9.18099,84272
20,ameijer,255,0.30259,7992,9.48358,84272
21,khareyash05,252,0.29903,8244,9.78261,84272
22,harsimran-pabla,239,0.28361,8483,10.06621,84272
23,guillaumebernard84,236,0.28005,8719,10.34626,84272
24,Philip-21,220,0.26106,8939,10.60732,84272
25,aabidsofi19,219,0.25987,9158,10.86719,84272
26,d-jeffery,207,0.24563,9365,11.11283,84272
27,GLVSKiriti,193,0.22902,9558,11.34185,84272
28,levikobi,190,0.22546,9748,11.56731,84272
29,matheuscscp,183,0.21715,9931,11.78446,84272
30,samyakshah3008,183,0.21715,10114,12.00161,84272
31,tonyjongyoonan,180,0.21359,10294,12.21521,84272
32,sanderaernouts,171,0.20291,10465,12.41812,84272
33,sudharshanibm3,171,0.20291,10636,12.62104,84272
34,osodracnai,170,0.20173,10806,12.82276,84272
35,H13m0n,168,0.19935,10974,13.02212,84272
36,nebula-aac,164,0.19461,11138,13.21673,84272
37,fabriziosestito,157,0.18630,11295,13.40303,84272
38,martin-majlis-s1,157,0.18630,11452,13.58933,84272
39,AJDatacore,153,0.18155,11605,13.77088,84272
40,am009,152,0.18037,11757,13.95125,84272
41,as20203,150,0.17800,11907,14.12925,84272
42,AmbrishRamachandiran,143,0.16969,12050,14.29894,84272
43,namkyu1999,142,0.16850,12192,14.46744,84272
44,zuqq,141,0.16732,12333,14.63475,84272
45,EraKin575,140,0.16613,12473,14.80088,84272
46,shaun-cox,140,0.16613,12613,14.96701,84272
47,chigia001,138,0.16376,12751,15.13077,84272
48,mosuem,138,0.16376,12889,15.29452,84272
49,dlion,137,0.16257,13026,15.45709,84272
50,james-munson,136,0.16138,13162,15.61847,84272
51,Camillemtd,135,0.16020,13297,15.77867,84272
52,gitdallas,135,0.16020,13432,15.93886,84272
53,liran2000,133,0.15782,13565,16.09669,84272
54,jhkrug,131,0.15545,13696,16.25214,84272
55,fmoral2,129,0.15308,13825,16.40521,84272
56,Affan-7,126,0.14952,13951,16.55473,84272
57,PerseidMeteor,118,0.14002,14069,16.69475,84272
58,Rajdip019,118,0.14002,14187,16.83477,84272
59,cliffcolvin,116,0.13765,14303,16.97242,84272
60,ken90242,116,0.13765,14419,17.11007,84272
61,dejamiko,114,0.13528,14533,17.24535,84272
62,AryanSharma9917,113,0.13409,14646,17.37944,84272
63,tobotg,111,0.13172,14757,17.51115,84272
64,nikhilchauhangithub,109,0.12934,14866,17.64050,84272
65,anikdhabal,106,0.12578,14972,17.76628,84272
66,zcross,106,0.12578,15078,17.89206,84272
67,arthurscchan,104,0.12341,15182,18.01547,84272
68,hangvane,104,0.12341,15286,18.13888,84272
69,UsmanDev09,103,0.12222,15389,18.26111,84272
70,Roseline-Bassey,102,0.12104,15491,18.38214,84272
71,shi0rik0,102,0.12104,15593,18.50318,84272
72,Stevenjin8,102,0.12104,15695,18.62422,84272
73,abhijeetgauravm,100,0.11866,15795,18.74288,84272
74,Aditya-Sood,99,0.11748,15894,18.86036,84272
75,Gauravpadam,99,0.11748,15993,18.97783,84272
76,Aritra8438,97,0.11510,16090,19.09294,84272
77,kubescapebot,96,0.11392,16186,19.20685,84272
78,naiming-zededa,96,0.11392,16282,19.32077,84272
79,Treenhan,96,0.11392,16378,19.43469,84272
80,zakisk,96,0.11392,16474,19.54860,84272
81,vie-serendipity,95,0.11273,16569,19.66133,84272
82,yhjiango,95,0.11273,16664,19.77406,84272
83,hacktivist123,94,0.11154,16758,19.88561,84272
84,Neilhamza,93,0.11036,16851,19.99597,84272
85,sonbui00,93,0.11036,16944,20.10632,84272
86,ludfjig,92,0.10917,17036,20.21549,84272
87,vrnimje,92,0.10917,17128,20.32466,84272
88,fcaroline2020,91,0.10798,17219,20.43265,84272
89,kmuto,89,0.10561,17308,20.53826,84272
90,Vikash-8090-Yadav,88,0.10442,17396,20.64268,84272
91,Yana-Gupta,88,0.10442,17484,20.74710,84272
92,max-frank,86,0.10205,17570,20.84916,84272
93,montaguelhz,85,0.10086,17655,20.95002,84272
94,rick-a-lane-ii,83,0.09849,17738,21.04851,84272
95,justinjung04,81,0.09612,17819,21.14463,84272
96,punithnayak,79,0.09374,17898,21.23837,84272
97,zadjadr,79,0.09374,17977,21.33212,84272
98,goldfishdolphin,78,0.09256,18055,21.42467,84272
99,prady0t,76,0.09018,18131,21.51486,84272
100,MrDXY,75,0.08900,18206,21.60385,84272
101,krishnakv,74,0.08781,18280,21.69167,84272
102,notfathomless,74,0.08781,18354,21.77948,84272
103,ritaCanavarro,74,0.08781,18428,21.86729,84272
104,airbornepony,73,0.08662,18501,21.95391,84272
105,bookinabox,73,0.08662,18574,22.04054,84272
106,aganesh-suse,71,0.08425,18645,22.12479,84272
107,Biswajit-Mohapatra2,71,0.08425,18716,22.20904,84272
108,rmsilva1973,71,0.08425,18787,22.29329,84272
109,jingchu000,70,0.08306,18857,22.37635,84272
110,SriHarsha001,70,0.08306,18927,22.45942,84272
111,damikag,69,0.08188,18996,22.54129,84272
112,MeenuyD,69,0.08188,19065,22.62317,84272
113,setcy,69,0.08188,19134,22.70505,84272
114,kaisoz,68,0.08069,19202,22.78574,84272
115,kokamkarsahil,68,0.08069,19270,22.86643,84272
116,vaibhav-xt,68,0.08069,19338,22.94712,84272
117,vitorsavian,68,0.08069,19406,23.02781,84272
118,andreas-blaettlinger,67,0.07950,19473,23.10732,84272
119,Rajivkumawat3,67,0.07950,19540,23.18682,84272
120,sharathsivakumar,67,0.07950,19607,23.26633,84272
121,CazJT,66,0.07832,19673,23.34465,84272
122,gxwilkerson33,66,0.07832,19739,23.42296,84272
123,KKtheGhost,66,0.07832,19805,23.50128,84272
124,amitschendel,65,0.07713,19870,23.57841,84272
125,deepak4566,65,0.07713,19935,23.65554,84272
126,geoffrey1330,65,0.07713,20000,23.73268,84272
127,shun159,65,0.07713,20065,23.80981,84272
128,SushmitaSeth,65,0.07713,20130,23.88694,84272
129,ChengyuZhu6,64,0.07594,20194,23.96288,84272
130,emanlodovice,64,0.07594,20258,24.03883,84272
131,erikschul,64,0.07594,20322,24.11477,84272
132,jaydeluca,64,0.07594,20386,24.19072,84272
133,justinblalock87,64,0.07594,20450,24.26666,84272
134,duckling69,63,0.07476,20513,24.34142,84272
135,lb034582341,63,0.07476,20576,24.41618,84272
136,aochsner,62,0.07357,20638,24.48975,84272
137,cslinwang,62,0.07357,20700,24.56332,84272
138,peter5232,62,0.07357,20762,24.63689,84272
139,SpiritZhou,62,0.07357,20824,24.71046,84272
140,cr7258,61,0.07238,20885,24.78285,84272
141,Mash707,61,0.07238,20946,24.85523,84272
142,callebstrom,60,0.07120,21006,24.92643,84272
143,elias19r,60,0.07120,21066,24.99763,84272
144,yogisinha,60,0.07120,21126,25.06882,84272
145,911432,59,0.07001,21185,25.13884,84272
146,karan56625,58,0.06882,21243,25.20766,84272
147,1Shubham7,57,0.06764,21300,25.27530,84272
148,Chandan-DK,57,0.06764,21357,25.34294,84272
149,cicoyle,57,0.06764,21414,25.41058,84272
150,HarshDobariya79,57,0.06764,21471,25.47821,84272
151,mashariqk,57,0.06764,21528,25.54585,84272
152,pmuls99,57,0.06764,21585,25.61349,84272
153,RinaO1234,57,0.06764,21642,25.68113,84272
154,sherifhmdy,57,0.06764,21699,25.74877,84272
155,ShivangRawat30,57,0.06764,21756,25.81640,84272
156,hshitomi,56,0.06645,21812,25.88286,84272
157,JuniorJPDJ,56,0.06645,21868,25.94931,84272
158,kaiyee0,56,0.06645,21924,26.01576,84272
159,mrsillydog,56,0.06645,21980,26.08221,84272
160,YadongQi,56,0.06645,22036,26.14866,84272
161,achernevskii,55,0.06526,22091,26.21393,84272
162,coolg92003,55,0.06526,22146,26.27919,84272
163,dmartinol,55,0.06526,22201,26.34446,84272
164,krishnasvp,55,0.06526,22256,26.40972,84272
165,pranoyk,55,0.06526,22311,26.47499,84272
166,rajagopalanand,55,0.06526,22366,26.54025,84272
167,Sumitmaithani,55,0.06526,22421,26.60552,84272
168,wangxiaodong1,55,0.06526,22476,26.67078,84272
169,yashchaddha,55,0.06526,22531,26.73605,84272
170,padraicbc,54,0.06408,22585,26.80012,84272
171,vidya-viswanathan,54,0.06408,22639,26.86420,84272
172,8rxn,53,0.06289,22692,26.92709,84272
173,MathoAvito,53,0.06289,22745,26.98998,84272
174,Mohith234,53,0.06289,22798,27.05288,84272
175,nnlkcncff,53,0.06289,22851,27.11577,84272
176,ranjanmangla1,53,0.06289,22904,27.17866,84272
177,tomaz-s1,53,0.06289,22957,27.24155,84272
178,xjbdjay,53,0.06289,23010,27.30444,84272
179,bdlilley,52,0.06170,23062,27.36615,84272
180,grvpandey11,52,0.06170,23114,27.42785,84272
181,jacobbaungard,52,0.06170,23166,27.48956,84272
182,sheepduke,52,0.06170,23218,27.55126,84272
183,akshayamadhuri,51,0.06052,23269,27.61178,84272
184,cahillsf,51,0.06052,23320,27.67230,84272
185,LaserPhaser,51,0.06052,23371,27.73282,84272
186,morix1500,51,0.06052,23422,27.79334,84272
187,ranjan2829,51,0.06052,23473,27.85385,84272
188,sunyeongchoi,51,0.06052,23524,27.91437,84272
189,DewaldDeJager,50,0.05933,23574,27.97370,84272
190,dualBreath,50,0.05933,23624,28.03304,84272
191,Havret,50,0.05933,23674,28.09237,84272
192,lianzhanbiao,50,0.05933,23724,28.15170,84272
193,jfuller95,49,0.05815,23773,28.20984,84272
194,rhzx3519,49,0.05815,23822,28.26799,84272
195,BinL233,48,0.05696,23870,28.32495,84272
196,ccdlhj,48,0.05696,23918,28.38191,84272
197,DarkMountain-wyz,48,0.05696,23966,28.43886,84272
198,ystryuchkov,48,0.05696,24014,28.49582,84272
199,bderusha,47,0.05577,24061,28.55159,84272
200,Chanakya-TS,47,0.05577,24108,28.60737,84272
201,huutomerkki,47,0.05577,24155,28.66314,84272
202,Lucif3r-in,47,0.05577,24202,28.71891,84272
203,npiyush97,47,0.05577,24249,28.77468,84272
204,prathamesh-mutkure,47,0.05577,24296,28.83045,84272
205,runtu666,47,0.05577,24343,28.88623,84272
206,Tashima42,47,0.05577,24390,28.94200,84272
207,baytan0720,46,0.05459,24436,28.99658,84272
208,chashikajw,46,0.05459,24482,29.05117,84272
209,jiecloud,46,0.05459,24528,29.10575,84272
210,sansmoraxz,46,0.05459,24574,29.16034,84272
211,aritraghosh,45,0.05340,24619,29.21374,84272
212,Boombag0607,45,0.05340,24664,29.26713,84272
213,dawidcha,45,0.05340,24709,29.32053,84272
214,endawkins,45,0.05340,24754,29.37393,84272
215,fabriziodemaria,45,0.05340,24799,29.42733,84272
216,xuexu6666,45,0.05340,24844,29.48073,84272
217,bidetofevil,44,0.05221,24888,29.53294,84272
218,dboslee,44,0.05221,24932,29.58515,84272
219,sarab97,44,0.05221,24976,29.63736,84272
220,shmruin,44,0.05221,25020,29.68958,84272
221,bmorettodama,43,0.05103,25063,29.74060,84272
222,DarrenDsouza7273,43,0.05103,25106,29.79163,84272
223,honeyvinnie,43,0.05103,25149,29.84265,84272
224,killshotrevival,43,0.05103,25192,29.89368,84272
225,PranitPatil03,43,0.05103,25235,29.94470,84272
226,RickDeb2004,43,0.05103,25278,29.99573,84272
227,tiwatsuka,43,0.05103,25321,30.04675,84272
228,wss-rbunning,43,0.05103,25364,30.09778,84272
229,ericashi,42,0.04984,25406,30.14762,84272
230,kforeverisback,42,0.04984,25448,30.19746,84272
231,nidhunge,42,0.04984,25490,30.24729,84272
232,nilnon,42,0.04984,25532,30.29713,84272
233,cmergenthaler,41,0.04865,25573,30.34579,84272
234,conallob,41,0.04865,25614,30.39444,84272
235,gocurr,41,0.04865,25655,30.44309,84272
236,harsh-ps-2003,41,0.04865,25696,30.49174,84272
237,HetviSoni,41,0.04865,25737,30.54039,84272
238,itsaviral2609,41,0.04865,25778,30.58904,84272
239,kecven,41,0.04865,25819,30.63770,84272
240,nepalez,41,0.04865,25860,30.68635,84272
241,pszkamruk-splunk,41,0.04865,25901,30.73500,84272
242,shubhamjajoo,41,0.04865,25942,30.78365,84272
243,vishalrajofficial,41,0.04865,25983,30.83230,84272
244,xuan-nguyen-swe,41,0.04865,26024,30.88096,84272
245,IntaSlapna,40,0.04747,26064,30.92842,84272
246,parth721,40,0.04747,26104,30.97589,84272
247,shijinye,40,0.04747,26144,31.02335,84272
248,SohamRatnaparkhi,40,0.04747,26184,31.07082,84272
249,Yanbo0101,40,0.04747,26224,31.11828,84272
250,achiverram28,39,0.04628,26263,31.16456,84272
251,am-kinetica,39,0.04628,26302,31.21084,84272
252,wasup-yash,39,0.04628,26341,31.25712,84272
253,Deffohn,38,0.04509,26379,31.30221,84272
254,Jingshui1037,38,0.04509,26417,31.34730,84272
255,kirtanchandak,38,0.04509,26455,31.39240,84272
256,Layak-Ali,38,0.04509,26493,31.43749,84272
257,rajim17,38,0.04509,26531,31.48258,84272
258,squid-ney,38,0.04509,26569,31.52767,84272
259,vianamjr,38,0.04509,26607,31.57276,84272
260,9bany,37,0.04391,26644,31.61667,84272
261,bellycat77,37,0.04391,26681,31.66058,84272
262,EsDmitrii,37,0.04391,26718,31.70448,84272
263,Fricounet,37,0.04391,26755,31.74839,84272
264,jackkkkklee,37,0.04391,26792,31.79229,84272
265,jarosal,37,0.04391,26829,31.83620,84272
266,jcountsNR,37,0.04391,26866,31.88010,84272
267,luoqr96,37,0.04391,26903,31.92401,84272
268,nishchay-veer,37,0.04391,26940,31.96791,84272
269,novicr,37,0.04391,26977,32.01182,84272
270,cyxinda,36,0.04272,27013,32.05454,84272
271,ShazaAldawamneh,36,0.04272,27049,32.09726,84272
272,TheSpiritXIII,36,0.04272,27085,32.13998,84272
273,wwtbuaa01,36,0.04272,27121,32.18269,84272
274,abhay-raj19,35,0.04153,27156,32.22423,84272
275,allurisravanth,35,0.04153,27191,32.26576,84272
276,antonfirsov,35,0.04153,27226,32.30729,84272
277,chansuke,35,0.04153,27261,32.34882,84272
278,CodeChanning,35,0.04153,27296,32.39036,84272
279,FZhg,35,0.04153,27331,32.43189,84272
280,manoj-nutanix,35,0.04153,27366,32.47342,84272
281,mawei029,35,0.04153,27401,32.51495,84272
282,nnnkkk7,35,0.04153,27436,32.55648,84272
283,sanjayk0508,35,0.04153,27471,32.59802,84272
284,shubmjagtap,35,0.04153,27506,32.63955,84272
285,wei06159,35,0.04153,27541,32.68108,84272
286,andyuk1986,34,0.04035,27575,32.72143,84272
287,ctelfer-sophos,34,0.04035,27609,32.76177,84272
288,LeonGao91,34,0.04035,27643,32.80212,84272
289,MitchellGale,34,0.04035,27677,32.84246,84272
290,prasanthu,34,0.04035,27711,32.88281,84272
291,rohitssingh,34,0.04035,27745,32.92315,84272
292,swar8080,34,0.04035,27779,32.96350,84272
293,UniverseParticle,34,0.04035,27813,33.00384,84272
294,zhoulw,34,0.04035,27847,33.04419,84272
295,zohebk8s,34,0.04035,27881,33.08454,84272
296,ai-naymul,33,0.03916,27914,33.12369,84272
297,arjennienhuis,33,0.03916,27947,33.16285,84272
298,hailkomputer,33,0.03916,27980,33.20201,84272
299,halil-bugol,33,0.03916,28013,33.24117,84272
300,hengyoush,33,0.03916,28046,33.28033,84272
301,lanzkrish,33,0.03916,28079,33.31949,84272
302,mingoooo,33,0.03916,28112,33.35865,84272
303,MolisXYliu,33,0.03916,28145,33.39781,84272
304,PrajnaU,33,0.03916,28178,33.43697,84272
305,RipulHandoo,33,0.03916,28211,33.47612,84272
306,SagarRawat24,33,0.03916,28244,33.51528,84272
307,shuqiang-zheng,33,0.03916,28277,33.55444,84272
308,tmrpavan,33,0.03916,28310,33.59360,84272
309,xwb1136021767,33,0.03916,28343,33.63276,84272
310,asasas234,32,0.03797,28375,33.67073,84272
311,dudgns3443,32,0.03797,28407,33.70871,84272
312,Firstyear,32,0.03797,28439,33.74668,84272
313,jubittajohn,32,0.03797,28471,33.78465,84272
314,ksdpmx,32,0.03797,28503,33.82262,84272
315,mdawar,32,0.03797,28535,33.86059,84272
316,networkhermit,32,0.03797,28567,33.89857,84272
317,starlightromero,32,0.03797,28599,33.93654,84272
318,teeverr,32,0.03797,28631,33.97451,84272
319,Tim-herbie,32,0.03797,28663,34.01248,84272
320,ty-dc,32,0.03797,28695,34.05046,84272
321,Vity01,32,0.03797,28727,34.08843,84272
322,wujiuye,32,0.03797,28759,34.12640,84272
323,ashinsabu3,31,0.03679,28790,34.16319,84272
324,BjoernSchotte,31,0.03679,28821,34.19997,84272
325,btiernay,31,0.03679,28852,34.23676,84272
326,chasen-bettinger,31,0.03679,28883,34.27354,84272
327,dvaumoron,31,0.03679,28914,34.31033,84272
328,idigdoug,31,0.03679,28945,34.34711,84272
329,lihuahua123,31,0.03679,28976,34.38390,84272
330,lng2020,31,0.03679,29007,34.42069,84272
331,patriziobassi,31,0.03679,29038,34.45747,84272
332,rishavkankane,31,0.03679,29069,34.49426,84272
333,Robo210,31,0.03679,29100,34.53104,84272
334,rpluem-vf,31,0.03679,29131,34.56783,84272
335,smritidahal653,31,0.03679,29162,34.60461,84272
336,typeid,31,0.03679,29193,34.64140,84272
337,Vanshikav123,31,0.03679,29224,34.67818,84272
338,vl-kp,31,0.03679,29255,34.71497,84272
339,yeedove,31,0.03679,29286,34.75176,84272
340,abhigyadufare,30,0.03560,29316,34.78736,84272
341,adamdehaven,30,0.03560,29346,34.82295,84272
342,Bhardwaj-Himanshu,30,0.03560,29376,34.85855,84272
343,Ckbhatia,30,0.03560,29406,34.89415,84272
344,gavksingh,30,0.03560,29436,34.92975,84272
345,jwhy89,30,0.03560,29466,34.96535,84272
346,kevinslin,30,0.03560,29496,35.00095,84272
347,kuiperda,30,0.03560,29526,35.03655,84272
348,lrishi,30,0.03560,29556,35.07215,84272
349,Lu-Biao,30,0.03560,29586,35.10775,84272
350,mentlak0,30,0.03560,29616,35.14335,84272
351,narharim,30,0.03560,29646,35.17894,84272
352,rootxrishabh,30,0.03560,29676,35.21454,84272
353,seantywork,30,0.03560,29706,35.25014,84272
354,shaikahmadnawaz,30,0.03560,29736,35.28574,84272
355,srikanth-iyengar,30,0.03560,29766,35.32134,84272
356,ZenoCC-Peng,30,0.03560,29796,35.35694,84272
357,zhuxiaow1,30,0.03560,29826,35.39254,84272
358,annadorottya,29,0.03441,29855,35.42695,84272
359,BaoshunFang,29,0.03441,29884,35.46136,84272
360,billie60,29,0.03441,29913,35.49578,84272
361,diegolovison,29,0.03441,29942,35.53019,84272
362,haripriya9647,29,0.03441,29971,35.56460,84272
363,Himanshu372,29,0.03441,30000,35.59901,84272
364,infinite-binaryloop,29,0.03441,30029,35.63343,84272
365,JeffeyL,29,0.03441,30058,35.66784,84272
366,jeffyjf,29,0.03441,30087,35.70225,84272
367,johnshajiang,29,0.03441,30116,35.73666,84272
368,Kuromesi,29,0.03441,30145,35.77107,84272
369,mbbush,29,0.03441,30174,35.80549,84272
370,pemensik,29,0.03441,30203,35.83990,84272
371,prosazhin,29,0.03441,30232,35.87431,84272
372,RakshitKumar04,29,0.03441,30261,35.90872,84272
373,RonFed,29,0.03441,30290,35.94314,84272
374,sjliu1,29,0.03441,30319,35.97755,84272
375,surfinlemex,29,0.03441,30348,36.01196,84272
376,tianouya-db,29,0.03441,30377,36.04637,84272
377,vastin,29,0.03441,30406,36.08079,84272
378,alexymantha,28,0.03323,30434,36.11401,84272
379,g1rjeevan,28,0.03323,30462,36.14724,84272
380,huange7,28,0.03323,30490,36.18046,84272
381,imanshafiei540,28,0.03323,30518,36.21369,84272
382,johnnyjeannatasha,28,0.03323,30546,36.24691,84272
383,ohjongsung,28,0.03323,30574,36.28014,84272
384,Rexbeast2,28,0.03323,30602,36.31337,84272
385,robinschneider,28,0.03323,30630,36.34659,84272
386,saranyareddy24,28,0.03323,30658,36.37982,84272
387,surik,28,0.03323,30686,36.41304,84272
388,yellowzf,28,0.03323,30714,36.44627,84272
389,ZahidMirza95,28,0.03323,30742,36.47949,84272
390,zelenushechka,28,0.03323,30770,36.51272,84272
391,0xt3j4s,27,0.03204,30797,36.54476,84272
392,akrieg-ionos,27,0.03204,30824,36.57680,84272
393,andriyun,27,0.03204,30851,36.60884,84272
394,bupd,27,0.03204,30878,36.64088,84272
395,CarstenLeue,27,0.03204,30905,36.67292,84272
396,dhiraj0911,27,0.03204,30932,36.70496,84272
397,jdoherty,27,0.03204,30959,36.73699,84272
398,mahadihassanriyadh,27,0.03204,30986,36.76903,84272
399,masaki-hatada,27,0.03204,31013,36.80107,84272
400,Mithil05,27,0.03204,31040,36.83311,84272
401,oheifetz,27,0.03204,31067,36.86515,84272
402,Player256,27,0.03204,31094,36.89719,84272
403,Pradeep-Kurapati,27,0.03204,31121,36.92923,84272
404,sambhavgupta0705,27,0.03204,31148,36.96127,84272
405,syw14,27,0.03204,31175,36.99331,84272
406,TheOxFromOutOfTheBox,27,0.03204,31202,37.02535,84272
407,AdiAkhileshSingh15,26,0.03085,31228,37.05620,84272
408,ankur0904,26,0.03085,31254,37.08705,84272
409,arsenetar,26,0.03085,31280,37.11790,84272
410,eladmotola,26,0.03085,31306,37.14876,84272
411,ff-apple,26,0.03085,31332,37.17961,84272
412,FrankCy,26,0.03085,31358,37.21046,84272
413,haytok,26,0.03085,31384,37.24131,84272
414,ishuar,26,0.03085,31410,37.27217,84272
415,jonathannorris,26,0.03085,31436,37.30302,84272
416,KitSutliff,26,0.03085,31462,37.33387,84272
417,MaGaroo,26,0.03085,31488,37.36472,84272
418,mario-vimal,26,0.03085,31514,37.39558,84272
419,Neniel,26,0.03085,31540,37.42643,84272
420,oOraph,26,0.03085,31566,37.45728,84272
421,quangnguyen101,26,0.03085,31592,37.48813,84272
422,rahul-captionh,26,0.03085,31618,37.51899,84272
423,roseyangwc,26,0.03085,31644,37.54984,84272
424,shekhar250723,26,0.03085,31670,37.58069,84272
425,Sir-gits-a-lot,26,0.03085,31696,37.61154,84272
426,Srishtihere,26,0.03085,31722,37.64240,84272
427,akstron,25,0.02967,31747,37.67206,84272
428,cipherboy,25,0.02967,31772,37.70173,84272
429,coder12git,25,0.02967,31797,37.73139,84272
430,DanteMustCode,25,0.02967,31822,37.76106,84272
431,Git4Mark,25,0.02967,31847,37.79073,84272
432,haim6678,25,0.02967,31872,37.82039,84272
433,Indresh2410,25,0.02967,31897,37.85006,84272
434,jjtimmons,25,0.02967,31922,37.87972,84272
435,kensou97,25,0.02967,31947,37.90939,84272
436,MickaelFontes,25,0.02967,31972,37.93905,84272
437,nxy7,25,0.02967,31997,37.96872,84272
438,RamakrishnanArun,25,0.02967,32022,37.99839,84272
439,sago2k8,25,0.02967,32047,38.02805,84272
440,sairamsadanala,25,0.02967,32072,38.05772,84272
441,Sinamcp,25,0.02967,32097,38.08738,84272
442,vipinachar,25,0.02967,32122,38.11705,84272
443,xiefan-github,25,0.02967,32147,38.14672,84272
444,zyjjay,25,0.02967,32172,38.17638,84272
445,aaguilartablada,24,0.02848,32196,38.20486,84272
446,ashutoshcloud,24,0.02848,32220,38.23334,84272
447,avanlangup,24,0.02848,32244,38.26182,84272
448,bailey,24,0.02848,32268,38.29030,84272
449,bfreidank,24,0.02848,32292,38.31878,84272
450,CrossStratos,24,0.02848,32316,38.34726,84272
451,danielsn,24,0.02848,32340,38.37574,84272
452,erharjotsingh,24,0.02848,32364,38.40421,84272
453,fangzhengjin,24,0.02848,32388,38.43269,84272
454,fykaa,24,0.02848,32412,38.46117,84272
455,gitu,24,0.02848,32436,38.48965,84272
456,jhuttley-F5-com,24,0.02848,32460,38.51813,84272
457,kevinnio,24,0.02848,32484,38.54661,84272
458,LaithLite,24,0.02848,32508,38.57509,84272
459,lvvorovi,24,0.02848,32532,38.60357,84272
460,malikahmontgomery,24,0.02848,32556,38.63205,84272
461,mejedi,24,0.02848,32580,38.66053,84272
462,MichaelScofield,24,0.02848,32604,38.68901,84272
463,niteshs7,24,0.02848,32628,38.71749,84272
464,Prucek,24,0.02848,32652,38.74597,84272
465,schmidp,24,0.02848,32676,38.77444,84272
466,shalhevetm,24,0.02848,32700,38.80292,84272
467,simha-db,24,0.02848,32724,38.83140,84272
468,tperehinets,24,0.02848,32748,38.85988,84272
469,YaSuenag,24,0.02848,32772,38.88836,84272
470,AdamKaczmarski,23,0.02729,32795,38.91565,84272
471,aditfield,23,0.02729,32818,38.94295,84272
472,AdrianHammond,23,0.02729,32841,38.97024,84272
473,aparekh7,23,0.02729,32864,38.99753,84272
474,decko,23,0.02729,32887,39.02482,84272
475,duduedri96,23,0.02729,32910,39.05212,84272
476,eshaanagarwal,23,0.02729,32933,39.07941,84272
477,fusongke100,23,0.02729,32956,39.10670,84272
478,jakubmalek,23,0.02729,32979,39.13399,84272
479,KlausVii,23,0.02729,33002,39.16129,84272
480,Mackenzie-OO7,23,0.02729,33025,39.18858,84272
481,MrsDaehin,23,0.02729,33048,39.21587,84272
482,nicklasl,23,0.02729,33071,39.24316,84272
483,RitamSamant,23,0.02729,33094,39.27046,84272
484,Saksham294,23,0.02729,33117,39.29775,84272
485,varunraiko,23,0.02729,33140,39.32504,84272
486,yantingqiu,23,0.02729,33163,39.35234,84272
487,yerenkow,23,0.02729,33186,39.37963,84272
488,zhuyi1159,23,0.02729,33209,39.40692,84272
489,AdityaRaimec22,22,0.02611,33231,39.43303,84272
490,AmorBielyi,22,0.02611,33253,39.45913,84272
491,anushkamittal2001,22,0.02611,33275,39.48524,84272
492,ashishsinghdev,22,0.02611,33297,39.51134,84272
493,ASverdlov,22,0.02611,33319,39.53745,84272
494,carflo,22,0.02611,33341,39.56356,84272
495,coatico,22,0.02611,33363,39.58966,84272
496,fyyyyy,22,0.02611,33385,39.61577,84272
497,hkfgo,22,0.02611,33407,39.64187,84272
498,Kavinraja-G,22,0.02611,33429,39.66798,84272
499,Kirner-,22,0.02611,33451,39.69409,84272
500,knarayan,22,0.02611,33473,39.72019,84272
501,lakhanjindam,22,0.02611,33495,39.74630,84272
502,macieyng,22,0.02611,33517,39.77240,84272
503,marcelocyreno,22,0.02611,33539,39.79851,84272
504,mharwani,22,0.02611,33561,39.82462,84272
505,mittalrishabh,22,0.02611,33583,39.85072,84272
506,nap32,22,0.02611,33605,39.87683,84272
507,Nilesh-chaudhary,22,0.02611,33627,39.90293,84272
508,pavan12395,22,0.02611,33649,39.92904,84272
509,phil-rice-HCL,22,0.02611,33671,39.95515,84272
510,rashansmith,22,0.02611,33693,39.98125,84272
511,richardvflux,22,0.02611,33715,40.00736,84272
512,shaolila,22,0.02611,33737,40.03346,84272
513,Sindhuinti,22,0.02611,33759,40.05957,84272
514,vndroid,22,0.02611,33781,40.08567,84272
515,weiran-ms,22,0.02611,33803,40.11178,84272
516,Zaperex,22,0.02611,33825,40.13789,84272
517,AgoCan,21,0.02492,33846,40.16281,84272
518,andreygoran,21,0.02492,33867,40.18773,84272
519,artashesbalabekyan,21,0.02492,33888,40.21264,84272
520,CastAIPhil,21,0.02492,33909,40.23756,84272
521,charu1603,21,0.02492,33930,40.26248,84272
522,ChrisLightfootWild,21,0.02492,33951,40.28740,84272
523,frauniki,21,0.02492,33972,40.31232,84272
524,FSMaxB,21,0.02492,33993,40.33724,84272
525,git-jxj,21,0.02492,34014,40.36216,84272
526,jeffery021121,21,0.02492,34035,40.38708,84272
527,jiachengdong,21,0.02492,34056,40.41200,84272
528,jobop,21,0.02492,34077,40.43692,84272
529,jriffs,21,0.02492,34098,40.46184,84272
530,Lancetnik,21,0.02492,34119,40.48676,84272
531,Learntotolearn,21,0.02492,34140,40.51168,84272
532,maxveldink,21,0.02492,34161,40.53660,84272
533,Modern-artist,21,0.02492,34182,40.56152,84272
534,renwenlong-github,21,0.02492,34203,40.58643,84272
535,rkaippully,21,0.02492,34224,40.61135,84272
536,ShatilKhan,21,0.02492,34245,40.63627,84272
537,simonostendorf,21,0.02492,34266,40.66119,84272
538,Syst3m1cAn0maly,21,0.02492,34287,40.68611,84272
539,tanayvaswani,21,0.02492,34308,40.71103,84272
540,tj---,21,0.02492,34329,40.73595,84272
541,tomdong2010,21,0.02492,34350,40.76087,84272
542,tomtaylor,21,0.02492,34371,40.78579,84272
543,trsteel,21,0.02492,34392,40.81071,84272
544,uestczz,21,0.02492,34413,40.83563,84272
545,weiqiang-w,21,0.02492,34434,40.86055,84272
546,yunwoo-yu,21,0.02492,34455,40.88547,84272
547,aheling11,20,0.02373,34475,40.90920,84272
548,akashsawan1,20,0.02373,34495,40.93293,84272
549,aminmr,20,0.02373,34515,40.95666,84272
550,AnshRoshan,20,0.02373,34535,40.98040,84272
551,arnongilboa77,20,0.02373,34555,41.00413,84272
552,Aryanryn09,20,0.02373,34575,41.02786,84272
553,avantikajain289,20,0.02373,34595,41.05159,84272
554,B1F030,20,0.02373,34615,41.07533,84272
555,benterova,20,0.02373,34635,41.09906,84272
556,betsybutton,20,0.02373,34655,41.12279,84272
557,CodiumAI-Agent,20,0.02373,34675,41.14653,84272
558,ColdFire87,20,0.02373,34695,41.17026,84272
559,donkeywon,20,0.02373,34715,41.19399,84272
560,efremovmi,20,0.02373,34735,41.21772,84272
561,Gutopro,20,0.02373,34755,41.24146,84272
562,HOSTED-POWER,20,0.02373,34775,41.26519,84272
563,iamasmith,20,0.02373,34795,41.28892,84272
564,Jaswir,20,0.02373,34815,41.31265,84272
565,jennwah,20,0.02373,34835,41.33639,84272
566,JudahNour,20,0.02373,34855,41.36012,84272
567,junggil,20,0.02373,34875,41.38385,84272
568,jz543fm,20,0.02373,34895,41.40758,84272
569,karezachen,20,0.02373,34915,41.43132,84272
570,kituuu,20,0.02373,34935,41.45505,84272
571,ksonney,20,0.02373,34955,41.47878,84272
572,mariusbertram,20,0.02373,34975,41.50252,84272
573,mukeshmahato18,20,0.02373,34995,41.52625,84272
574,ning0515,20,0.02373,35015,41.54998,84272
575,nitindagar0,20,0.02373,35035,41.57371,84272
576,reedjosh,20,0.02373,35055,41.59745,84272
577,Rexford74,20,0.02373,35075,41.62118,84272
578,robinlieb,20,0.02373,35095,41.64491,84272
579,Saman-jafari,20,0.02373,35115,41.66864,84272
580,SirPhuttel,20,0.02373,35135,41.69238,84272
581,souravpy,20,0.02373,35155,41.71611,84272
582,starbeast,20,0.02373,35175,41.73984,84272
583,sZma5a,20,0.02373,35195,41.76358,84272
584,tanvi-jagtap,20,0.02373,35215,41.78731,84272
585,tirth1,20,0.02373,35235,41.81104,84272
586,wangxye,20,0.02373,35255,41.83477,84272
587,wdonne,20,0.02373,35275,41.85851,84272
588,whygyc,20,0.02373,35295,41.88224,84272
589,wrkode,20,0.02373,35315,41.90597,84272
590,zdaratom,20,0.02373,35335,41.92970,84272
591,283713406,19,0.02255,35354,41.95225,84272
592,a1flecke,19,0.02255,35373,41.97480,84272
593,am6737,19,0.02255,35392,41.99734,84272
594,azzid,19,0.02255,35411,42.01989,84272
595,bezalel-7,19,0.02255,35430,42.04243,84272
596,dada-dell-emc,19,0.02255,35449,42.06498,84272
597,Debjyoti0404,19,0.02255,35468,42.08753,84272
598,derpferd,19,0.02255,35487,42.11007,84272
599,dlochrie,19,0.02255,35506,42.13262,84272
600,dodomorandi,19,0.02255,35525,42.15516,84272
601,fgksgf,19,0.02255,35544,42.17771,84272
602,harryli0108,19,0.02255,35563,42.20026,84272
603,jinronga,19,0.02255,35582,42.22280,84272
604,keisukesakasai,19,0.02255,35601,42.24535,84272
605,kylepl,19,0.02255,35620,42.26789,84272
606,LAI-chuchi,19,0.02255,35639,42.29044,84272
607,Manuelraa,19,0.02255,35658,42.31299,84272
608,marsian83,19,0.02255,35677,42.33553,84272
609,mikefan1991,19,0.02255,35696,42.35808,84272
610,mikegcoleman,19,0.02255,35715,42.38062,84272
611,mike-weiner,19,0.02255,35734,42.40317,84272
612,morshielt,19,0.02255,35753,42.42572,84272
613,mrgian,19,0.02255,35772,42.44826,84272
614,Od1nB,19,0.02255,35791,42.47081,84272
615,PeteLevineA,19,0.02255,35810,42.49335,84272
616,pmendelski,19,0.02255,35829,42.51590,84272
617,saurabh100ni,19,0.02255,35848,42.53845,84272
618,shanecmiller23,19,0.02255,35867,42.56099,84272
619,shaojini,19,0.02255,35886,42.58354,84272
620,steff-petro,19,0.02255,35905,42.60609,84272
621,sudheer-gidigi,19,0.02255,35924,42.62863,84272
622,Susanta2000,19,0.02255,35943,42.65118,84272
623,swhoro,19,0.02255,35962,42.67372,84272
624,tiansuo114,19,0.02255,35981,42.69627,84272
625,unnathik,19,0.02255,36000,42.71882,84272
626,winrouter,19,0.02255,36019,42.74136,84272
627,yldoge,19,0.02255,36038,42.76391,84272
628,yuehan-mm,19,0.02255,36057,42.78645,84272
629,113xiaoji,18,0.02136,36075,42.80781,84272
630,adasarpan404,18,0.02136,36093,42.82917,84272
631,antikilahdjs,18,0.02136,36111,42.85053,84272
632,arturotrenard,18,0.02136,36129,42.87189,84272
633,Cdayz,18,0.02136,36147,42.89325,84272
634,clarkdian,18,0.02136,36165,42.91461,84272
635,cloudymax,18,0.02136,36183,42.93597,84272
636,codingmickey,18,0.02136,36201,42.95733,84272
637,davelil4,18,0.02136,36219,42.97869,84272
638,EiriniGraonidou,18,0.02136,36237,43.00005,84272
639,fahad19,18,0.02136,36255,43.02141,84272
640,ffppmm,18,0.02136,36273,43.04277,84272
641,fizzers123,18,0.02136,36291,43.06413,84272
642,franck-serot,18,0.02136,36309,43.08549,84272
643,Gautam-666,18,0.02136,36327,43.10684,84272
644,gord02,18,0.02136,36345,43.12820,84272
645,huyduong2792,18,0.02136,36363,43.14956,84272
646,inviBeast,18,0.02136,36381,43.17092,84272
647,joelee2012,18,0.02136,36399,43.19228,84272
648,JU4N98,18,0.02136,36417,43.21364,84272
649,kashif-nawaz,18,0.02136,36435,43.23500,84272
650,kenjenkins,18,0.02136,36453,43.25636,84272
651,kumiDa,18,0.02136,36471,43.27772,84272
652,lostcharlie,18,0.02136,36489,43.29908,84272
653,matt-hensley,18,0.02136,36507,43.32044,84272
654,mayurjadhav2002,18,0.02136,36525,43.34180,84272
655,naaronne,18,0.02136,36543,43.36316,84272
656,nh3000-org,18,0.02136,36561,43.38452,84272
657,pnacht,18,0.02136,36579,43.40588,84272
658,polyedre,18,0.02136,36597,43.42724,84272
659,rackerWard,18,0.02136,36615,43.44860,84272
660,Raghunandan16,18,0.02136,36633,43.46995,84272
661,rul3m4k3r,18,0.02136,36651,43.49131,84272
662,schlakob,18,0.02136,36669,43.51267,84272
663,shixinlishixinli,18,0.02136,36687,43.53403,84272
664,Silence-worker-02,18,0.02136,36705,43.55539,84272
665,stephen-totty-hpe,18,0.02136,36723,43.57675,84272
666,tces1,18,0.02136,36741,43.59811,84272
667,teammakdi,18,0.02136,36759,43.61947,84272
668,tsoslow,18,0.02136,36777,43.64083,84272
669,turbosnail,18,0.02136,36795,43.66219,84272
670,Vinaum8,18,0.02136,36813,43.68355,84272
671,akhilender-bongirwar,17,0.02017,36830,43.70372,84272
672,AngstyDuck,17,0.02017,36847,43.72389,84272
673,ankushhifi007,17,0.02017,36864,43.74407,84272
674,arijitr-citrix,17,0.02017,36881,43.76424,84272
675,ashpect,17,0.02017,36898,43.78441,84272
676,banandh,17,0.02017,36915,43.80459,84272
677,BbIKTOP,17,0.02017,36932,43.82476,84272
678,bharat-m1,17,0.02017,36949,43.84493,84272
679,BruceMa29,17,0.02017,36966,43.86510,84272
680,cdfmlr,17,0.02017,36983,43.88528,84272
681,craigcomstock,17,0.02017,37000,43.90545,84272
682,dastonzerg,17,0.02017,37017,43.92562,84272
683,emboman13,17,0.02017,37034,43.94579,84272
684,franciscorodriguezsv24,17,0.02017,37051,43.96597,84272
685,fury-r,17,0.02017,37068,43.98614,84272
686,giulianisanches,17,0.02017,37085,44.00631,84272
687,gokulav137,17,0.02017,37102,44.02649,84272
688,hspitzley-czi,17,0.02017,37119,44.04666,84272
689,Iiqbal2000,17,0.02017,37136,44.06683,84272
690,ikraemer-dd,17,0.02017,37153,44.08700,84272
691,Jai-Solania-29,17,0.02017,37170,44.10718,84272
692,jstefankowski,17,0.02017,37187,44.12735,84272
693,kes2464,17,0.02017,37204,44.14752,84272
694,khallai,17,0.02017,37221,44.16770,84272
695,kjothen,17,0.02017,37238,44.18787,84272
696,KRASSUSS,17,0.02017,37255,44.20804,84272
697,lts9527,17,0.02017,37272,44.22821,84272
698,MartinEliasQ,17,0.02017,37289,44.24839,84272
699,Mohiit70,17,0.02017,37306,44.26856,84272
700,nakulbh,17,0.02017,37323,44.28873,84272
701,sharifrezvani,17,0.02017,37340,44.30890,84272
702,siddharth-sable,17,0.02017,37357,44.32908,84272
703,Simma143,17,0.02017,37374,44.34925,84272
704,simonhf,17,0.02017,37391,44.36942,84272
705,SpaceWhite,17,0.02017,37408,44.38960,84272
706,TenBid,17,0.02017,37425,44.40977,84272
707,tobby-yuan,17,0.02017,37442,44.42994,84272
708,tondrusk,17,0.02017,37459,44.45011,84272
709,transparency066,17,0.02017,37476,44.47029,84272
710,tungbq,17,0.02017,37493,44.49046,84272
711,vadimInshakov,17,0.02017,37510,44.51063,84272
712,vamsideepak,17,0.02017,37527,44.53081,84272
713,vipcxj,17,0.02017,37544,44.55098,84272
714,weafscast,17,0.02017,37561,44.57115,84272
715,wenchezhao,17,0.02017,37578,44.59132,84272
716,yannart,17,0.02017,37595,44.61150,84272
717,yashvardhanmishra,17,0.02017,37612,44.63167,84272
718,yehielnetapp,17,0.02017,37629,44.65184,84272
719,yodatak,17,0.02017,37646,44.67201,84272
720,ysun-2023,17,0.02017,37663,44.69219,84272
721,aghinsa,16,0.01899,37679,44.71117,84272
722,amands98,16,0.01899,37695,44.73016,84272
723,arushi2715,16,0.01899,37711,44.74915,84272
724,ashutoshmore658,16,0.01899,37727,44.76813,84272
725,chalkedgoose,16,0.01899,37743,44.78712,84272
726,codebasky,16,0.01899,37759,44.80610,84272
727,deerowbear,16,0.01899,37775,44.82509,84272
728,Desolar1um,16,0.01899,37791,44.84408,84272
729,dlaird-ovo,16,0.01899,37807,44.86306,84272
730,edoblette,16,0.01899,37823,44.88205,84272
731,elena-kolevska,16,0.01899,37839,44.90103,84272
732,fanndu,16,0.01899,37855,44.92002,84272
733,FaranIdo,16,0.01899,37871,44.93901,84272
734,flysqrlboy,16,0.01899,37887,44.95799,84272
735,fredyw,16,0.01899,37903,44.97698,84272
736,ghakazian,16,0.01899,37919,44.99597,84272
737,gitvinit,16,0.01899,37935,45.01495,84272
738,haojue,16,0.01899,37951,45.03394,84272
739,Hennnnes,16,0.01899,37967,45.05292,84272
740,hiragi-gkuth,16,0.01899,37983,45.07191,84272
741,hkonduri,16,0.01899,37999,45.09090,84272
742,jdvgh,16,0.01899,38015,45.10988,84272
743,jirutka,16,0.01899,38031,45.12887,84272
744,karmingc,16,0.01899,38047,45.14785,84272
745,kimjarvis,16,0.01899,38063,45.16684,84272
746,KiranAminPanjwani,16,0.01899,38079,45.18583,84272
747,kyungminchoi,16,0.01899,38095,45.20481,84272
748,LynneD,16,0.01899,38111,45.22380,84272
749,mohamedawnallah,16,0.01899,38127,45.24279,84272
750,Mourishitz,16,0.01899,38143,45.26177,84272
751,Pacman99,16,0.01899,38159,45.28076,84272
752,Paul-Van-Uytvinck,16,0.01899,38175,45.29974,84272
753,pchaseh,16,0.01899,38191,45.31873,84272
754,PeaWarrior,16,0.01899,38207,45.33772,84272
755,Ph0tonic,16,0.01899,38223,45.35670,84272
756,priyankarking,16,0.01899,38239,45.37569,84272
757,redref,16,0.01899,38255,45.39467,84272
758,RijulGulati,16,0.01899,38271,45.41366,84272
759,sandy-krishna-ai,16,0.01899,38287,45.43265,84272
760,saowu,16,0.01899,38303,45.45163,84272
761,sarkisjad,16,0.01899,38319,45.47062,84272
762,Shanjian2033,16,0.01899,38335,45.48961,84272
763,Shifna12Zarnaz,16,0.01899,38351,45.50859,84272
764,shipra101,16,0.01899,38367,45.52758,84272
765,skylerxhu,16,0.01899,38383,45.54656,84272
766,squizzi,16,0.01899,38399,45.56555,84272
767,steve-hardman,16,0.01899,38415,45.58454,84272
768,talitz,16,0.01899,38431,45.60352,84272
769,technimad-splunk,16,0.01899,38447,45.62251,84272
770,varungup90,16,0.01899,38463,45.64149,84272
771,w7team,16,0.01899,38479,45.66048,84272
772,xavidotron,16,0.01899,38495,45.67947,84272
773,xint6,16,0.01899,38511,45.69845,84272
774,yadavvij,16,0.01899,38527,45.71744,84272
775,ytyuanxi,16,0.01899,38543,45.73642,84272
776,yunyizea,16,0.01899,38559,45.75541,84272
777,Yushmanth-reddy,16,0.01899,38575,45.77440,84272
778,Amukayoung,15,0.01780,38590,45.79220,84272
779,anastaruno,15,0.01780,38605,45.81000,84272
780,andresperezl,15,0.01780,38620,45.82780,84272
781,Anyuoo,15,0.01780,38635,45.84560,84272
782,armagankaratosun,15,0.01780,38650,45.86339,84272
783,Ayush9026,15,0.01780,38665,45.88119,84272
784,bet-me,15,0.01780,38680,45.89899,84272
785,bradgwest,15,0.01780,38695,45.91679,84272
786,cathy-qiu,15,0.01780,38710,45.93459,84272
787,cbarbian-sap,15,0.01780,38725,45.95239,84272
788,dancrumb,15,0.01780,38740,45.97019,84272
789,divyansh375,15,0.01780,38755,45.98799,84272
790,dvoytenko,15,0.01780,38770,46.00579,84272
791,dwelsch-esi,15,0.01780,38785,46.02359,84272
792,eduojeda,15,0.01780,38800,46.04139,84272
793,estliberitas,15,0.01780,38815,46.05919,84272
794,gantanikhilraj,15,0.01780,38830,46.07699,84272
795,gfaugere,15,0.01780,38845,46.09479,84272
796,gray-oni,15,0.01780,38860,46.11259,84272
797,harshil1973,15,0.01780,38875,46.13039,84272
798,haruband,15,0.01780,38890,46.14819,84272
799,Hilzygift,15,0.01780,38905,46.16599,84272
800,iArchitSharma,15,0.01780,38920,46.18379,84272
801,joybestourous,15,0.01780,38935,46.20159,84272
802,juijeong8324,15,0.01780,38950,46.21938,84272
803,KaranJagtiani,15,0.01780,38965,46.23718,84272
804,kennyaz,15,0.01780,38980,46.25498,84272
805,kro-cat,15,0.01780,38995,46.27278,84272
806,lanord,15,0.01780,39010,46.29058,84272
807,leblowl,15,0.01780,39025,46.30838,84272
808,loffing,15,0.01780,39040,46.32618,84272
809,luigidematteis,15,0.01780,39055,46.34398,84272
810,macxamin,15,0.01780,39070,46.36178,84272
811,miketonks-form3,15,0.01780,39085,46.37958,84272
812,mmaymann,15,0.01780,39100,46.39738,84272
813,neo3matrix,15,0.01780,39115,46.41518,84272
814,ninelinesevduk,15,0.01780,39130,46.43298,84272
815,nitendra-suse,15,0.01780,39145,46.45078,84272
816,pbialon,15,0.01780,39160,46.46858,84272
817,piradata,15,0.01780,39175,46.48638,84272
818,PyPotato,15,0.01780,39190,46.50418,84272
819,razashahid107,15,0.01780,39205,46.52198,84272
820,Razz4780,15,0.01780,39220,46.53978,84272
821,real747-david,15,0.01780,39235,46.55758,84272
822,RedCarsten,15,0.01780,39250,46.57537,84272
823,rpemsel,15,0.01780,39265,46.59317,84272
824,rzetelskik,15,0.01780,39280,46.61097,84272
825,saketjajoo,15,0.01780,39295,46.62877,84272
826,Shreya111111,15,0.01780,39310,46.64657,84272
827,sitano,15,0.01780,39325,46.66437,84272
828,skepticoitusInteruptus,15,0.01780,39340,46.68217,84272
829,sspaink,15,0.01780,39355,46.69997,84272
830,TomlinfreeGit,15,0.01780,39370,46.71777,84272
831,travisbeckham,15,0.01780,39385,46.73557,84272
832,VivekBaldha0712,15,0.01780,39400,46.75337,84272
833,vobanghia12,15,0.01780,39415,46.77117,84272
834,YaZasnyal,15,0.01780,39430,46.78897,84272
835,ymgyt,15,0.01780,39445,46.80677,84272
836,0x006EA1E5,14,0.01661,39459,46.82338,84272
837,abhiraj-ku,14,0.01661,39473,46.83999,84272
838,anthonyalayo,14,0.01661,39487,46.85661,84272
839,aryanas159,14,0.01661,39501,46.87322,84272
840,aungzanbaw,14,0.01661,39515,46.88983,84272
841,bmanuel,14,0.01661,39529,46.90645,84272
842,bouroo,14,0.01661,39543,46.92306,84272
843,ccleouf66,14,0.01661,39557,46.93967,84272
844,chaitu577,14,0.01661,39571,46.95628,84272
845,chenwenjob,14,0.01661,39585,46.97290,84272
846,ChrisBinderKub,14,0.01661,39599,46.98951,84272
847,ChristianLoewel,14,0.01661,39613,47.00612,84272
848,ciradu2204,14,0.01661,39627,47.02274,84272
849,darkobas2,14,0.01661,39641,47.03935,84272
850,devilcrises,14,0.01661,39655,47.05596,84272
851,FedeNQ,14,0.01661,39669,47.07257,84272
852,FeltrinN,14,0.01661,39683,47.08919,84272
853,flux-benj,14,0.01661,39697,47.10580,84272
854,ginayeh,14,0.01661,39711,47.12241,84272
855,Gohoy,14,0.01661,39725,47.13903,84272
856,googs1025,14,0.01661,39739,47.15564,84272
857,GuillaumeDeconinck,14,0.01661,39753,47.17225,84272
858,hellocn9,14,0.01661,39767,47.18886,84272
859,henrydavies1,14,0.01661,39781,47.20548,84272
860,iaroslav-nakonechnikov,14,0.01661,39795,47.22209,84272
861,javferrod,14,0.01661,39809,47.23870,84272
862,jerrytesting,14,0.01661,39823,47.25532,84272
863,jnels124,14,0.01661,39837,47.27193,84272
864,joker53-1,14,0.01661,39851,47.28854,84272
865,Jougan-0,14,0.01661,39865,47.30515,84272
866,JuliannaReyes,14,0.01661,39879,47.32177,84272
867,kaleidoscopica,14,0.01661,39893,47.33838,84272
868,kallayj,14,0.01661,39907,47.35499,84272
869,kasukabeshinchan,14,0.01661,39921,47.37161,84272
870,langeno,14,0.01661,39935,47.38822,84272
871,LockedThread,14,0.01661,39949,47.40483,84272
872,m25n,14,0.01661,39963,47.42144,84272
873,MartiUK,14,0.01661,39977,47.43806,84272
874,MetalArend,14,0.01661,39991,47.45467,84272
875,nshelke777,14,0.01661,40005,47.47128,84272
876,palasanu,14,0.01661,40019,47.48790,84272
877,Philipp-Plotnikov,14,0.01661,40033,47.50451,84272
878,Photosounder,14,0.01661,40047,47.52112,84272
879,pratikmota,14,0.01661,40061,47.53773,84272
880,pssalman,14,0.01661,40075,47.55435,84272
881,raviverma-ai,14,0.01661,40089,47.57096,84272
882,realnumber666,14,0.01661,40103,47.58757,84272
883,robert-oh,14,0.01661,40117,47.60419,84272
884,sakethkumardamera,14,0.01661,40131,47.62080,84272
885,shichanglin5,14,0.01661,40145,47.63741,84272
886,shubh220922,14,0.01661,40159,47.65403,84272
887,sjcsjc123,14,0.01661,40173,47.67064,84272
888,SnoozeFreddo,14,0.01661,40187,47.68725,84272
889,sorra,14,0.01661,40201,47.70386,84272
890,st3fus,14,0.01661,40215,47.72048,84272
891,sunnycarter,14,0.01661,40229,47.73709,84272
892,Tea4menono,14,0.01661,40243,47.75370,84272
893,tetora1053,14,0.01661,40257,47.77032,84272
894,to11mtm,14,0.01661,40271,47.78693,84272
895,tobehardest,14,0.01661,40285,47.80354,84272
896,toxic0berliner,14,0.01661,40299,47.82015,84272
897,vedmed85,14,0.01661,40313,47.83677,84272
898,waynec86,14,0.01661,40327,47.85338,84272
899,WebberHuang1118,14,0.01661,40341,47.86999,84272
900,XR-stb,14,0.01661,40355,47.88661,84272
901,xzhang-brex,14,0.01661,40369,47.90322,84272
902,yashaswi2000,14,0.01661,40383,47.91983,84272
903,yishangzhang,14,0.01661,40397,47.93644,84272
904,zchenyu,14,0.01661,40411,47.95306,84272
905,zehenrique,14,0.01661,40425,47.96967,84272
906,zeno-splunk,14,0.01661,40439,47.98628,84272
907,357447923,13,0.01543,40452,48.00171,84272
908,AdityaVardhanSingh,13,0.01543,40465,48.01713,84272
909,aepifanov,13,0.01543,40478,48.03256,84272
910,ahlgreno,13,0.01543,40491,48.04799,84272
911,ajgillette,13,0.01543,40504,48.06341,84272
912,allanembedded,13,0.01543,40517,48.07884,84272
913,arendjr,13,0.01543,40530,48.09427,84272
914,ayushsinha25,13,0.01543,40543,48.10969,84272
915,batuhansk,13,0.01543,40556,48.12512,84272
916,bharath-b-rh,13,0.01543,40569,48.14054,84272
917,Billlynch,13,0.01543,40582,48.15597,84272
918,byan1197,13,0.01543,40595,48.17140,84272
919,clearnicki,13,0.01543,40608,48.18682,84272
920,coutinhop,13,0.01543,40621,48.20225,84272
921,davidg-datascene,13,0.01543,40634,48.21768,84272
922,Devesh-N,13,0.01543,40647,48.23310,84272
923,Douglas235,13,0.01543,40660,48.24853,84272
924,dppatel99,13,0.01543,40673,48.26395,84272
925,dpronin,13,0.01543,40686,48.27938,84272
926,edgardw,13,0.01543,40699,48.29481,84272
927,eeliu,13,0.01543,40712,48.31023,84272
928,emily-zall,13,0.01543,40725,48.32566,84272
929,esposem,13,0.01543,40738,48.34109,84272
930,fosterm-mw,13,0.01543,40751,48.35651,84272
931,grameshtwilio,13,0.01543,40764,48.37194,84272
932,GuillaumeDorschner,13,0.01543,40777,48.38736,84272
933,guptakaran27,13,0.01543,40790,48.40279,84272
934,iuriatan,13,0.01543,40803,48.41822,84272
935,IzzyMusa,13,0.01543,40816,48.43364,84272
936,jackcarver-a,13,0.01543,40829,48.44907,84272
937,jackwilsdon,13,0.01543,40842,48.46450,84272
938,jamieplu,13,0.01543,40855,48.47992,84272
939,jonirap,13,0.01543,40868,48.49535,84272
940,karl-chanel,13,0.01543,40881,48.51077,84272
941,karthikmurali60,13,0.01543,40894,48.52620,84272
942,kbthu,13,0.01543,40907,48.54163,84272
943,kmarkow,13,0.01543,40920,48.55705,84272
944,Layfolk-zcy,13,0.01543,40933,48.57248,84272
945,LingKa28,13,0.01543,40946,48.58791,84272
946,livmackintosh,13,0.01543,40959,48.60333,84272
947,ltellesfl,13,0.01543,40972,48.61876,84272
948,luongdangvp2000,13,0.01543,40985,48.63418,84272
949,Mateoc,13,0.01543,40998,48.64961,84272
950,nathan-bowman,13,0.01543,41011,48.66504,84272
951,newthifans,13,0.01543,41024,48.68046,84272
952,OevreFlataeker,13,0.01543,41037,48.69589,84272
953,PaarthB,13,0.01543,41050,48.71132,84272
954,pillai-ashwin,13,0.01543,41063,48.72674,84272
955,Prakhar-Shankar,13,0.01543,41076,48.74217,84272
956,Qixuanw,13,0.01543,41089,48.75759,84272
957,refaelm92,13,0.01543,41102,48.77302,84272
958,Rick-Anderson,13,0.01543,41115,48.78845,84272
959,rtriesscheijn,13,0.01543,41128,48.80387,84272
960,shubham-singh-748,13,0.01543,41141,48.81930,84272
961,siebenluke,13,0.01543,41154,48.83473,84272
962,skabano,13,0.01543,41167,48.85015,84272
963,vermaprateek695,13,0.01543,41180,48.86558,84272
964,virtualm2000,13,0.01543,41193,48.88100,84272
965,yaohongkok,13,0.01543,41206,48.89643,84272
966,yingjun8,13,0.01543,41219,48.91186,84272
967,zafs23,13,0.01543,41232,48.92728,84272
968,zhaizhch,13,0.01543,41245,48.94271,84272
969,zhaoxueye,13,0.01543,41258,48.95814,84272
970,zvigrinberg,13,0.01543,41271,48.97356,84272
971,17862687921,12,0.01424,41283,48.98780,84272
972,Alex-Waring,12,0.01424,41295,49.00204,84272
973,anubhavkrdhiman,12,0.01424,41307,49.01628,84272
974,Anu-Ra-g,12,0.01424,41319,49.03052,84272
975,avi-08,12,0.01424,41331,49.04476,84272
976,batulziiy,12,0.01424,41343,49.05900,84272
977,bmuschko,12,0.01424,41355,49.07324,84272
978,brf153,12,0.01424,41367,49.08748,84272
979,Bush5580,12,0.01424,41379,49.10172,84272
980,byeongjaeSon,12,0.01424,41391,49.11596,84272
981,Charles-Schleich,12,0.01424,41403,49.13020,84272
982,chiragk25,12,0.01424,41415,49.14444,84272
983,cmu-rgrempel,12,0.01424,41427,49.15868,84272
984,Coderrob,12,0.01424,41439,49.17292,84272
985,CoreyCook8,12,0.01424,41451,49.18716,84272
986,cormacpayne,12,0.01424,41463,49.20140,84272
987,cqi1217,12,0.01424,41475,49.21564,84272
988,csengineer1990,12,0.01424,41487,49.22987,84272
989,dasarathirout,12,0.01424,41499,49.24411,84272
990,douglaswainer,12,0.01424,41511,49.25835,84272
991,duke-bartholomew,12,0.01424,41523,49.27259,84272
992,dyyfk,12,0.01424,41535,49.28683,84272
993,egomezbpedro,12,0.01424,41547,49.30107,84272
994,Elentary,12,0.01424,41559,49.31531,84272
995,EnnnOK,12,0.01424,41571,49.32955,84272
996,erikbledsoe,12,0.01424,41583,49.34379,84272
997,FredrikAugust,12,0.01424,41595,49.35803,84272
998,freshgeek,12,0.01424,41607,49.37227,84272
999,ganhammar,12,0.01424,41619,49.38651,84272
1000,gaurab-khanal,12,0.01424,41631,49.40075,84272
1001,Guitarkalle,12,0.01424,41643,49.41499,84272
1002,gznznzjsn,12,0.01424,41655,49.42923,84272
1003,HGZ-20,12,0.01424,41667,49.44347,84272
1004,iamRabia-N,12,0.01424,41679,49.45771,84272
1005,ibice,12,0.01424,41691,49.47195,84272
1006,iPraveenParihar,12,0.01424,41703,49.48619,84272
1007,jdlubrano,12,0.01424,41715,49.50043,84272
1008,jmilic1,12,0.01424,41727,49.51467,84272
1009,jmoghisi,12,0.01424,41739,49.52891,84272
1010,joeloplot,12,0.01424,41751,49.54315,84272
1011,johnlcox,12,0.01424,41763,49.55739,84272
1012,jriyyya,12,0.01424,41775,49.57163,84272
1013,JSCorpo,12,0.01424,41787,49.58586,84272
1014,jsheetzmt,12,0.01424,41799,49.60010,84272
1015,jsong336,12,0.01424,41811,49.61434,84272
1016,kbujanecki-dt,12,0.01424,41823,49.62858,84272
1017,Kimi450,12,0.01424,41835,49.64282,84272
1018,kkonnov,12,0.01424,41847,49.65706,84272
1019,krissell,12,0.01424,41859,49.67130,84272
1020,Kriys94,12,0.01424,41871,49.68554,84272
1021,kyle-ntx,12,0.01424,41883,49.69978,84272
1022,lemontrees123,12,0.01424,41895,49.71402,84272
1023,lpcalisi,12,0.01424,41907,49.72826,84272
1024,m-amaresh,12,0.01424,41919,49.74250,84272
1025,mattmalec,12,0.01424,41931,49.75674,84272
1026,MikeTangoEcho,12,0.01424,41943,49.77098,84272
1027,mohitpalsingh,12,0.01424,41955,49.78522,84272
1028,mslapek,12,0.01424,41967,49.79946,84272
1029,mukeshkuiry,12,0.01424,41979,49.81370,84272
1030,Nico385412,12,0.01424,41991,49.82794,84272
1031,nikolai-ivanisenko,12,0.01424,42003,49.84218,84272
1032,nmanthena18,12,0.01424,42015,49.85642,84272
1033,PiyushRaj927,12,0.01424,42027,49.87066,84272
1034,pjconnol,12,0.01424,42039,49.88490,84272
1035,porscheme,12,0.01424,42051,49.89914,84272
1036,Poulpatine,12,0.01424,42063,49.91338,84272
1037,Preshh0,12,0.01424,42075,49.92762,84272
1038,priyanshu-kun,12,0.01424,42087,49.94185,84272
1039,prkshayush,12,0.01424,42099,49.95609,84272
1040,PurviChaurasia,12,0.01424,42111,49.97033,84272
1041,qudtjs0753,12,0.01424,42123,49.98457,84272
1042,rao-hassan-1,12,0.01424,42135,49.99881,84272
1043,schmalzs,12,0.01424,42147,50.01305,84272
1044,sephethus,12,0.01424,42159,50.02729,84272
1045,shashanksjSSJ,12,0.01424,42171,50.04153,84272
1046,shirabendor-quali,12,0.01424,42183,50.05577,84272
1047,SilverSilence,12,0.01424,42195,50.07001,84272
1048,stleerh,12,0.01424,42207,50.08425,84272
1049,subhashmk,12,0.01424,42219,50.09849,84272
1050,Subhasish5,12,0.01424,42231,50.11273,84272
1051,suganyas,12,0.01424,42243,50.12697,84272
1052,sviscaino,12,0.01424,42255,50.14121,84272
1053,talhakhan119,12,0.01424,42267,50.15545,84272
1054,tarun8718,12,0.01424,42279,50.16969,84272
1055,toastwaffle,12,0.01424,42291,50.18393,84272
1056,tyxubaoying,12,0.01424,42303,50.19817,84272
1057,tzssangglass,12,0.01424,42315,50.21241,84272
1058,Vaibhav-Nazare,12,0.01424,42327,50.22665,84272
1059,valentinacala,12,0.01424,42339,50.24089,84272
1060,vanny96,12,0.01424,42351,50.25513,84272
1061,VasuDevrani,12,0.01424,42363,50.26937,84272
1062,vigneshrockfort,12,0.01424,42375,50.28361,84272
1063,viktoriussuwandi,12,0.01424,42387,50.29785,84272
1064,Wal8800,12,0.01424,42399,50.31208,84272
1065,wujunyi792,12,0.01424,42411,50.32632,84272
1066,Xeonacid,12,0.01424,42423,50.34056,84272
1067,yizhengx,12,0.01424,42435,50.35480,84272
1068,yyzhou0811,12,0.01424,42447,50.36904,84272
1069,219980,11,0.01305,42458,50.38210,84272
1070,abubaker417,11,0.01305,42469,50.39515,84272
1071,AditiTripathi29,11,0.01305,42480,50.40820,84272
1072,adnanhashmi09,11,0.01305,42491,50.42125,84272
1073,alex-souslik-hs,11,0.01305,42502,50.43431,84272
1074,AlisonB319,11,0.01305,42513,50.44736,84272
1075,alvin-7,11,0.01305,42524,50.46041,84272
1076,Amir-Wollman,11,0.01305,42535,50.47347,84272
1077,anhpnv,11,0.01305,42546,50.48652,84272
1078,anshuhtwt,11,0.01305,42557,50.49957,84272
1079,anthares101,11,0.01305,42568,50.51263,84272
1080,Anu-MT,11,0.01305,42579,50.52568,84272
1081,ArjunDandagi,11,0.01305,42590,50.53873,84272
1082,Asad811-web,11,0.01305,42601,50.55178,84272
1083,bashi8128,11,0.01305,42612,50.56484,84272
1084,b-erdem,11,0.01305,42623,50.57789,84272
1085,bhuism,11,0.01305,42634,50.59094,84272
1086,Capncavedan,11,0.01305,42645,50.60400,84272
1087,chenyuheng,11,0.01305,42656,50.61705,84272
1088,cld0815,11,0.01305,42667,50.63010,84272
1089,coleenquadros,11,0.01305,42678,50.64316,84272
1090,comtalyst,11,0.01305,42689,50.65621,84272
1091,cruvie,11,0.01305,42700,50.66926,84272
1092,dabmajor,11,0.01305,42711,50.68231,84272
1093,davidh-cyberark,11,0.01305,42722,50.69537,84272
1094,dewijones92,11,0.01305,42733,50.70842,84272
1095,dfl-aeb,11,0.01305,42744,50.72147,84272
1096,dhruvCW,11,0.01305,42755,50.73453,84272
1097,dima-bzz,11,0.01305,42766,50.74758,84272
1098,DimkaGorhover,11,0.01305,42777,50.76063,84272
1099,drbrain,11,0.01305,42788,50.77369,84272
1100,emmanuel-ferdman,11,0.01305,42799,50.78674,84272
1101,FangKee,11,0.01305,42810,50.79979,84272
1102,fuxiaoting,11,0.01305,42821,50.81284,84272
1103,Gala-R,11,0.01305,42832,50.82590,84272
1104,gamerslouis,11,0.01305,42843,50.83895,84272
1105,Gautam-04,11,0.01305,42854,50.85200,84272
1106,gebbing12,11,0.01305,42865,50.86506,84272
1107,GTwhy,11,0.01305,42876,50.87811,84272
1108,hritikch24,11,0.01305,42887,50.89116,84272
1109,huangyonghome,11,0.01305,42898,50.90421,84272
1110,HZHgagaga,11,0.01305,42909,50.91727,84272
1111,IamEarlJohn,11,0.01305,42920,50.93032,84272
1112,Inbaraj-S,11,0.01305,42931,50.94337,84272
1113,Interaze,11,0.01305,42942,50.95643,84272
1114,iraj720,11,0.01305,42953,50.96948,84272
1115,jaime-pineiro-imatia,11,0.01305,42964,50.98253,84272
1116,jamshidi799,11,0.01305,42975,50.99559,84272
1117,JayKay24,11,0.01305,42986,51.00864,84272
1118,kelpliu,11,0.01305,42997,51.02169,84272
1119,Kevin-Usadadiya,11,0.01305,43008,51.03474,84272
1120,Kreestyan,11,0.01305,43019,51.04780,84272
1121,LeMyst,11,0.01305,43030,51.06085,84272
1122,lhintzsc,11,0.01305,43041,51.07390,84272
1123,lichao127,11,0.01305,43052,51.08696,84272
1124,lobocode,11,0.01305,43063,51.10001,84272
1125,malaviya-parth,11,0.01305,43074,51.11306,84272
1126,matan-legit,11,0.01305,43085,51.12612,84272
1127,matthewdfleming,11,0.01305,43096,51.13917,84272
1128,mcalman,11,0.01305,43107,51.15222,84272
1129,mindgamer,11,0.01305,43118,51.16527,84272
1130,mlavi,11,0.01305,43129,51.17833,84272
1131,MorningSunKing,11,0.01305,43140,51.19138,84272
1132,mshatkhin23,11,0.01305,43151,51.20443,84272
1133,nachogiljaldo,11,0.01305,43162,51.21749,84272
1134,naser-ayat,11,0.01305,43173,51.23054,84272
1135,nerstak,11,0.01305,43184,51.24359,84272
1136,Nickmman,11,0.01305,43195,51.25665,84272
1137,nieguanhua,11,0.01305,43206,51.26970,84272
1138,Nish60220110anth,11,0.01305,43217,51.28275,84272
1139,NJU201220184,11,0.01305,43228,51.29580,84272
1140,nvuillam,11,0.01305,43239,51.30886,84272
1141,oneofthemany,11,0.01305,43250,51.32191,84272
1142,online01993,11,0.01305,43261,51.33496,84272
1143,oscgu,11,0.01305,43272,51.34802,84272
1144,palfonsoilluscio,11,0.01305,43283,51.36107,84272
1145,patrick-tavares,11,0.01305,43294,51.37412,84272
1146,pguerin3,11,0.01305,43305,51.38717,84272
1147,pheianox,11,0.01305,43316,51.40023,84272
1148,PhracturedBlue,11,0.01305,43327,51.41328,84272
1149,Pranjal7852,11,0.01305,43338,51.42633,84272
1150,quinoant,11,0.01305,43349,51.43939,84272
1151,rrschulze,11,0.01305,43360,51.45244,84272
1152,sarincasm,11,0.01305,43371,51.46549,84272
1153,sarkar-deb,11,0.01305,43382,51.47855,84272
1154,scaugrated,11,0.01305,43393,51.49160,84272
1155,ShailikaS,11,0.01305,43404,51.50465,84272
1156,shankar4322,11,0.01305,43415,51.51770,84272
1157,shizhibo2016,11,0.01305,43426,51.53076,84272
1158,SumantxD,11,0.01305,43437,51.54381,84272
1159,SVKREP,11,0.01305,43448,51.55686,84272
1160,Swapnil-2502,11,0.01305,43459,51.56992,84272
1161,TDtianzhenjiu,11,0.01305,43470,51.58297,84272
1162,technillogue,11,0.01305,43481,51.59602,84272
1163,ThomaswellY,11,0.01305,43492,51.60908,84272
1164,tomsoftware,11,0.01305,43503,51.62213,84272
1165,toralf,11,0.01305,43514,51.63518,84272
1166,tzfun,11,0.01305,43525,51.64823,84272
1167,ugurmendi,11,0.01305,43536,51.66129,84272
1168,vedant-jain03,11,0.01305,43547,51.67434,84272
1169,vinimdocarmo,11,0.01305,43558,51.68739,84272
1170,vinylen,11,0.01305,43569,51.70045,84272
1171,VishwaRaval247,11,0.01305,43580,51.71350,84272
1172,vkatabat,11,0.01305,43591,51.72655,84272
1173,VSatwika,11,0.01305,43602,51.73961,84272
1174,wallee94,11,0.01305,43613,51.75266,84272
1175,wForget,11,0.01305,43624,51.76571,84272
1176,win5923,11,0.01305,43635,51.77876,84272
1177,wyuany,11,0.01305,43646,51.79182,84272
1178,xiabo2011,11,0.01305,43657,51.80487,84272
1179,xiaor2,11,0.01305,43668,51.81792,84272
1180,xogoodnow,11,0.01305,43679,51.83098,84272
1181,xwm1992,11,0.01305,43690,51.84403,84272
1182,yellowpattern,11,0.01305,43701,51.85708,84272
1183,Ykumar1415,11,0.01305,43712,51.87013,84272
1184,YuSitong1999,11,0.01305,43723,51.88319,84272
1185,0x-chaitu,10,0.01187,43733,51.89505,84272
1186,7h3-3mp7y-m4n,10,0.01187,43743,51.90692,84272
1187,adam-bloom,10,0.01187,43753,51.91879,84272
1188,adwait-godbole,10,0.01187,43763,51.93065,84272
1189,Ananya2003Gupta,10,0.01187,43773,51.94252,84272
1190,Archu-SM,10,0.01187,43783,51.95439,84272
1191,ariel-snyk,10,0.01187,43793,51.96625,84272
1192,asiisc,10,0.01187,43803,51.97812,84272
1193,askpt,10,0.01187,43813,51.98998,84272
1194,atanasdinov,10,0.01187,43823,52.00185,84272
1195,avijitsarkar123,10,0.01187,43833,52.01372,84272
1196,ballensans,10,0.01187,43843,52.02558,84272
1197,barby1138,10,0.01187,43853,52.03745,84272
1198,bhagya-98,10,0.01187,43863,52.04932,84272
1199,BharathKumarRavichandran,10,0.01187,43873,52.06118,84272
1200,Biancakalutor,10,0.01187,43883,52.07305,84272
1201,bmartins-unit,10,0.01187,43893,52.08492,84272
1202,bolandoboy,10,0.01187,43903,52.09678,84272
1203,BrushXiaoMinGuo,10,0.01187,43913,52.10865,84272
1204,c2zwdjnlcg,10,0.01187,43923,52.12051,84272
1205,Caleb-Hurshman,10,0.01187,43933,52.13238,84272
1206,calikonur,10,0.01187,43943,52.14425,84272
1207,chchaffin,10,0.01187,43953,52.15611,84272
1208,chds13,10,0.01187,43963,52.16798,84272
1209,cheatguy,10,0.01187,43973,52.17985,84272
1210,chenyang8094,10,0.01187,43983,52.19171,84272
1211,cheshirskycode,10,0.01187,43993,52.20358,84272
1212,ChrisMusgrove,10,0.01187,44003,52.21545,84272
1213,claudiobastos,10,0.01187,44013,52.22731,84272
1214,comminutus,10,0.01187,44023,52.23918,84272
1215,CZYCW,10,0.01187,44033,52.25104,84272
1216,DaGenix,10,0.01187,44043,52.26291,84272
1217,daoweili,10,0.01187,44053,52.27478,84272
1218,DavidIsa,10,0.01187,44063,52.28664,84272
1219,DeltaFox0018,10,0.01187,44073,52.29851,84272
1220,DewaldtKleinhans,10,0.01187,44083,52.31038,84272
1221,ding1992,10,0.01187,44093,52.32224,84272
1222,dingzhipeng2019,10,0.01187,44103,52.33411,84272
1223,dlahn,10,0.01187,44113,52.34597,84272
1224,Dnomyar,10,0.01187,44123,52.35784,84272
1225,doffi88,10,0.01187,44133,52.36971,84272
1226,d-wierdsma,10,0.01187,44143,52.38157,84272
1227,dzervas,10,0.01187,44153,52.39344,84272
1228,fdeantoni,10,0.01187,44163,52.40531,84272
1229,federicobarera,10,0.01187,44173,52.41717,84272
1230,gowthamshankar99,10,0.01187,44183,52.42904,84272
1231,gravops,10,0.01187,44193,52.44091,84272
1232,haima95,10,0.01187,44203,52.45277,84272
1233,harshsingh32,10,0.01187,44213,52.46464,84272
1234,HighnessAtharva,10,0.01187,44223,52.47650,84272
1235,Hii-Arpit,10,0.01187,44233,52.48837,84272
1236,isZams,10,0.01187,44243,52.50024,84272
1237,ivgotcrazy,10,0.01187,44253,52.51210,84272
1238,Izzette,10,0.01187,44263,52.52397,84272
1239,Jaguar-Kwok,10,0.01187,44273,52.53584,84272
1240,javedsha,10,0.01187,44283,52.54770,84272
1241,jghelto,10,0.01187,44293,52.55957,84272
1242,Jip-Hop,10,0.01187,44303,52.57144,84272
1243,jjyaoao,10,0.01187,44313,52.58330,84272
1244,jkossis,10,0.01187,44323,52.59517,84272
1245,joeypiccola,10,0.01187,44333,52.60703,84272
1246,jordipiqueselles,10,0.01187,44343,52.61890,84272
1247,jorgeancal,10,0.01187,44353,52.63077,84272
1248,kangteng525,10,0.01187,44363,52.64263,84272
1249,karanadep-dexcom,10,0.01187,44373,52.65450,84272
1250,Kartikey-Mishra1,10,0.01187,44383,52.66637,84272
1251,kasir-barati,10,0.01187,44393,52.67823,84272
1252,krizsan,10,0.01187,44403,52.69010,84272
1253,liu-jianyang,10,0.01187,44413,52.70197,84272
1254,liu-xg,10,0.01187,44423,52.71383,84272
1255,long1318737396,10,0.01187,44433,52.72570,84272
1256,makarov-roman,10,0.01187,44443,52.73756,84272
1257,mark-summerfield,10,0.01187,44453,52.74943,84272
1258,martinrw,10,0.01187,44463,52.76130,84272
1259,matteobisi,10,0.01187,44473,52.77316,84272
1260,m-bull,10,0.01187,44483,52.78503,84272
1261,mesaglio,10,0.01187,44493,52.79690,84272
1262,mharrah,10,0.01187,44503,52.80876,84272
1263,mikelam-us,10,0.01187,44513,52.82063,84272
1264,mikeseese,10,0.01187,44523,52.83249,84272
1265,mingmcb,10,0.01187,44533,52.84436,84272
1266,mosakashaka,10,0.01187,44543,52.85623,84272
1267,mostafahanafi,10,0.01187,44553,52.86809,84272
1268,mpurusottamc,10,0.01187,44563,52.87996,84272
1269,MrPibody7,10,0.01187,44573,52.89183,84272
1270,msaggar,10,0.01187,44583,52.90369,84272
1271,NADESHIKON,10,0.01187,44593,52.91556,84272
1272,nalkilimdim,10,0.01187,44603,52.92743,84272
1273,nanjingfm,10,0.01187,44613,52.93929,84272
1274,ncecsc,10,0.01187,44623,52.95116,84272
1275,Neelamnaidu,10,0.01187,44633,52.96302,84272
1276,nischay30,10,0.01187,44643,52.97489,84272
1277,patrizio-bassi,10,0.01187,44653,52.98676,84272
1278,pmeyer34,10,0.01187,44663,52.99862,84272
1279,poojabch,10,0.01187,44673,53.01049,84272
1280,prabhashj07,10,0.01187,44683,53.02236,84272
1281,prajak002,10,0.01187,44693,53.03422,84272
1282,priyanshuchaudhary53,10,0.01187,44703,53.04609,84272
1283,Pvv7707,10,0.01187,44713,53.05796,84272
1284,pyjads,10,0.01187,44723,53.06982,84272
1285,qsliao,10,0.01187,44733,53.08169,84272
1286,RadekManak,10,0.01187,44743,53.09355,84272
1287,rajat315315,10,0.01187,44753,53.10542,84272
1288,RavindraP04,10,0.01187,44763,53.11729,84272
1289,renxunsaky,10,0.01187,44773,53.12915,84272
1290,resham7,10,0.01187,44783,53.14102,84272
1291,robertodalmonte,10,0.01187,44793,53.15289,84272
1292,rohits-splunk,10,0.01187,44803,53.16475,84272
1293,salmanyam,10,0.01187,44813,53.17662,84272
1294,SamerJ,10,0.01187,44823,53.18848,84272
1295,sbocahu,10,0.01187,44833,53.20035,84272
1296,sdmanojsahu,10,0.01187,44843,53.21222,84272
1297,sharkeyl,10,0.01187,44853,53.22408,84272
1298,shekhar-chauhan,10,0.01187,44863,53.23595,84272
1299,sid-008,10,0.01187,44873,53.24782,84272
1300,siddharth25pandey,10,0.01187,44883,53.25968,84272
1301,siketyan,10,0.01187,44893,53.27155,84272
1302,SimardeepSingh1450,10,0.01187,44903,53.28342,84272
1303,sombat-cha,10,0.01187,44913,53.29528,84272
1304,spedersen-emailage,10,0.01187,44923,53.30715,84272
1305,stonebrakert6,10,0.01187,44933,53.31901,84272
1306,subhranil05,10,0.01187,44943,53.33088,84272
1307,tarraschk,10,0.01187,44953,53.34275,84272
1308,Tejaswini5327,10,0.01187,44963,53.35461,84272
1309,thetric,10,0.01187,44973,53.36648,84272
1310,timebug,10,0.01187,44983,53.37835,84272
1311,tommas1988,10,0.01187,44993,53.39021,84272
1312,TorchTheo,10,0.01187,45003,53.40208,84272
1313,Vadman97,10,0.01187,45013,53.41395,84272
1314,valen-mascarenhas14,10,0.01187,45023,53.42581,84272
1315,vickeybrown,10,0.01187,45033,53.43768,84272
1316,VinceGall,10,0.01187,45043,53.44954,84272
1317,vincent-vinf,10,0.01187,45053,53.46141,84272
1318,VincentYuan-hub,10,0.01187,45063,53.47328,84272
1319,vinnie-jog-on,10,0.01187,45073,53.48514,84272
1320,wangyanphp,10,0.01187,45083,53.49701,84272
1321,WaywardWizard,10,0.01187,45093,53.50888,84272
1322,wjhhuizi,10,0.01187,45103,53.52074,84272
1323,wwn0594,10,0.01187,45113,53.53261,84272
1324,wyoung1,10,0.01187,45123,53.54448,84272
1325,xiongchun,10,0.01187,45133,53.55634,84272
1326,yaoxin1995,10,0.01187,45143,53.56821,84272
1327,ypetrych,10,0.01187,45153,53.58007,84272
1328,ZackSoul,10,0.01187,45163,53.59194,84272
1329,zhiyuanGH,10,0.01187,45173,53.60381,84272
1330,zwskymoon,10,0.01187,45183,53.61567,84272
1331,zwtcici,10,0.01187,45193,53.62754,84272
1332,abacusv81,9,0.01068,45202,53.63822,84272
1333,achaurasiaConfluent,9,0.01068,45211,53.64890,84272
1334,albertpx,9,0.01068,45220,53.65958,84272
1335,alex1704,9,0.01068,45229,53.67026,84272
1336,andrewjamesbrown,9,0.01068,45238,53.68094,84272
1337,andrewwdye,9,0.01068,45247,53.69162,84272
1338,ATREAY,9,0.01068,45256,53.70230,84272
1339,atul-devopswarriors,9,0.01068,45265,53.71298,84272
1340,aximusnl,9,0.01068,45274,53.72366,84272
1341,benlsheets,9,0.01068,45283,53.73434,84272
1342,Bhanuteja01,9,0.01068,45292,53.74502,84272
1343,bianyifan,9,0.01068,45301,53.75570,84272
1344,bitcoinfinancier,9,0.01068,45310,53.76638,84272
1345,blaizmannen,9,0.01068,45319,53.77706,84272
1346,BorisKofman,9,0.01068,45328,53.78773,84272
1347,brettimus,9,0.01068,45337,53.79841,84272
1348,Bubbleioa,9,0.01068,45346,53.80909,84272
1349,catkkt,9,0.01068,45355,53.81977,84272
1350,chenliyo99,9,0.01068,45364,53.83045,84272
1351,cheungsuifai,9,0.01068,45373,53.84113,84272
1352,chihshenghuang,9,0.01068,45382,53.85181,84272
1353,chjie1230,9,0.01068,45391,53.86249,84272
1354,chl178,9,0.01068,45400,53.87317,84272
1355,ChrisPorterDevEx,9,0.01068,45409,53.88385,84272
1356,christopheroconnell,9,0.01068,45418,53.89453,84272
1357,clmccarthy5,9,0.01068,45427,53.90521,84272
1358,clywm520,9,0.01068,45436,53.91589,84272
1359,cschleiden,9,0.01068,45445,53.92657,84272
1360,cvoica,9,0.01068,45454,53.93725,84272
1361,czm23333,9,0.01068,45463,53.94793,84272
1362,DAMACANER,9,0.01068,45472,53.95861,84272
1363,daniel-brannon,9,0.01068,45481,53.96929,84272
1364,darkliquid,9,0.01068,45490,53.97997,84272
1365,David9902,9,0.01068,45499,53.99065,84272
1366,DawtDawt,9,0.01068,45508,54.00133,84272
1367,donghoang89,9,0.01068,45517,54.01201,84272
1368,donghy-coredumped,9,0.01068,45526,54.02269,84272
1369,dreaminghk,9,0.01068,45535,54.03337,84272
1370,drssdinblck,9,0.01068,45544,54.04405,84272
1371,dxygit1,9,0.01068,45553,54.05473,84272
1372,dyatlov,9,0.01068,45562,54.06541,84272
1373,Eayne,9,0.01068,45571,54.07609,84272
1374,ehalsey,9,0.01068,45580,54.08677,84272
1375,ejba,9,0.01068,45589,54.09745,84272
1376,Ellioben,9,0.01068,45598,54.10813,84272
1377,enteraga6,9,0.01068,45607,54.11881,84272
1378,Fenkiou,9,0.01068,45616,54.12949,84272
1379,Gauravjadhav22,9,0.01068,45625,54.14017,84272
1380,GeorgiYosifov,9,0.01068,45634,54.15084,84272
1381,ggmoy,9,0.01068,45643,54.16152,84272
1382,giubacc,9,0.01068,45652,54.17220,84272
1383,gonzalovazquez,9,0.01068,45661,54.18288,84272
1384,gopuman,9,0.01068,45670,54.19356,84272
1385,gracegrimwood,9,0.01068,45679,54.20424,84272
1386,GrantBirki,9,0.01068,45688,54.21492,84272
1387,Guesch,9,0.01068,45697,54.22560,84272
1388,guoyanwen19740606,9,0.01068,45706,54.23628,84272
1389,haakonnessjoen,9,0.01068,45715,54.24696,84272
1390,haleyao,9,0.01068,45724,54.25764,84272
1391,HANXP-1,9,0.01068,45733,54.26832,84272
1392,harsh020,9,0.01068,45742,54.27900,84272
1393,hhttss999,9,0.01068,45751,54.28968,84272
1394,hu6360567,9,0.01068,45760,54.30036,84272
1395,iceman2077,9,0.01068,45769,54.31104,84272
1396,iiiuwioajdks,9,0.01068,45778,54.32172,84272
1397,ilewin,9,0.01068,45787,54.33240,84272
1398,ilya-kochetkov-cko,9,0.01068,45796,54.34308,84272
1399,ishashankmittal,9,0.01068,45805,54.35376,84272
1400,jamescrosswell,9,0.01068,45814,54.36444,84272
1401,jason9015,9,0.01068,45823,54.37512,84272
1402,jbruce-nex,9,0.01068,45832,54.38580,84272
1403,jhyuzhijian,9,0.01068,45841,54.39648,84272
1404,joel-s,9,0.01068,45850,54.40716,84272
1405,joonvena,9,0.01068,45859,54.41784,84272
1406,joshboye,9,0.01068,45868,54.42852,84272
1407,kadhamecha-conga,9,0.01068,45877,54.43920,84272
1408,KamJohn,9,0.01068,45886,54.44988,84272
1409,kennykarnama,9,0.01068,45895,54.46056,84272
1410,khituras,9,0.01068,45904,54.47124,84272
1411,kiratsingh98,9,0.01068,45913,54.48192,84272
1412,kostyaLem,9,0.01068,45922,54.49260,84272
1413,KyalSmith,9,0.01068,45931,54.50328,84272
1414,lagunary,9,0.01068,45940,54.51395,84272
1415,Lai-Kenny,9,0.01068,45949,54.52463,84272
1416,lata-11,9,0.01068,45958,54.53531,84272
1417,LilDrunkenSmurf,9,0.01068,45967,54.54599,84272
1418,Lima118,9,0.01068,45976,54.55667,84272
1419,ljosyula,9,0.01068,45985,54.56735,84272
1420,lszxyz,9,0.01068,45994,54.57803,84272
1421,luxinyi0105,9,0.01068,46003,54.58871,84272
1422,macbash,9,0.01068,46012,54.59939,84272
1423,madufresneelastic,9,0.01068,46021,54.61007,84272
1424,madyarini,9,0.01068,46030,54.62075,84272
1425,maksimstankevic,9,0.01068,46039,54.63143,84272
1426,manaspal2,9,0.01068,46048,54.64211,84272
1427,manish-annappa,9,0.01068,46057,54.65279,84272
1428,manojdeshmukh45,9,0.01068,46066,54.66347,84272
1429,marthinal,9,0.01068,46075,54.67415,84272
1430,masterghost2002,9,0.01068,46084,54.68483,84272
1431,mathpl,9,0.01068,46093,54.69551,84272
1432,MatteoRigoni,9,0.01068,46102,54.70619,84272
1433,mehmetmgrsl,9,0.01068,46111,54.71687,84272
1434,mensfeld,9,0.01068,46120,54.72755,84272
1435,middaywords,9,0.01068,46129,54.73823,84272
1436,mihaiandreiratoiu,9,0.01068,46138,54.74891,84272
1437,mihrab34,9,0.01068,46147,54.75959,84272
1438,mkekeberg,9,0.01068,46156,54.77027,84272
1439,monoviolento,9,0.01068,46165,54.78095,84272
1440,mrT23,9,0.01068,46174,54.79163,84272
1441,Mufengzhe,9,0.01068,46183,54.80231,84272
1442,mugambika,9,0.01068,46192,54.81299,84272
1443,NightLightTw,9,0.01068,46201,54.82367,84272
1444,Nikhil52254,9,0.01068,46210,54.83435,84272
1445,nishant-parekh,9,0.01068,46219,54.84503,84272
1446,NoOverflow,9,0.01068,46228,54.85571,84272
1447,olinux-dev,9,0.01068,46237,54.86639,84272
1448,panchal20bhavin,9,0.01068,46246,54.87706,84272
1449,poneding,9,0.01068,46255,54.88774,84272
1450,pramodsultane,9,0.01068,46264,54.89842,84272
1451,ProbstDJakob,9,0.01068,46273,54.90910,84272
1452,R011y,9,0.01068,46282,54.91978,84272
1453,rachelwaldon,9,0.01068,46291,54.93046,84272
1454,Rajan-226,9,0.01068,46300,54.94114,84272
1455,Ramkumar-K,9,0.01068,46309,54.95182,84272
1456,randychilau,9,0.01068,46318,54.96250,84272
1457,raulgupto,9,0.01068,46327,54.97318,84272
1458,ReddyArunreddy,9,0.01068,46336,54.98386,84272
1459,richnwilson,9,0.01068,46345,54.99454,84272
1460,rituisboy,9,0.01068,46354,55.00522,84272
1461,Rituraj-13,9,0.01068,46363,55.01590,84272
1462,rj2704,9,0.01068,46372,55.02658,84272
1463,rossignolloic,9,0.01068,46381,55.03726,84272
1464,rubendevgo,9,0.01068,46390,55.04794,84272
1465,SajjanYadav,9,0.01068,46399,55.05862,84272
1466,samanthadrago,9,0.01068,46408,55.06930,84272
1467,sarrourajerbi,9,0.01068,46417,55.07998,84272
1468,savion1024,9,0.01068,46426,55.09066,84272
1469,sayyedarib,9,0.01068,46435,55.10134,84272
1470,schulmanworks,9,0.01068,46444,55.11202,84272
1471,sdischer-sap,9,0.01068,46453,55.12270,84272
1472,seanblonien,9,0.01068,46462,55.13338,84272
1473,sfc-gh-jkowalski,9,0.01068,46471,55.14406,84272
1474,sgf0906ggy,9,0.01068,46480,55.15474,84272
1475,shadow0500,9,0.01068,46489,55.16542,84272
1476,shailendher,9,0.01068,46498,55.17610,84272
1477,Shane32,9,0.01068,46507,55.18678,84272
1478,shellclear,9,0.01068,46516,55.19746,84272
1479,sivasathyaseeelan,9,0.01068,46525,55.20814,84272
1480,Slawka,9,0.01068,46534,55.21882,84272
1481,Slixe,9,0.01068,46543,55.22949,84272
1482,sudosubin,9,0.01068,46552,55.24017,84272
1483,sumanusk,9,0.01068,46561,55.25085,84272
1484,teamdraftbox,9,0.01068,46570,55.26153,84272
1485,thibaultmg,9,0.01068,46579,55.27221,84272
1486,thmeitz,9,0.01068,46588,55.28289,84272
1487,thywyn,9,0.01068,46597,55.29357,84272
1488,tkyun123,9,0.01068,46606,55.30425,84272
1489,togear,9,0.01068,46615,55.31493,84272
1490,tripathysagar,9,0.01068,46624,55.32561,84272
1491,unitrade,9,0.01068,46633,55.33629,84272
1492,uzmargomez,9,0.01068,46642,55.34697,84272
1493,vaceksimon,9,0.01068,46651,55.35765,84272
1494,vbtadmin,9,0.01068,46660,55.36833,84272
1495,Ve33y,9,0.01068,46669,55.37901,84272
1496,Viveksati5143,9,0.01068,46678,55.38969,84272
1497,vkroy100,9,0.01068,46687,55.40037,84272
1498,VladislavAtanasov,9,0.01068,46696,55.41105,84272
1499,voximity,9,0.01068,46705,55.42173,84272
1500,vullakularajesh,9,0.01068,46714,55.43241,84272
1501,Vyankatesh5,9,0.01068,46723,55.44309,84272
1502,wangyongfeng5,9,0.01068,46732,55.45377,84272
1503,Wck-iipi,9,0.01068,46741,55.46445,84272
1504,whutwhu,9,0.01068,46750,55.47513,84272
1505,wlargou,9,0.01068,46759,55.48581,84272
1506,wolfdate25,9,0.01068,46768,55.49649,84272
1507,womblep,9,0.01068,46777,55.50717,84272
1508,xinyang-shopee,9,0.01068,46786,55.51785,84272
1509,XiuguangHuang,9,0.01068,46795,55.52853,84272
1510,yash7raut,9,0.01068,46804,55.53921,84272
1511,yiboyuanyuan,9,0.01068,46813,55.54989,84272
1512,zhangyang-bytedance,9,0.01068,46822,55.56057,84272
1513,zlangi,9,0.01068,46831,55.57125,84272
1514,zoobert,9,0.01068,46840,55.58193,84272
1515,ztdawang,9,0.01068,46849,55.59260,84272
1516,zyzboys,9,0.01068,46858,55.60328,84272
1517,0xEmma,8,0.00949,46866,55.61278,84272
1518,123456951,8,0.00949,46874,55.62227,84272
1519,482170765,8,0.00949,46882,55.63176,84272
1520,abhipranay,8,0.00949,46890,55.64126,84272
1521,abitduck,8,0.00949,46898,55.65075,84272
1522,aboncok,8,0.00949,46906,55.66024,84272
1523,afreyermuth98,8,0.00949,46914,55.66974,84272
1524,aholyoake-bc,8,0.00949,46922,55.67923,84272
1525,akljph,8,0.00949,46930,55.68872,84272
1526,akontsevich,8,0.00949,46938,55.69822,84272
1527,alansferreira,8,0.00949,46946,55.70771,84272
1528,AleksanderBrzozowski,8,0.00949,46954,55.71720,84272
1529,alexgeorgousis,8,0.00949,46962,55.72669,84272
1530,alexheretic,8,0.00949,46970,55.73619,84272
1531,amolbms,8,0.00949,46978,55.74568,84272
1532,anandanthony,8,0.00949,46986,55.75517,84272
1533,andrerca,8,0.00949,46994,55.76467,84272
1534,anj20,8,0.00949,47002,55.77416,84272
1535,anmolchhabra21,8,0.00949,47010,55.78365,84272
1536,AnubhavSabarwal,8,0.00949,47018,55.79315,84272
1537,artli,8,0.00949,47026,55.80264,84272
1538,AsherAroussi,8,0.00949,47034,55.81213,84272
1539,ashupednekar,8,0.00949,47042,55.82163,84272
1540,astranero,8,0.00949,47050,55.83112,84272
1541,bbccaaac,8,0.00949,47058,55.84061,84272
1542,bebosudo,8,0.00949,47066,55.85010,84272
1543,betashepherd,8,0.00949,47074,55.85960,84272
1544,bfontainha,8,0.00949,47082,55.86909,84272
1545,bhagyalakshmi1218,8,0.00949,47090,55.87858,84272
1546,Bharath-Ganesh,8,0.00949,47098,55.88808,84272
1547,BobakMariusz,8,0.00949,47106,55.89757,84272
1548,cdxvy30,8,0.00949,47114,55.90706,84272
1549,chaoscreater,8,0.00949,47122,55.91656,84272
1550,cherryFloris,8,0.00949,47130,55.92605,84272
1551,chetanatole,8,0.00949,47138,55.93554,84272
1552,chiliast123,8,0.00949,47146,55.94504,84272
1553,codesandtags,8,0.00949,47154,55.95453,84272
1554,corkupine,8,0.00949,47162,55.96402,84272
1555,corvusmod,8,0.00949,47170,55.97351,84272
1556,CPinhoK,8,0.00949,47178,55.98301,84272
1557,cybercoder,8,0.00949,47186,55.99250,84272
1558,DanielLee343,8,0.00949,47194,56.00199,84272
1559,dataselfservice,8,0.00949,47202,56.01149,84272
1560,davidjade,8,0.00949,47210,56.02098,84272
1561,davidmcote,8,0.00949,47218,56.03047,84272
1562,davidpiegza,8,0.00949,47226,56.03997,84272
1563,denil-ct,8,0.00949,47234,56.04946,84272
1564,dermasmid,8,0.00949,47242,56.05895,84272
1565,Dharshini0706,8,0.00949,47250,56.06845,84272
1566,dimonl,8,0.00949,47258,56.07794,84272
1567,dmcstravick7,8,0.00949,47266,56.08743,84272
1568,drac98,8,0.00949,47274,56.09692,84272
1569,dsaju,8,0.00949,47282,56.10642,84272
1570,dwillcocks,8,0.00949,47290,56.11591,84272
1571,EchoGroot,8,0.00949,47298,56.12540,84272
1572,edtanous,8,0.00949,47306,56.13490,84272
1573,ehmad11,8,0.00949,47314,56.14439,84272
1574,eladm-ultrawis,8,0.00949,47322,56.15388,84272
1575,EldinEgrlic,8,0.00949,47330,56.16338,84272
1576,elmazzun,8,0.00949,47338,56.17287,84272
1577,emmanuelbertho,8,0.00949,47346,56.18236,84272
1578,erineG,8,0.00949,47354,56.19185,84272
1579,erpang226,8,0.00949,47362,56.20135,84272
1580,farhan1094,8,0.00949,47370,56.21084,84272
1581,fdzuJ,8,0.00949,47378,56.22033,84272
1582,floscha,8,0.00949,47386,56.22983,84272
1583,FlyFlame,8,0.00949,47394,56.23932,84272
1584,forgocode,8,0.00949,47402,56.24881,84272
1585,Freggy,8,0.00949,47410,56.25831,84272
1586,g41797,8,0.00949,47418,56.26780,84272
1587,gaow0007,8,0.00949,47426,56.27729,84272
1588,gegejiawei,8,0.00949,47434,56.28679,84272
1589,goer3,8,0.00949,47442,56.29628,84272
1590,goncaloacbsilva,8,0.00949,47450,56.30577,84272
1591,gorbak25,8,0.00949,47458,56.31526,84272
1592,GrayWolfy,8,0.00949,47466,56.32476,84272
1593,grootsadmin,8,0.00949,47474,56.33425,84272
1594,gr-robinlevins,8,0.00949,47482,56.34374,84272
1595,haggishunk,8,0.00949,47490,56.35324,84272
1596,harperjuanl,8,0.00949,47498,56.36273,84272
1597,Harrish-Selvarajah,8,0.00949,47506,56.37222,84272
1598,harshabangi,8,0.00949,47514,56.38172,84272
1599,heijian123,8,0.00949,47522,56.39121,84272
1600,HenriqueG123,8,0.00949,47530,56.40070,84272
1601,het4399,8,0.00949,47538,56.41020,84272
1602,HHHskkk,8,0.00949,47546,56.41969,84272
1603,Hirozy,8,0.00949,47554,56.42918,84272
1604,hivp,8,0.00949,47562,56.43867,84272
1605,Horiodino,8,0.00949,47570,56.44817,84272
1606,hugzee3,8,0.00949,47578,56.45766,84272
1607,iamatifmoin,8,0.00949,47586,56.46715,84272
1608,igor-enso,8,0.00949,47594,56.47665,84272
1609,IIBenII,8,0.00949,47602,56.48614,84272
1610,Ines-Belhaj,8,0.00949,47610,56.49563,84272
1611,isredstar,8,0.00949,47618,56.50513,84272
1612,itsarraj,8,0.00949,47626,56.51462,84272
1613,ItsKev,8,0.00949,47634,56.52411,84272
1614,IzioDev,8,0.00949,47642,56.53361,84272
1615,jakewang-stripe,8,0.00949,47650,56.54310,84272
1616,Jan-E,8,0.00949,47658,56.55259,84272
1617,Jaryllan,8,0.00949,47666,56.56208,84272
1618,Jason011125,8,0.00949,47674,56.57158,84272
1619,jbiers,8,0.00949,47682,56.58107,84272
1620,jcarranzan,8,0.00949,47690,56.59056,84272
1621,jddaggett,8,0.00949,47698,56.60006,84272
1622,jeanduplessis-alt,8,0.00949,47706,56.60955,84272
1623,jeremyhager,8,0.00949,47714,56.61904,84272
1624,jevolk,8,0.00949,47722,56.62854,84272
1625,jhamfler,8,0.00949,47730,56.63803,84272
1626,jiangzhchyeah,8,0.00949,47738,56.64752,84272
1627,jihwong,8,0.00949,47746,56.65702,84272
1628,jj-kroger,8,0.00949,47754,56.66651,84272
1629,jlifts,8,0.00949,47762,56.67600,84272
1630,joysn71,8,0.00949,47770,56.68549,84272
1631,JSee98,8,0.00949,47778,56.69499,84272
1632,Juliaj,8,0.00949,47786,56.70448,84272
1633,JunPark,8,0.00949,47794,56.71397,84272
1634,jwjwjw3,8,0.00949,47802,56.72347,84272
1635,kattz-kawa,8,0.00949,47810,56.73296,84272
1636,kavishkafernando,8,0.00949,47818,56.74245,84272
1637,kemkemG0,8,0.00949,47826,56.75195,84272
1638,ketingli1,8,0.00949,47834,56.76144,84272
1639,KevinJoiner,8,0.00949,47842,56.77093,84272
1640,krzykor,8,0.00949,47850,56.78043,84272
1641,ksingh-scogo,8,0.00949,47858,56.78992,84272
1642,kwongtn,8,0.00949,47866,56.79941,84272
1643,lakshman-au,8,0.00949,47874,56.80890,84272
1644,lbailleul,8,0.00949,47882,56.81840,84272
1645,lh-199827,8,0.00949,47890,56.82789,84272
1646,llamafilm,8,0.00949,47898,56.83738,84272
1647,lukasz-braula-sollers-eu,8,0.00949,47906,56.84688,84272
1648,luohaha3123,8,0.00949,47914,56.85637,84272
1649,lu-xiaoshuang,8,0.00949,47922,56.86586,84272
1650,lytos666,8,0.00949,47930,56.87536,84272
1651,machsfux,8,0.00949,47938,56.88485,84272
1652,m-adawi,8,0.00949,47946,56.89434,84272
1653,magniv1,8,0.00949,47954,56.90384,84272
1654,Manthan1313Github,8,0.00949,47962,56.91333,84272
1655,Markerer,8,0.00949,47970,56.92282,84272
1656,matthewbrumpton,8,0.00949,47978,56.93231,84272
1657,mbehrisch,8,0.00949,47986,56.94181,84272
1658,melnikovio,8,0.00949,47994,56.95130,84272
1659,merlimat,8,0.00949,48002,56.96079,84272
1660,MightyRaymond,8,0.00949,48010,56.97029,84272
1661,mikenrowland,8,0.00949,48018,56.97978,84272
1662,mike-pisman,8,0.00949,48026,56.98927,84272
1663,mktga,8,0.00949,48034,56.99877,84272
1664,MohitMehta1986,8,0.00949,48042,57.00826,84272
1665,Moisi,8,0.00949,48050,57.01775,84272
1666,moqimoqidea,8,0.00949,48058,57.02725,84272
1667,morningstart-liu,8,0.00949,48066,57.03674,84272
1668,morrowc,8,0.00949,48074,57.04623,84272
1669,mPyKen,8,0.00949,48082,57.05572,84272
1670,muhammetozekli,8,0.00949,48090,57.06522,84272
1671,Murali-Cloudbridge,8,0.00949,48098,57.07471,84272
1672,mydea,8,0.00949,48106,57.08420,84272
1673,ngnpope,8,0.00949,48114,57.09370,84272
1674,nilofe,8,0.00949,48122,57.10319,84272
1675,norseto,8,0.00949,48130,57.11268,84272
1676,ntnguyencse,8,0.00949,48138,57.12218,84272
1677,nwinstel-insight,8,0.00949,48146,57.13167,84272
1678,omric-runai,8,0.00949,48154,57.14116,84272
1679,onfla11,8,0.00949,48162,57.15066,84272
1680,orion6dev,8,0.00949,48170,57.16015,84272
1681,oxeye-gal,8,0.00949,48178,57.16964,84272
1682,pamav,8,0.00949,48186,57.17913,84272
1683,pandeyankur1324,8,0.00949,48194,57.18863,84272
1684,Pavaningithub,8,0.00949,48202,57.19812,84272
1685,Pawka,8,0.00949,48210,57.20761,84272
1686,pedrovgp,8,0.00949,48218,57.21711,84272
1687,peterlyoo,8,0.00949,48226,57.22660,84272
1688,piotrwrotniak,8,0.00949,48234,57.23609,84272
1689,PJSFL,8,0.00949,48242,57.24559,84272
1690,poponealex,8,0.00949,48250,57.25508,84272
1691,Pospelove,8,0.00949,48258,57.26457,84272
1692,Protryon,8,0.00949,48266,57.27406,84272
1693,psandeep09,8,0.00949,48274,57.28356,84272
1694,qvalentin,8,0.00949,48282,57.29305,84272
1695,r65535,8,0.00949,48290,57.30254,84272
1696,RachelAmbler,8,0.00949,48298,57.31204,84272
1697,rahul-shiv,8,0.00949,48306,57.32153,84272
1698,rajasree1993,8,0.00949,48314,57.33102,84272
1699,ramachandranravi,8,0.00949,48322,57.34052,84272
1700,ravar17,8,0.00949,48330,57.35001,84272
1701,rbpdt,8,0.00949,48338,57.35950,84272
1702,rekha-prakash-maersk,8,0.00949,48346,57.36900,84272
1703,robin-coac,8,0.00949,48354,57.37849,84272
1704,rogeryuchao,8,0.00949,48362,57.38798,84272
1705,Roguito,8,0.00949,48370,57.39747,84272
1706,Rosyya,8,0.00949,48378,57.40697,84272
1707,RWDai,8,0.00949,48386,57.41646,84272
1708,ryansxy,8,0.00949,48394,57.42595,84272
1709,ryshoooo,8,0.00949,48402,57.43545,84272
1710,sadath-12,8,0.00949,48410,57.44494,84272
1711,sambhav2411,8,0.00949,48418,57.45443,84272
1712,sam-germany,8,0.00949,48426,57.46393,84272
1713,sam-heilbron,8,0.00949,48434,57.47342,84272
1714,santhoshivan23,8,0.00949,48442,57.48291,84272
1715,Satyxm,8,0.00949,48450,57.49241,84272
1716,sauravmndl,8,0.00949,48458,57.50190,84272
1717,sca-ai,8,0.00949,48466,57.51139,84272
1718,sebastian-qm,8,0.00949,48474,57.52088,84272
1719,sgowroji,8,0.00949,48482,57.53038,84272
1720,shadowofmoo,8,0.00949,48490,57.53987,84272
1721,shashankiitbhu,8,0.00949,48498,57.54936,84272
1722,Shawn1874,8,0.00949,48506,57.55886,84272
1723,shivamgupta211-fx,8,0.00949,48514,57.56835,84272
1724,shivangnayar-crypto,8,0.00949,48522,57.57784,84272
1725,siddharthsingh025,8,0.00949,48530,57.58734,84272
1726,SimulShift,8,0.00949,48538,57.59683,84272
1727,SKosier,8,0.00949,48546,57.60632,84272
1728,skyikho,8,0.00949,48554,57.61582,84272
1729,SML0127,8,0.00949,48562,57.62531,84272
1730,so2bin,8,0.00949,48570,57.63480,84272
1731,Songjf-ttk,8,0.00949,48578,57.64429,84272
1732,sophiajwitt,8,0.00949,48586,57.65379,84272
1733,Soumil-07,8,0.00949,48594,57.66328,84272
1734,SquupS,8,0.00949,48602,57.67277,84272
1735,sridbv,8,0.00949,48610,57.68227,84272
1736,sumeet-zuora,8,0.00949,48618,57.69176,84272
1737,sys-liqian,8,0.00949,48626,57.70125,84272
1738,Takewood,8,0.00949,48634,57.71075,84272
1739,TanishqDhussa,8,0.00949,48642,57.72024,84272
1740,teclone,8,0.00949,48650,57.72973,84272
1741,TheDedster,8,0.00949,48658,57.73923,84272
1742,thomas-maurice,8,0.00949,48666,57.74872,84272
1743,tiashah1,8,0.00949,48674,57.75821,84272
1744,tqi-raurora,8,0.00949,48682,57.76770,84272
1745,tsaiqili,8,0.00949,48690,57.77720,84272
1746,tummalah,8,0.00949,48698,57.78669,84272
1747,Tusharbecoding,8,0.00949,48706,57.79618,84272
1748,tvonhacht-apple,8,0.00949,48714,57.80568,84272
1749,ukumar009,8,0.00949,48722,57.81517,84272
1750,useresd,8,0.00949,48730,57.82466,84272
1751,varunrsekar,8,0.00949,48738,57.83416,84272
1752,vednp,8,0.00949,48746,57.84365,84272
1753,VinithKrishnan,8,0.00949,48754,57.85314,84272
1754,Vivanov98,8,0.00949,48762,57.86264,84272
1755,v-patel,8,0.00949,48770,57.87213,84272
1756,w3nl,8,0.00949,48778,57.88162,84272
1757,wburns,8,0.00949,48786,57.89111,84272
1758,wenfengLee-24,8,0.00949,48794,57.90061,84272
1759,wesleyscholl,8,0.00949,48802,57.91010,84272
1760,whidougo,8,0.00949,48810,57.91959,84272
1761,Wiston999,8,0.00949,48818,57.92909,84272
1762,Woytek-Polnik,8,0.00949,48826,57.93858,84272
1763,wt-1611,8,0.00949,48834,57.94807,84272
1764,wuweinvyou,8,0.00949,48842,57.95757,84272
1765,xiaodi22013,8,0.00949,48850,57.96706,84272
1766,xRagnorokx,8,0.00949,48858,57.97655,84272
1767,Yaminyam,8,0.00949,48866,57.98605,84272
1768,Yangxiaohan0120,8,0.00949,48874,57.99554,84272
1769,yh0xa55a8,8,0.00949,48882,58.00503,84272
1770,yi-ge-dian,8,0.00949,48890,58.01452,84272
1771,yinlimi,8,0.00949,48898,58.02402,84272
1772,yiyepianzhou-net,8,0.00949,48906,58.03351,84272
1773,YukiBobier,8,0.00949,48914,58.04300,84272
1774,yuridekim,8,0.00949,48922,58.05250,84272
1775,yuseferi,8,0.00949,48930,58.06199,84272
1776,z764969689,8,0.00949,48938,58.07148,84272
1777,Zanabazer,8,0.00949,48946,58.08098,84272
1778,zmquan,8,0.00949,48954,58.09047,84272
1779,zzzzwc,8,0.00949,48962,58.09996,84272
1780,284050768,7,0.00831,48969,58.10827,84272
1781,4a-42,7,0.00831,48976,58.11657,84272
1782,528548004,7,0.00831,48983,58.12488,84272
1783,62mkv,7,0.00831,48990,58.13319,84272
1784,892195580,7,0.00831,48997,58.14149,84272
1785,92ppl,7,0.00831,49004,58.14980,84272
1786,AbhishekGMV,7,0.00831,49011,58.15811,84272
1787,abrabah,7,0.00831,49018,58.16641,84272
1788,abschm,7,0.00831,49025,58.17472,84272
1789,Aceralon,7,0.00831,49032,58.18303,84272
1790,adoniscyp,7,0.00831,49039,58.19133,84272
1791,adrecord,7,0.00831,49046,58.19964,84272
1792,AHB102,7,0.00831,49053,58.20795,84272
1793,Ahmadshen,7,0.00831,49060,58.21625,84272
1794,ajinkyak423,7,0.00831,49067,58.22456,84272
1795,akevdmeer,7,0.00831,49074,58.23287,84272
1796,akrasic,7,0.00831,49081,58.24117,84272
1797,aku1310,7,0.00831,49088,58.24948,84272
1798,AlanHohn,7,0.00831,49095,58.25778,84272
1799,AlessandroSechi,7,0.00831,49102,58.26609,84272
1800,AlmeidaJoao,7,0.00831,49109,58.27440,84272
1801,amankumarcs,7,0.00831,49116,58.28270,84272
1802,Amshu-k,7,0.00831,49123,58.29101,84272
1803,a-narsudinov,7,0.00831,49130,58.29932,84272
1804,andef,7,0.00831,49137,58.30762,84272
1805,andrew-gropyus,7,0.00831,49144,58.31593,84272
1806,andrewhharmon,7,0.00831,49151,58.32424,84272
1807,andrewimeson,7,0.00831,49158,58.33254,84272
1808,angelopoerio,7,0.00831,49165,58.34085,84272
1809,anlesk,7,0.00831,49172,58.34916,84272
1810,antshuang19,7,0.00831,49179,58.35746,84272
1811,Areso,7,0.00831,49186,58.36577,84272
1812,arrmo,7,0.00831,49193,58.37407,84272
1813,artem198315,7,0.00831,49200,58.38238,84272
1814,arunavabasu-03,7,0.00831,49207,58.39069,84272
1815,AshantiM,7,0.00831,49214,58.39899,84272
1816,ashutoshanshu07,7,0.00831,49221,58.40730,84272
1817,AswinT22,7,0.00831,49228,58.41561,84272
1818,BatemanBatman,7,0.00831,49235,58.42391,84272
1819,BBBmau,7,0.00831,49242,58.43222,84272
1820,beingashwin,7,0.00831,49249,58.44053,84272
1821,BFELFISH,7,0.00831,49256,58.44883,84272
1822,bhavaniMiro,7,0.00831,49263,58.45714,84272
1823,bingzhangdai,7,0.00831,49270,58.46545,84272
1824,BlackSmith,7,0.00831,49277,58.47375,84272
1825,bnallapeta,7,0.00831,49284,58.48206,84272
1826,borisovnn,7,0.00831,49291,58.49036,84272
1827,brianjenkins94,7,0.00831,49298,58.49867,84272
1828,bribroder,7,0.00831,49305,58.50698,84272
1829,caiocfer,7,0.00831,49312,58.51528,84272
1830,cam634,7,0.00831,49319,58.52359,84272
1831,cBiscuitSurprise,7,0.00831,49326,58.53190,84272
1832,CCint3,7,0.00831,49333,58.54020,84272
1833,Cedric-lefebvre-mgx,7,0.00831,49340,58.54851,84272
1834,CharmanderJieniJieni,7,0.00831,49347,58.55682,84272
1835,ChengDaqi2023,7,0.00831,49354,58.56512,84272
1836,chenxi-neo,7,0.00831,49361,58.57343,84272
1837,chenye2017,7,0.00831,49368,58.58174,84272
1838,CherryJia,7,0.00831,49375,58.59004,84272
1839,chethankumar4046,7,0.00831,49382,58.59835,84272
1840,ChristianBieri1995,7,0.00831,49389,58.60665,84272
1841,chunhanRyan,7,0.00831,49396,58.61496,84272
1842,codefaux,7,0.00831,49403,58.62327,84272
1843,ColinDKelley,7,0.00831,49410,58.63157,84272
1844,Cooksauce,7,0.00831,49417,58.63988,84272
1845,ctdi-storage,7,0.00831,49424,58.64819,84272
1846,curiousperson101,7,0.00831,49431,58.65649,84272
1847,dabradley,7,0.00831,49438,58.66480,84272
1848,daljitdokal,7,0.00831,49445,58.67311,84272
1849,dapengoligei,7,0.00831,49452,58.68141,84272
1850,darshannere,7,0.00831,49459,58.68972,84272
1851,deep7861,7,0.00831,49466,58.69803,84272
1852,de-slalonde,7,0.00831,49473,58.70633,84272
1853,devops-newbee,7,0.00831,49480,58.71464,84272
1854,Dineshvcetster,7,0.00831,49487,58.72294,84272
1855,djnalluri,7,0.00831,49494,58.73125,84272
1856,drewterry,7,0.00831,49501,58.73956,84272
1857,DuckdanB,7,0.00831,49508,58.74786,84272
1858,Ehsanino82,7,0.00831,49515,58.75617,84272
1859,eliesemaan6,7,0.00831,49522,58.76448,84272
1860,enesonus,7,0.00831,49529,58.77278,84272
1861,eshwarhs,7,0.00831,49536,58.78109,84272
1862,essobedo,7,0.00831,49543,58.78940,84272
1863,evgen8323,7,0.00831,49550,58.79770,84272
1864,fabrizziocht,7,0.00831,49557,58.80601,84272
1865,fahimistiaq91,7,0.00831,49564,58.81432,84272
1866,Falmarri,7,0.00831,49571,58.82262,84272
1867,fecet,7,0.00831,49578,58.83093,84272
1868,fernandezcuesta,7,0.00831,49585,58.83923,84272
1869,fiscafusca,7,0.00831,49592,58.84754,84272
1870,fivetran-sumitranjan,7,0.00831,49599,58.85585,84272
1871,francjp,7,0.00831,49606,58.86415,84272
1872,francoposa,7,0.00831,49613,58.87246,84272
1873,fyfyrchik,7,0.00831,49620,58.88077,84272
1874,gajavallisantosh,7,0.00831,49627,58.88907,84272
1875,Gaurav-create948,7,0.00831,49634,58.89738,84272
1876,gerbercloud,7,0.00831,49641,58.90569,84272
1877,GikiSea,7,0.00831,49648,58.91399,84272
1878,Ginohmk,7,0.00831,49655,58.92230,84272
1879,gkumarm,7,0.00831,49662,58.93061,84272
1880,glemsom,7,0.00831,49669,58.93891,84272
1881,gsasanelli,7,0.00831,49676,58.94722,84272
1882,guysung,7,0.00831,49683,58.95552,84272
1883,h4shk4t,7,0.00831,49690,58.96383,84272
1884,hagaram,7,0.00831,49697,58.97214,84272
1885,hardwarefresser,7,0.00831,49704,58.98044,84272
1886,harlonhuang,7,0.00831,49711,58.98875,84272
1887,hazmat345,7,0.00831,49718,58.99706,84272
1888,hchyue,7,0.00831,49725,59.00536,84272
1889,hemantmm,7,0.00831,49732,59.01367,84272
1890,hemenghong,7,0.00831,49739,59.02198,84272
1891,hmanwani-rh,7,0.00831,49746,59.03028,84272
1892,hoey94,7,0.00831,49753,59.03859,84272
1893,HoussemCharf,7,0.00831,49760,59.04690,84272
1894,htlin65535,7,0.00831,49767,59.05520,84272
1895,huberts90,7,0.00831,49774,59.06351,84272
1896,hudeng-go,7,0.00831,49781,59.07182,84272
1897,hufhend,7,0.00831,49788,59.08012,84272
1898,husseinharake,7,0.00831,49795,59.08843,84272
1899,iamjustadd,7,0.00831,49802,59.09673,84272
1900,iamzhaoxu,7,0.00831,49809,59.10504,84272
1901,ian-lmcb,7,0.00831,49816,59.11335,84272
1902,ikalchev,7,0.00831,49823,59.12165,84272
1903,imdmahajankanika,7,0.00831,49830,59.12996,84272
1904,influencep,7,0.00831,49837,59.13827,84272
1905,infra-platform,7,0.00831,49844,59.14657,84272
1906,ivanitskiy,7,0.00831,49851,59.15488,84272
1907,ivanov-danil,7,0.00831,49858,59.16319,84272
1908,jaemunbro,7,0.00831,49865,59.17149,84272
1909,Jagatheshm123,7,0.00831,49872,59.17980,84272
1910,JamesMenetrey,7,0.00831,49879,59.18811,84272
1911,james-ok,7,0.00831,49886,59.19641,84272
1912,janvda,7,0.00831,49893,59.20472,84272
1913,JasonSinclair95,7,0.00831,49900,59.21302,84272
1914,jasvinder1107,7,0.00831,49907,59.22133,84272
1915,jbasants,7,0.00831,49914,59.22964,84272
1916,JCBSLMN,7,0.00831,49921,59.23794,84272
1917,jesse-c,7,0.00831,49928,59.24625,84272
1918,jfernandez,7,0.00831,49935,59.25456,84272
1919,jjarrett21,7,0.00831,49942,59.26286,84272
1920,jmrnilsson,7,0.00831,49949,59.27117,84272
1921,johnpmayer,7,0.00831,49956,59.27948,84272
1922,jopemachine,7,0.00831,49963,59.28778,84272
1923,JorgeGar,7,0.00831,49970,59.29609,84272
1924,josunect,7,0.00831,49977,59.30440,84272
1925,Jotheeswaran-Lakshmanan,7,0.00831,49984,59.31270,84272
1926,kalikiana,7,0.00831,49991,59.32101,84272
1927,kangzhiqin,7,0.00831,49998,59.32931,84272
1928,kaykhan,7,0.00831,50005,59.33762,84272
1929,kj415j45,7,0.00831,50012,59.34593,84272
1930,KostLinux,7,0.00831,50019,59.35423,84272
1931,kovalromank,7,0.00831,50026,59.36254,84272
1932,ksully-execute,7,0.00831,50033,59.37085,84272
1933,ktasper,7,0.00831,50040,59.37915,84272
1934,kubarydz,7,0.00831,50047,59.38746,84272
1935,kzombro-pfl,7,0.00831,50054,59.39577,84272
1936,lanthosbrs,7,0.00831,50061,59.40407,84272
1937,legalgig,7,0.00831,50068,59.41238,84272
1938,liaralabs,7,0.00831,50075,59.42069,84272
1939,lijiecm,7,0.00831,50082,59.42899,84272
1940,lixiaopengqyl,7,0.00831,50089,59.43730,84272
1941,ljluestc,7,0.00831,50096,59.44560,84272
1942,loan75,7,0.00831,50103,59.45391,84272
1943,lqf0624,7,0.00831,50110,59.46222,84272
1944,Lttstbj,7,0.00831,50117,59.47052,84272
1945,lukaszgyg,7,0.00831,50124,59.47883,84272
1946,LunaticHS,7,0.00831,50131,59.48714,84272
1947,maahir22,7,0.00831,50138,59.49544,84272
1948,MaienM,7,0.00831,50145,59.50375,84272
1949,manavrajvanshi,7,0.00831,50152,59.51206,84272
1950,manishkrishan,7,0.00831,50159,59.52036,84272
1951,manish-raut,7,0.00831,50166,59.52867,84272
1952,mannuch,7,0.00831,50173,59.53698,84272
1953,mariapoliss,7,0.00831,50180,59.54528,84272
1954,MarkEarhard,7,0.00831,50187,59.55359,84272
1955,MattAlp,7,0.00831,50194,59.56189,84272
1956,matthewjmiller1,7,0.00831,50201,59.57020,84272
1957,MaxKlotz,7,0.00831,50208,59.57851,84272
1958,mcaupybugs,7,0.00831,50215,59.58681,84272
1959,mccasian,7,0.00831,50222,59.59512,84272
1960,mdsystems,7,0.00831,50229,59.60343,84272
1961,MENNA123MAHMOUD,7,0.00831,50236,59.61173,84272
1962,mh4ck-Thales,7,0.00831,50243,59.62004,84272
1963,mihaelabalutoiu,7,0.00831,50250,59.62835,84272
1964,mikef-phy,7,0.00831,50257,59.63665,84272
1965,milad-ghasemzadeh,7,0.00831,50264,59.64496,84272
1966,mingyugg,7,0.00831,50271,59.65327,84272
1967,mmdaz,7,0.00831,50278,59.66157,84272
1968,mnarozny,7,0.00831,50285,59.66988,84272
1969,moonyoungCHAE,7,0.00831,50292,59.67818,84272
1970,morales-martin,7,0.00831,50299,59.68649,84272
1971,mpicard,7,0.00831,50306,59.69480,84272
1972,MrZajic,7,0.00831,50313,59.70310,84272
1973,msadeqsirjani,7,0.00831,50320,59.71141,84272
1974,mstmdev,7,0.00831,50327,59.71972,84272
1975,mtripathi1,7,0.00831,50334,59.72802,84272
1976,nabanbaba,7,0.00831,50341,59.73633,84272
1977,narasimharaojm,7,0.00831,50348,59.74464,84272
1978,Narottamchy,7,0.00831,50355,59.75294,84272
1979,ndallmeyer,7,0.00831,50362,59.76125,84272
1980,nelson2000,7,0.00831,50369,59.76956,84272
1981,neulf,7,0.00831,50376,59.77786,84272
1982,NicoloLazzaroni,7,0.00831,50383,59.78617,84272
1983,noamz1,7,0.00831,50390,59.79448,84272
1984,oncefalse,7,0.00831,50397,59.80278,84272
1985,orange-hbenmabrouk,7,0.00831,50404,59.81109,84272
1986,oreonl,7,0.00831,50411,59.81939,84272
1987,owayss,7,0.00831,50418,59.82770,84272
1988,ozlevka-work,7,0.00831,50425,59.83601,84272
1989,pablozone,7,0.00831,50432,59.84431,84272
1990,papercircuit,7,0.00831,50439,59.85262,84272
1991,Paritosh-Anand,7,0.00831,50446,59.86093,84272
1992,patrickli-foxtel,7,0.00831,50453,59.86923,84272
1993,paulhamby,7,0.00831,50460,59.87754,84272
1994,perhapsmaple,7,0.00831,50467,59.88585,84272
1995,pewpewnor,7,0.00831,50474,59.89415,84272
1996,pfarkya,7,0.00831,50481,59.90246,84272
1997,phionachao,7,0.00831,50488,59.91077,84272
1998,piaolingxue,7,0.00831,50495,59.91907,84272
1999,pidumenk,7,0.00831,50502,59.92738,84272
2000,pilot513,7,0.00831,50509,59.93568,84272
2001,piroinno,7,0.00831,50516,59.94399,84272
2002,plingam-infy,7,0.00831,50523,59.95230,84272
2003,PlutoEr-001,7,0.00831,50530,59.96060,84272
2004,poornimanayar,7,0.00831,50537,59.96891,84272
2005,ppzqh,7,0.00831,50544,59.97722,84272
2006,pranavek,7,0.00831,50551,59.98552,84272
2007,pranavsankar07,7,0.00831,50558,59.99383,84272
2008,prawinxp,7,0.00831,50565,60.00214,84272
2009,probablynachi,7,0.00831,50572,60.01044,84272
2010,ptrjeffrey,7,0.00831,50579,60.01875,84272
2011,pxnis,7,0.00831,50586,60.02706,84272
2012,QiyuanHU,7,0.00831,50593,60.03536,84272
2013,quanghungb,7,0.00831,50600,60.04367,84272
2014,rafiya2003,7,0.00831,50607,60.05197,84272
2015,rajankamdi0706,7,0.00831,50614,60.06028,84272
2016,ranavivek04,7,0.00831,50621,60.06859,84272
2017,ranga543,7,0.00831,50628,60.07689,84272
2018,Ravindra1618,7,0.00831,50635,60.08520,84272
2019,reyes256,7,0.00831,50642,60.09351,84272
2020,Rishikesh-Sarma,7,0.00831,50649,60.10181,84272
2021,robp94,7,0.00831,50656,60.11012,84272
2022,rohit131989,7,0.00831,50663,60.11843,84272
2023,Rohit312001,7,0.00831,50670,60.12673,84272
2024,roychshao,7,0.00831,50677,60.13504,84272
2025,rubuslab,7,0.00831,50684,60.14335,84272
2026,RunningXie,7,0.00831,50691,60.15165,84272
2027,saireddyb,7,0.00831,50698,60.15996,84272
2028,sakatkoori,7,0.00831,50705,60.16826,84272
2029,sanchitmehta,7,0.00831,50712,60.17657,84272
2030,Sangam-ghimire,7,0.00831,50719,60.18488,84272
2031,sanjayesn,7,0.00831,50726,60.19318,84272
2032,SanskritiHarmukh,7,0.00831,50733,60.20149,84272
2033,sba30,7,0.00831,50740,60.20980,84272
2034,schen22-9527,7,0.00831,50747,60.21810,84272
2035,scrayos,7,0.00831,50754,60.22641,84272
2036,SD007CSE,7,0.00831,50761,60.23472,84272
2037,seavershi,7,0.00831,50768,60.24302,84272
2038,selaamimech,7,0.00831,50775,60.25133,84272
2039,setoru,7,0.00831,50782,60.25964,84272
2040,sgonv,7,0.00831,50789,60.26794,84272
2041,shaochun0530,7,0.00831,50796,60.27625,84272
2042,ShardulPrabhu,7,0.00831,50803,60.28455,84272
2043,shchuko,7,0.00831,50810,60.29286,84272
2044,shiponcs,7,0.00831,50817,60.30117,84272
2045,shivamganwani,7,0.00831,50824,60.30947,84272
2046,shreyasgune,7,0.00831,50831,60.31778,84272
2047,shubhamraj-samsung,7,0.00831,50838,60.32609,84272
2048,Shubhdeep02,7,0.00831,50845,60.33439,84272
2049,sik-asn,7,0.00831,50852,60.34270,84272
2050,skchoi1234,7,0.00831,50859,60.35101,84272
2051,skwasjer,7,0.00831,50866,60.35931,84272
2052,smile37773,7,0.00831,50873,60.36762,84272
2053,snarasin1,7,0.00831,50880,60.37593,84272
2054,sonofgibs,7,0.00831,50887,60.38423,84272
2055,sourabhgupta385,7,0.00831,50894,60.39254,84272
2056,srstrong,7,0.00831,50901,60.40084,84272
2057,SubhajitDutta07,7,0.00831,50908,60.40915,84272
2058,suleimi,7,0.00831,50915,60.41746,84272
2059,SumitBhardwaj-eng,7,0.00831,50922,60.42576,84272
2060,taaem,7,0.00831,50929,60.43407,84272
2061,tangruize,7,0.00831,50936,60.44238,84272
2062,tankim,7,0.00831,50943,60.45068,84272
2063,tapojit047,7,0.00831,50950,60.45899,84272
2064,TheBritz,7,0.00831,50957,60.46730,84272
2065,theophileds,7,0.00831,50964,60.47560,84272
2066,thomasjoseph99,7,0.00831,50971,60.48391,84272
2067,threadproc,7,0.00831,50978,60.49222,84272
2068,thrishul1989,7,0.00831,50985,60.50052,84272
2069,tianyj,7,0.00831,50992,60.50883,84272
2070,tiithansen,7,0.00831,50999,60.51713,84272
2071,tomreeb,7,0.00831,51006,60.52544,84272
2072,toNanjingnan,7,0.00831,51013,60.53375,84272
2073,track7777,7,0.00831,51020,60.54205,84272
2074,trngapp,7,0.00831,51027,60.55036,84272
2075,tszshingt,7,0.00831,51034,60.55867,84272
2076,tyagivasu,7,0.00831,51041,60.56697,84272
2077,ushitora-anqou,7,0.00831,51048,60.57528,84272
2078,uzi0espil,7,0.00831,51055,60.58359,84272
2079,v1gnesh,7,0.00831,51062,60.59189,84272
2080,VaibhavTalkhande,7,0.00831,51069,60.60020,84272
2081,ValeryG,7,0.00831,51076,60.60851,84272
2082,vances,7,0.00831,51083,60.61681,84272
2083,velmohan,7,0.00831,51090,60.62512,84272
2084,venkatesh3889,7,0.00831,51097,60.63343,84272
2085,villisco,7,0.00831,51104,60.64173,84272
2086,vincentgna,7,0.00831,51111,60.65004,84272
2087,vishalsingh2972,7,0.00831,51118,60.65834,84272
2088,vitush93,7,0.00831,51125,60.66665,84272
2089,VuongUranus,7,0.00831,51132,60.67496,84272
2090,WajahatAliAbid,7,0.00831,51139,60.68326,84272
2091,WalkingWithSpacemen3,7,0.00831,51146,60.69157,84272
2092,wand2016,7,0.00831,51153,60.69988,84272
2093,wangfuqiang,7,0.00831,51160,60.70818,84272
2094,wangqu123456,7,0.00831,51167,60.71649,84272
2095,WeixinX,7,0.00831,51174,60.72480,84272
2096,Wel112,7,0.00831,51181,60.73310,84272
2097,wh75er,7,0.00831,51188,60.74141,84272
2098,whitebeard10,7,0.00831,51195,60.74972,84272
2099,wjmstf1,7,0.00831,51202,60.75802,84272
2100,xadhix,7,0.00831,51209,60.76633,84272
2101,xescab,7,0.00831,51216,60.77463,84272
2102,xunhuangxu,7,0.00831,51223,60.78294,84272
2103,YanyChoi,7,0.00831,51230,60.79125,84272
2104,Yasir761,7,0.00831,51237,60.79955,84272
2105,yasiribmcon,7,0.00831,51244,60.80786,84272
2106,yasserf,7,0.00831,51251,60.81617,84272
2107,ydguala,7,0.00831,51258,60.82447,84272
2108,YiNNx,7,0.00831,51265,60.83278,84272
2109,YordiVanDyckPXL,7,0.00831,51272,60.84109,84272
2110,yuyc,7,0.00831,51279,60.84939,84272
2111,yuzhiquantubi,7,0.00831,51286,60.85770,84272
2112,yyzh1,7,0.00831,51293,60.86601,84272
2113,zeke202207,7,0.00831,51300,60.87431,84272
2114,zenvzenv,7,0.00831,51307,60.88262,84272
2115,zestsg,7,0.00831,51314,60.89092,84272
2116,zhangtianaz,7,0.00831,51321,60.89923,84272
2117,Zhytou,7,0.00831,51328,60.90754,84272
2118,ziouf,7,0.00831,51335,60.91584,84272
2119,zldscr0,7,0.00831,51342,60.92415,84272
2120,0xSh4dy,6,0.00712,51348,60.93127,84272
2121,1sweet98912,6,0.00712,51354,60.93839,84272
2122,abhiprayagarwal,6,0.00712,51360,60.94551,84272
2123,Acanthostega,6,0.00712,51366,60.95263,84272
2124,acuD1,6,0.00712,51372,60.95975,84272
2125,adlocum,6,0.00712,51378,60.96687,84272
2126,adobejmong,6,0.00712,51384,60.97399,84272
2127,adrianrobotka,6,0.00712,51390,60.98111,84272
2128,adriantankodev,6,0.00712,51396,60.98823,84272
2129,afhassan,6,0.00712,51402,60.99535,84272
2130,ahmedtadde,6,0.00712,51408,61.00247,84272
2131,ajaykanse,6,0.00712,51414,61.00959,84272
2132,akebu6,6,0.00712,51420,61.01671,84272
2133,akshadhaswamyKH,6,0.00712,51426,61.02383,84272
2134,Akshun-01,6,0.00712,51432,61.03095,84272
2135,alexander-joinlane,6,0.00712,51438,61.03807,84272
2136,alexandreliberato,6,0.00712,51444,61.04519,84272
2137,alexshencn,6,0.00712,51450,61.05231,84272
2138,alisdairbr,6,0.00712,51456,61.05943,84272
2139,Alkorin,6,0.00712,51462,61.06655,84272
2140,alsaatp,6,0.00712,51468,61.07367,84272
2141,alsastre,6,0.00712,51474,61.08079,84272
2142,alxyng,6,0.00712,51480,61.08791,84272
2143,amamory,6,0.00712,51486,61.09503,84272
2144,amotolani,6,0.00712,51492,61.10215,84272
2145,andrwca,6,0.00712,51498,61.10927,84272
2146,Angel0r,6,0.00712,51504,61.11639,84272
2147,AngusGMorrison,6,0.00712,51510,61.12350,84272
2148,ankit21990,6,0.00712,51516,61.13062,84272
2149,ankurshukla2112,6,0.00712,51522,61.13774,84272
2150,anmelegov,6,0.00712,51528,61.14486,84272
2151,anniepauline,6,0.00712,51534,61.15198,84272
2152,anshikavashistha,6,0.00712,51540,61.15910,84272
2153,anthonyoride,6,0.00712,51546,61.16622,84272
2154,ar4mirez,6,0.00712,51552,61.17334,84272
2155,AravindGopala,6,0.00712,51558,61.18046,84272
2156,arielsepton,6,0.00712,51564,61.18758,84272
2157,arora-sagar,6,0.00712,51570,61.19470,84272
2158,ArtemShevelyukhin,6,0.00712,51576,61.20182,84272
2159,arturodilecce,6,0.00712,51582,61.20894,84272
2160,Aryan20,6,0.00712,51588,61.21606,84272
2161,AshleySchaeffer,6,0.00712,51594,61.22318,84272
2162,ayuSH8033,6,0.00712,51600,61.23030,84272
2163,bahadirbklg,6,0.00712,51606,61.23742,84272
2164,balioune,6,0.00712,51612,61.24454,84272
2165,BaronMsk,6,0.00712,51618,61.25166,84272
2166,bennyzx,6,0.00712,51624,61.25878,84272
2167,bhupeshpadiyar,6,0.00712,51630,61.26590,84272
2168,bikramtpa,6,0.00712,51636,61.27302,84272
2169,bitness,6,0.00712,51642,61.28014,84272
2170,biz812,6,0.00712,51648,61.28726,84272
2171,bjtox,6,0.00712,51654,61.29438,84272
2172,blacby,6,0.00712,51660,61.30150,84272
2173,boatrainlsz,6,0.00712,51666,61.30862,84272
2174,bogarams,6,0.00712,51672,61.31574,84272
2175,boysusu,6,0.00712,51678,61.32286,84272
2176,bradleybeighton,6,0.00712,51684,61.32998,84272
2177,brandsimon,6,0.00712,51690,61.33710,84272
2178,BrayanMnz,6,0.00712,51696,61.34422,84272
2179,brianvanderlugt,6,0.00712,51702,61.35134,84272
2180,BTS-SealStorage,6,0.00712,51708,61.35846,84272
2181,bubbaksmith,6,0.00712,51714,61.36558,84272
2182,buger,6,0.00712,51720,61.37270,84272
2183,BurakTaner,6,0.00712,51726,61.37982,84272
2184,cakescience,6,0.00712,51732,61.38694,84272
2185,captaincoordinates,6,0.00712,51738,61.39406,84272
2186,carlossless,6,0.00712,51744,61.40118,84272
2187,casix,6,0.00712,51750,61.40830,84272
2188,charugarg2810,6,0.00712,51756,61.41542,84272
2189,cheina97,6,0.00712,51762,61.42254,84272
2190,chichi13,6,0.00712,51768,61.42966,84272
2191,Chimmae,6,0.00712,51774,61.43678,84272
2192,ChinaNanSen,6,0.00712,51780,61.44390,84272
2193,christcottrell,6,0.00712,51786,61.45102,84272
2194,CiscoRob,6,0.00712,51792,61.45814,84272
2195,claassen,6,0.00712,51798,61.46526,84272
2196,cloud-az,6,0.00712,51804,61.47238,84272
2197,cloudbackenddev,6,0.00712,51810,61.47949,84272
2198,CloudlightCoUk,6,0.00712,51816,61.48661,84272
2199,cmdkeen,6,0.00712,51822,61.49373,84272
2200,codingkriggs,6,0.00712,51828,61.50085,84272
2201,colin-riddell,6,0.00712,51834,61.50797,84272
2202,coolqz,6,0.00712,51840,61.51509,84272
2203,cristure,6,0.00712,51846,61.52221,84272
2204,CS8867,6,0.00712,51852,61.52933,84272
2205,cudrakm,6,0.00712,51858,61.53645,84272
2206,curiousEnough,6,0.00712,51864,61.54357,84272
2207,dakar91,6,0.00712,51870,61.55069,84272
2208,daniel-pimenta-DME,6,0.00712,51876,61.55781,84272
2209,danilapog,6,0.00712,51882,61.56493,84272
2210,dasantonym,6,0.00712,51888,61.57205,84272
2211,david-hanger,6,0.00712,51894,61.57917,84272
2212,db3f,6,0.00712,51900,61.58629,84272
2213,devonpaluso,6,0.00712,51906,61.59341,84272
2214,dhilgarth,6,0.00712,51912,61.60053,84272
2215,DIWAKARKASHYAP,6,0.00712,51918,61.60765,84272
2216,dkharlan,6,0.00712,51924,61.61477,84272
2217,DmitryMigunov,6,0.00712,51930,61.62189,84272
2218,DonaldKellett,6,0.00712,51936,61.62901,84272
2219,DondekarShraddha,6,0.00712,51942,61.63613,84272
2220,dongx1x,6,0.00712,51948,61.64325,84272
2221,dontspeak,6,0.00712,51954,61.65037,84272
2222,doramar97,6,0.00712,51960,61.65749,84272
2223,DPham-X,6,0.00712,51966,61.66461,84272
2224,dreemoutloud,6,0.00712,51972,61.67173,84272
2225,dsand1234,6,0.00712,51978,61.67885,84272
2226,dtwilliamsWork,6,0.00712,51984,61.68597,84272
2227,dwy12321,6,0.00712,51990,61.69309,84272
2228,dykhliww,6,0.00712,51996,61.70021,84272
2229,EdithChenLi,6,0.00712,52002,61.70733,84272
2230,emad-ramlawi,6,0.00712,52008,61.71445,84272
2231,emboss64,6,0.00712,52014,61.72157,84272
2232,EmyLIEUTAUD,6,0.00712,52020,61.72869,84272
2233,eolatham,6,0.00712,52026,61.73581,84272
2234,erickhagstrom,6,0.00712,52032,61.74293,84272
2235,esaeki417,6,0.00712,52038,61.75005,84272
2236,EugenKon,6,0.00712,52044,61.75717,84272
2237,Evan-Reilly,6,0.00712,52050,61.76429,84272
2238,exquirentibus,6,0.00712,52056,61.77141,84272
2239,EZEBUILO,6,0.00712,52062,61.77853,84272
2240,Ezreal147,6,0.00712,52068,61.78565,84272
2241,Fevereiro6,6,0.00712,52074,61.79277,84272
2242,floresjma,6,0.00712,52080,61.79989,84272
2243,fludo,6,0.00712,52086,61.80701,84272
2244,forest-dweller,6,0.00712,52092,61.81413,84272
2245,fortime,6,0.00712,52098,61.82125,84272
2246,fprochazka,6,0.00712,52104,61.82837,84272
2247,franzudev,6,0.00712,52110,61.83549,84272
2248,frozenprocess,6,0.00712,52116,61.84260,84272
2249,gabekassel,6,0.00712,52122,61.84972,84272
2250,galsasi1989,6,0.00712,52128,61.85684,84272
2251,gaohongbin,6,0.00712,52134,61.86396,84272
2252,GauriBhandari,6,0.00712,52140,61.87108,84272
2253,GautamSinghania,6,0.00712,52146,61.87820,84272
2254,geassXX,6,0.00712,52152,61.88532,84272
2255,geewhizsmith,6,0.00712,52158,61.89244,84272
2256,gertsog333,6,0.00712,52164,61.89956,84272
2257,GevatterGaul,6,0.00712,52170,61.90668,84272
2258,github-world192,6,0.00712,52176,61.91380,84272
2259,gluckzhang,6,0.00712,52182,61.92092,84272
2260,GOodCoffeeLover,6,0.00712,52188,61.92804,84272
2261,Goodjinuk,6,0.00712,52194,61.93516,84272
2262,gormv,6,0.00712,52200,61.94228,84272
2263,gusandrioli,6,0.00712,52206,61.94940,84272
2264,haimprecise,6,0.00712,52212,61.95652,84272
2265,hanxp2,6,0.00712,52218,61.96364,84272
2266,Hapshanko,6,0.00712,52224,61.97076,84272
2267,Hardikrathod01,6,0.00712,52230,61.97788,84272
2268,harjyotbagga,6,0.00712,52236,61.98500,84272
2269,harshakp06,6,0.00712,52242,61.99212,84272
2270,harshita-meena,6,0.00712,52248,61.99924,84272
2271,haseeb-xd,6,0.00712,52254,62.00636,84272
2272,hautph,6,0.00712,52260,62.01348,84272
2273,heidenthal-gtisoft,6,0.00712,52266,62.02060,84272
2274,helloakash1701,6,0.00712,52272,62.02772,84272
2275,heroes1412,6,0.00712,52278,62.03484,84272
2276,hexiong0802,6,0.00712,52284,62.04196,84272
2277,heyunyi2023,6,0.00712,52290,62.04908,84272
2278,hippoz,6,0.00712,52296,62.05620,84272
2279,HonkingGoose,6,0.00712,52302,62.06332,84272
2280,hossain-sazzad,6,0.00712,52308,62.07044,84272
2281,houwenchen,6,0.00712,52314,62.07756,84272
2282,iain-macdonald,6,0.00712,52320,62.08468,84272
2283,ianhomer,6,0.00712,52326,62.09180,84272
2284,ice09,6,0.00712,52332,62.09892,84272
2285,igprasad36,6,0.00712,52338,62.10604,84272
2286,iluwaa,6,0.00712,52344,62.11316,84272
2287,infacto,6,0.00712,52350,62.12028,84272
2288,InverseIntegral,6,0.00712,52356,62.12740,84272
2289,iodeslykos,6,0.00712,52362,62.13452,84272
2290,islamyakin,6,0.00712,52368,62.14164,84272
2291,israfilalam22,6,0.00712,52374,62.14876,84272
2292,j0rGeT,6,0.00712,52380,62.15588,84272
2293,jabdr,6,0.00712,52386,62.16300,84272
2294,jacobpoly73,6,0.00712,52392,62.17012,84272
2295,jadiym,6,0.00712,52398,62.17724,84272
2296,jasonmoore2k,6,0.00712,52404,62.18436,84272
2297,jcourteau,6,0.00712,52410,62.19148,84272
2298,jdeff,6,0.00712,52416,62.19860,84272
2299,Jeremy4040,6,0.00712,52422,62.20571,84272
2300,jeroennijhof,6,0.00712,52428,62.21283,84272
2301,jerrinsg,6,0.00712,52434,62.21995,84272
2302,jessefeinman,6,0.00712,52440,62.22707,84272
2303,j-gooding,6,0.00712,52446,62.23419,84272
2304,jhasu,6,0.00712,52452,62.24131,84272
2305,jimliming,6,0.00712,52458,62.24843,84272
2306,JimmyKmi,6,0.00712,52464,62.25555,84272
2307,JinXiu2023,6,0.00712,52470,62.26267,84272
2308,JipSogeti,6,0.00712,52476,62.26979,84272
2309,jiyanpatil07,6,0.00712,52482,62.27691,84272
2310,JobberRT,6,0.00712,52488,62.28403,84272
2311,jordan-day,6,0.00712,52494,62.29115,84272
2312,jordyb6,6,0.00712,52500,62.29827,84272
2313,josecoelho96,6,0.00712,52506,62.30539,84272
2314,jose-mf,6,0.00712,52512,62.31251,84272
2315,josephgardner,6,0.00712,52518,62.31963,84272
2316,Joshua-Beha,6,0.00712,52524,62.32675,84272
2317,jpruciak,6,0.00712,52530,62.33387,84272
2318,JSchy65,6,0.00712,52536,62.34099,84272
2319,jslott2sigma,6,0.00712,52542,62.34811,84272
2320,juanpin-humane,6,0.00712,52548,62.35523,84272
2321,julienteisseire,6,0.00712,52554,62.36235,84272
2322,kajtzu,6,0.00712,52560,62.36947,84272
2323,kamallearner123,6,0.00712,52566,62.37659,84272
2324,kamoltat,6,0.00712,52572,62.38371,84272
2325,kaushik-rishi,6,0.00712,52578,62.39083,84272
2326,kenriortega,6,0.00712,52584,62.39795,84272
2327,KevinDW-Fluxys,6,0.00712,52590,62.40507,84272
2328,kirilovvv,6,0.00712,52596,62.41219,84272
2329,kongyu666,6,0.00712,52602,62.41931,84272
2330,konopka90,6,0.00712,52608,62.42643,84272
2331,korjwl1,6,0.00712,52614,62.43355,84272
2332,kvnlin,6,0.00712,52620,62.44067,84272
2333,kvzn,6,0.00712,52626,62.44779,84272
2334,larsn777,6,0.00712,52632,62.45491,84272
2335,lavalleeale,6,0.00712,52638,62.46203,84272
2336,lbkolev,6,0.00712,52644,62.46915,84272
2337,lefinal,6,0.00712,52650,62.47627,84272
2338,leo-li1990,6,0.00712,52656,62.48339,84272
2339,leopardrota,6,0.00712,52662,62.49051,84272
2340,LeviticusMB,6,0.00712,52668,62.49763,84272
2341,liamwh,6,0.00712,52674,62.50475,84272
2342,life5ign,6,0.00712,52680,62.51187,84272
2343,linfn,6,0.00712,52686,62.51899,84272
2344,liuzr0558,6,0.00712,52692,62.52611,84272
2345,llDrLove,6,0.00712,52698,62.53323,84272
2346,lomonosov77,6,0.00712,52704,62.54035,84272
2347,lostcities,6,0.00712,52710,62.54747,84272
2348,lpfann,6,0.00712,52716,62.55459,84272
2349,luckyboysmith,6,0.00712,52722,62.56170,84272
2350,Lyllt8,6,0.00712,52728,62.56882,84272
2351,Mahajanet,6,0.00712,52734,62.57594,84272
2352,marandaneto,6,0.00712,52740,62.58306,84272
2353,marviobezerra,6,0.00712,52746,62.59018,84272
2354,mascenzi80,6,0.00712,52752,62.59730,84272
2355,matt314,6,0.00712,52758,62.60442,84272
2356,matthewdeng,6,0.00712,52764,62.61154,84272
2357,matthewpi,6,0.00712,52770,62.61866,84272
2358,MaxSchaefer,6,0.00712,52776,62.62578,84272
2359,mayankag32,6,0.00712,52782,62.63290,84272
2360,mayankagarwal19911,6,0.00712,52788,62.64002,84272
2361,mayanksingh2298,6,0.00712,52794,62.64714,84272
2362,mehle,6,0.00712,52800,62.65426,84272
2363,MengjiaLiang,6,0.00712,52806,62.66138,84272
2364,MGSousa,6,0.00712,52812,62.66850,84272
2365,mgyboom,6,0.00712,52818,62.67562,84272
2366,MichaelMarkieta,6,0.00712,52824,62.68274,84272
2367,miguelvalerio,6,0.00712,52830,62.68986,84272
2368,Mihail-blip,6,0.00712,52836,62.69698,84272
2369,miladhzzzz,6,0.00712,52842,62.70410,84272
2370,milokrisko,6,0.00712,52848,62.71122,84272
2371,moayad-alyaghshi,6,0.00712,52854,62.71834,84272
2372,mou,6,0.00712,52860,62.72546,84272
2373,moyunnie,6,0.00712,52866,62.73258,84272
2374,mpaulgreen,6,0.00712,52872,62.73970,84272
2375,mramesh047,6,0.00712,52878,62.74682,84272
2376,mselinger75,6,0.00712,52884,62.75394,84272
2377,msiyaj,6,0.00712,52890,62.76106,84272
2378,mslacken,6,0.00712,52896,62.76818,84272
2379,muandane,6,0.00712,52902,62.77530,84272
2380,muhardanz,6,0.00712,52908,62.78242,84272
2381,myrfy001,6,0.00712,52914,62.78954,84272
2382,myskaludek,6,0.00712,52920,62.79666,84272
2383,N214,6,0.00712,52926,62.80378,84272
2384,nadeshpa,6,0.00712,52932,62.81090,84272
2385,naimadswdn,6,0.00712,52938,62.81802,84272
2386,Nathan-M-code,6,0.00712,52944,62.82514,84272
2387,nbaws,6,0.00712,52950,62.83226,84272
2388,nbrahms,6,0.00712,52956,62.83938,84272
2389,ncphins,6,0.00712,52962,62.84650,84272
2390,netcamo,6,0.00712,52968,62.85362,84272
2391,netesh3,6,0.00712,52974,62.86074,84272
2392,ngovanminh3232,6,0.00712,52980,62.86786,84272
2393,nguyenlinh1999,6,0.00712,52986,62.87498,84272
2394,nheudecker,6,0.00712,52992,62.88210,84272
2395,NIKITA-M-VERMA,6,0.00712,52998,62.88922,84272
2396,nikunj-diwan,6,0.00712,53004,62.89634,84272
2397,nimbusparis,6,0.00712,53010,62.90346,84272
2398,ninoksmn,6,0.00712,53016,62.91058,84272
2399,nirbhaysin9h,6,0.00712,53022,62.91770,84272
2400,NiReSa,6,0.00712,53028,62.92481,84272
2401,nitzmahone,6,0.00712,53034,62.93193,84272
2402,nlindley,6,0.00712,53040,62.93905,84272
2403,noselasd,6,0.00712,53046,62.94617,84272
2404,nrdvana,6,0.00712,53052,62.95329,84272
2405,ns-rlewkowicz,6,0.00712,53058,62.96041,84272
2406,Nupoor10,6,0.00712,53064,62.96753,84272
2407,omar-triguii,6,0.00712,53070,62.97465,84272
2408,omermishania,6,0.00712,53076,62.98177,84272
2409,opdt,6,0.00712,53082,62.98889,84272
2410,openstep,6,0.00712,53088,62.99601,84272
2411,Orhideous,6,0.00712,53094,63.00313,84272
2412,oulfik,6,0.00712,53100,63.01025,84272
2413,pahaeanx,6,0.00712,53106,63.01737,84272
2414,pallav-G,6,0.00712,53112,63.02449,84272
2415,palmeXx,6,0.00712,53118,63.03161,84272
2416,panditha,6,0.00712,53124,63.03873,84272
2417,paramjeet01,6,0.00712,53130,63.04585,84272
2418,Parneet-Raghuvanshi,6,0.00712,53136,63.05297,84272
2419,parth1601,6,0.00712,53142,63.06009,84272
2420,PatrickSpies,6,0.00712,53148,63.06721,84272
2421,paulwouters,6,0.00712,53154,63.07433,84272
2422,pbxie,6,0.00712,53160,63.08145,84272
2423,piotrpalcz,6,0.00712,53166,63.08857,84272
2424,pi-pi-miao,6,0.00712,53172,63.09569,84272
2425,pit1sIBM,6,0.00712,53178,63.10281,84272
2426,pkoryzna,6,0.00712,53184,63.10993,84272
2427,plachta11b,6,0.00712,53190,63.11705,84272
2428,Pluviophile225,6,0.00712,53196,63.12417,84272
2429,pmbrull,6,0.00712,53202,63.13129,84272
2430,popsu,6,0.00712,53208,63.13841,84272
2431,PortableProgrammer,6,0.00712,53214,63.14553,84272
2432,ppatel1604,6,0.00712,53220,63.15265,84272
2433,pranavelric,6,0.00712,53226,63.15977,84272
2434,prasho2009,6,0.00712,53232,63.16689,84272
2435,pratikkolkar,6,0.00712,53238,63.17401,84272
2436,praveenkprabhakaran,6,0.00712,53244,63.18113,84272
2437,pravindra,6,0.00712,53250,63.18825,84272
2438,Pro,6,0.00712,53256,63.19537,84272
2439,Pushkarm029,6,0.00712,53262,63.20249,84272
2440,rakrueger,6,0.00712,53268,63.20961,84272
2441,ramikg,6,0.00712,53274,63.21673,84272
2442,raprek,6,0.00712,53280,63.22385,84272
2443,rassmate,6,0.00712,53286,63.23097,84272
2444,remyd1,6,0.00712,53292,63.23809,84272
2445,ReubenBond,6,0.00712,53298,63.24521,84272
2446,ricfdez,6,0.00712,53304,63.25233,84272
2447,rlynch-bitpusher,6,0.00712,53310,63.25945,84272
2448,ropatil010,6,0.00712,53316,63.26657,84272
2449,roseffendi,6,0.00712,53322,63.27369,84272
2450,RRethy,6,0.00712,53328,63.28081,84272
2451,rwiskerke,6,0.00712,53334,63.28792,84272
2452,safuya,6,0.00712,53340,63.29504,84272
2453,sagi-shimoni,6,0.00712,53346,63.30216,84272
2454,sai051192,6,0.00712,53352,63.30928,84272
2455,saif-88,6,0.00712,53358,63.31640,84272
2456,saiwudali,6,0.00712,53364,63.32352,84272
2457,sakshimalani,6,0.00712,53370,63.33064,84272
2458,sand4rt,6,0.00712,53376,63.33776,84272
2459,sandyqin1,6,0.00712,53382,63.34488,84272
2460,sanjeev003,6,0.00712,53388,63.35200,84272
2461,schaffino,6,0.00712,53394,63.35912,84272
2462,scheruku-in,6,0.00712,53400,63.36624,84272
2463,Sealjay,6,0.00712,53406,63.37336,84272
2464,seanseth7,6,0.00712,53412,63.38048,84272
2465,sefaYavuz,6,0.00712,53418,63.38760,84272
2466,sepcon,6,0.00712,53424,63.39472,84272
2467,ShadowySpirits,6,0.00712,53430,63.40184,84272
2468,shanifdhanani,6,0.00712,53436,63.40896,84272
2469,Shiva953,6,0.00712,53442,63.41608,84272
2470,shrinathkrish,6,0.00712,53448,63.42320,84272
2471,shrutishrm512,6,0.00712,53454,63.43032,84272
2472,shubhiroy,6,0.00712,53460,63.43744,84272
2473,shwetha-manvinkurke,6,0.00712,53466,63.44456,84272
2474,sighphyre,6,0.00712,53472,63.45168,84272
2475,Simar-malhotra09,6,0.00712,53478,63.45880,84272
2476,sipao,6,0.00712,53484,63.46592,84272
2477,SirCocas,6,0.00712,53490,63.47304,84272
2478,skumarya-tibco,6,0.00712,53496,63.48016,84272
2479,skyem,6,0.00712,53502,63.48728,84272
2480,slammajamma28,6,0.00712,53508,63.49440,84272
2481,sn99,6,0.00712,53514,63.50152,84272
2482,spammads,6,0.00712,53520,63.50864,84272
2483,specialforest,6,0.00712,53526,63.51576,84272
2484,Speeddymon,6,0.00712,53532,63.52288,84272
2485,SpencerKlem,6,0.00712,53538,63.53000,84272
2486,sreejitkar,6,0.00712,53544,63.53712,84272
2487,sridhar1495,6,0.00712,53550,63.54424,84272
2488,srveerla,6,0.00712,53556,63.55136,84272
2489,ssen85,6,0.00712,53562,63.55848,84272
2490,ssheladiya,6,0.00712,53568,63.56560,84272
2491,steineldar,6,0.00712,53574,63.57272,84272
2492,StickBrush,6,0.00712,53580,63.57984,84272
2493,stzov,6,0.00712,53586,63.58696,84272
2494,Sumit0789,6,0.00712,53592,63.59408,84272
2495,sumitdethe27,6,0.00712,53598,63.60120,84272
2496,susanwangmcpod,6,0.00712,53604,63.60832,84272
2497,suttod,6,0.00712,53610,63.61544,84272
2498,syedmominnaqvi,6,0.00712,53616,63.62256,84272
2499,symys,6,0.00712,53622,63.62968,84272
2500,taenyang,6,0.00712,53628,63.63680,84272
2501,taha-upstart,6,0.00712,53634,63.64391,84272
2502,TahjidAshfaque,6,0.00712,53640,63.65103,84272
2503,TalhaNaeem101,6,0.00712,53646,63.65815,84272
2504,taraknath555,6,0.00712,53652,63.66527,84272
2505,tashigeekyants,6,0.00712,53658,63.67239,84272
2506,tbartschat,6,0.00712,53664,63.67951,84272
2507,tberreis,6,0.00712,53670,63.68663,84272
2508,tcd156,6,0.00712,53676,63.69375,84272
2509,techsachin1,6,0.00712,53682,63.70087,84272
2510,tejassp919,6,0.00712,53688,63.70799,84272
2511,tekicode,6,0.00712,53694,63.71511,84272
2512,textgroove-steven,6,0.00712,53700,63.72223,84272
2513,Thebruddah,6,0.00712,53706,63.72935,84272
2514,theophilhenry,6,0.00712,53712,63.73647,84272
2515,thomasleveil,6,0.00712,53718,63.74359,84272
2516,tikr7,6,0.00712,53724,63.75071,84272
2517,toblich,6,0.00712,53730,63.75783,84272
2518,tompaana,6,0.00712,53736,63.76495,84272
2519,TomQunChaoA,6,0.00712,53742,63.77207,84272
2520,toonalbers,6,0.00712,53748,63.77919,84272
2521,tstringer-fn,6,0.00712,53754,63.78631,84272
2522,TwentyDeuterium,6,0.00712,53760,63.79343,84272
2523,unlenen,6,0.00712,53766,63.80055,84272
2524,uriariel,6,0.00712,53772,63.80767,84272
2525,usertest123test,6,0.00712,53778,63.81479,84272
2526,VadimkP,6,0.00712,53784,63.82191,84272
2527,vascocosta-spyral,6,0.00712,53790,63.82903,84272
2528,vikastharyani,6,0.00712,53796,63.83615,84272
2529,virgilp,6,0.00712,53802,63.84327,84272
2530,Vishal-Kamath,6,0.00712,53808,63.85039,84272
2531,Vithor112,6,0.00712,53814,63.85751,84272
2532,vladozar,6,0.00712,53820,63.86463,84272
2533,wangze83,6,0.00712,53826,63.87175,84272
2534,watch24hrs-iiitd,6,0.00712,53832,63.87887,84272
2535,wattie-canva,6,0.00712,53838,63.88599,84272
2536,weinberggithub,6,0.00712,53844,63.89311,84272
2537,whober0521,6,0.00712,53850,63.90023,84272
2538,wongcai,6,0.00712,53856,63.90735,84272
2539,wp4nuv,6,0.00712,53862,63.91447,84272
2540,wthrajat,6,0.00712,53868,63.92159,84272
2541,XDTD,6,0.00712,53874,63.92871,84272
2542,xxwwbb3,6,0.00712,53880,63.93583,84272
2543,yanchaomei,6,0.00712,53886,63.94295,84272
2544,yang20150702,6,0.00712,53892,63.95007,84272
2545,yazhangya,6,0.00712,53898,63.95719,84272
2546,yonas,6,0.00712,53904,63.96431,84272
2547,Yongbozzz,6,0.00712,53910,63.97143,84272
2548,ytRocky,6,0.00712,53916,63.97855,84272
2549,yuanbohan,6,0.00712,53922,63.98567,84272
2550,YuchenWang01,6,0.00712,53928,63.99279,84272
2551,yuliamitttovahuspy,6,0.00712,53934,63.99991,84272
2552,yuzhou-nj,6,0.00712,53940,64.00702,84272
2553,ywdxz,6,0.00712,53946,64.01414,84272
2554,z3rone,6,0.00712,53952,64.02126,84272
2555,zfz201220168,6,0.00712,53958,64.02838,84272
2556,zhang-jingzhe,6,0.00712,53964,64.03550,84272
2557,ZhenbangYou,6,0.00712,53970,64.04262,84272
2558,zoenkatz,6,0.00712,53976,64.04974,84272
2559,z-sourcecode,6,0.00712,53982,64.05686,84272
2560,0-0alephant,5,0.00593,53987,64.06280,84272
2561,0michalsokolowski0,5,0.00593,53992,64.06873,84272
2562,0xj0el,5,0.00593,53997,64.07466,84272
2563,2rba,5,0.00593,54002,64.08060,84272
2564,3rk1n,5,0.00593,54007,64.08653,84272
2565,4lch4,5,0.00593,54012,64.09246,84272
2566,983183947,5,0.00593,54017,64.09840,84272
2567,a516664625,5,0.00593,54022,64.10433,84272
2568,a932846905,5,0.00593,54027,64.11026,84272
2569,aadarsh-nagrath,5,0.00593,54032,64.11620,84272
2570,aaronsgeorge,5,0.00593,54037,64.12213,84272
2571,abdulahjamak,5,0.00593,54042,64.12806,84272
2572,abhinav2712,5,0.00593,54047,64.13399,84272
2573,abhishekmmgn,5,0.00593,54052,64.13993,84272
2574,abiancini,5,0.00593,54057,64.14586,84272
2575,abidmunirmalik,5,0.00593,54062,64.15179,84272
2576,acamacho-unige,5,0.00593,54067,64.15773,84272
2577,acdoussan,5,0.00593,54072,64.16366,84272
2578,adampayz,5,0.00593,54077,64.16959,84272
2579,adampetrovic,5,0.00593,54082,64.17553,84272
2580,adityasamant25,5,0.00593,54087,64.18146,84272
2581,adrian-sturm,5,0.00593,54092,64.18739,84272
2582,advithVashist,5,0.00593,54097,64.19333,84272
2583,aelsnz,5,0.00593,54102,64.19926,84272
2584,afloram,5,0.00593,54107,64.20519,84272
2585,Agalin,5,0.00593,54112,64.21113,84272
2586,ajith-sub,5,0.00593,54117,64.21706,84272
2587,akashcldcvr,5,0.00593,54122,64.22299,84272
2588,akash-verma10,5,0.00593,54127,64.22893,84272
2589,aka-somix,5,0.00593,54132,64.23486,84272
2590,akesiraju,5,0.00593,54137,64.24079,84272
2591,Akhilbisht798,5,0.00593,54142,64.24672,84272
2592,akshat-g-07,5,0.00593,54147,64.25266,84272
2593,Akshaybagai52,5,0.00593,54152,64.25859,84272
2594,Akshaykadam66,5,0.00593,54157,64.26452,84272
2595,Akshit96-ar,5,0.00593,54162,64.27046,84272
2596,alapierre,5,0.00593,54167,64.27639,84272
2597,albertsuki265,5,0.00593,54172,64.28232,84272
2598,alexandreh2ag,5,0.00593,54177,64.28826,84272
2599,alexdga,5,0.00593,54182,64.29419,84272
2600,A-Mavericks,5,0.00593,54187,64.30012,84272
2601,amirnazarizadeh,5,0.00593,54192,64.30606,84272
2602,amseager,5,0.00593,54197,64.31199,84272
2603,amunra,5,0.00593,54202,64.31792,84272
2604,anderssynstad,5,0.00593,54207,64.32386,84272
2605,andraskadar,5,0.00593,54212,64.32979,84272
2606,andrewchinnadorai,5,0.00593,54217,64.33572,84272
2607,Andrey-Ganzenko,5,0.00593,54222,64.34166,84272
2608,Andy-Dufresne1994,5,0.00593,54227,64.34759,84272
2609,andym0457,5,0.00593,54232,64.35352,84272
2610,andyolivares,5,0.00593,54237,64.35946,84272
2611,angom1,5,0.00593,54242,64.36539,84272
2612,anirudha,5,0.00593,54247,64.37132,84272
2613,ankitaludbe,5,0.00593,54252,64.37725,84272
2614,anr-tonic,5,0.00593,54257,64.38319,84272
2615,anurag4499,5,0.00593,54262,64.38912,84272
2616,arkabase,5,0.00593,54267,64.39505,84272
2617,Arkhira,5,0.00593,54272,64.40099,84272
2618,ArturoGuerra,5,0.00593,54277,64.40692,84272
2619,artuzielinskirem2,5,0.00593,54282,64.41285,84272
2620,arudinskis,5,0.00593,54287,64.41879,84272
2621,ashinsabu,5,0.00593,54292,64.42472,84272
2622,ashwinshirva,5,0.00593,54297,64.43065,84272
2623,asierzd,5,0.00593,54302,64.43659,84272
2624,ATOM594,5,0.00593,54307,64.44252,84272
2625,AtulRajput01,5,0.00593,54312,64.44845,84272
2626,auula,5,0.00593,54317,64.45439,84272
2627,avidpontoon,5,0.00593,54322,64.46032,84272
2628,axeaneProjects,5,0.00593,54327,64.46625,84272
2629,Ayaz-Tanzeem,5,0.00593,54332,64.47219,84272
2630,ayeletdeRoos,5,0.00593,54337,64.47812,84272
2631,ayesha-firdaus,5,0.00593,54342,64.48405,84272
2632,ayush-ia,5,0.00593,54347,64.48998,84272
2633,Azarchaniel,5,0.00593,54352,64.49592,84272
2634,azro352,5,0.00593,54357,64.50185,84272
2635,b0kky,5,0.00593,54362,64.50778,84272
2636,bagmeg,5,0.00593,54367,64.51372,84272
2637,Bamistand,5,0.00593,54372,64.51965,84272
2638,banool,5,0.00593,54377,64.52558,84272
2639,bbasu,5,0.00593,54382,64.53152,84272
2640,beckyxu,5,0.00593,54387,64.53745,84272
2641,BekzodYusupov,5,0.00593,54392,64.54338,84272
2642,bellpr,5,0.00593,54397,64.54932,84272
2643,benash,5,0.00593,54402,64.55525,84272
2644,benbertrands,5,0.00593,54407,64.56118,84272
2645,BhargavNalluri,5,0.00593,54412,64.56712,84272
2646,bhargavyk2002,5,0.00593,54417,64.57305,84272
2647,BhatheyBalaji,5,0.00593,54422,64.57898,84272
2648,bianjp,5,0.00593,54427,64.58492,84272
2649,bighiro,5,0.00593,54432,64.59085,84272
2650,bingo4933,5,0.00593,54437,64.59678,84272
2651,bjoneill,5,0.00593,54442,64.60272,84272
2652,bkrugery,5,0.00593,54447,64.60865,84272
2653,blancobrenden,5,0.00593,54452,64.61458,84272
2654,blckngm,5,0.00593,54457,64.62051,84272
2655,blindaks,5,0.00593,54462,64.62645,84272
2656,BlueBlueSummer,5,0.00593,54467,64.63238,84272
2657,bmanikantareddy,5,0.00593,54472,64.63831,84272
2658,BojanZelic-DD,5,0.00593,54477,64.64425,84272
2659,borederman,5,0.00593,54482,64.65018,84272
2660,Borrelhapje,5,0.00593,54487,64.65611,84272
2661,BrahmanandaKumar,5,0.00593,54492,64.66205,84272
2662,bravikr,5,0.00593,54497,64.66798,84272
2663,bread530,5,0.00593,54502,64.67391,84272
2664,britdm,5,0.00593,54507,64.67985,84272
2665,Cachiman,5,0.00593,54512,64.68578,84272
2666,cah-jad-baz,5,0.00593,54517,64.69171,84272
2667,calmius,5,0.00593,54522,64.69765,84272
2668,Caroline132,5,0.00593,54527,64.70358,84272
2669,cassianomonteiro,5,0.00593,54532,64.70951,84272
2670,CbcWestwolf,5,0.00593,54537,64.71545,84272
2671,cfiehe,5,0.00593,54542,64.72138,84272
2672,chabster4g,5,0.00593,54547,64.72731,84272
2673,Chandan7944,5,0.00593,54552,64.73324,84272
2674,Charlesthebird,5,0.00593,54557,64.73918,84272
2675,chazapp,5,0.00593,54562,64.74511,84272
2676,chhabriv,5,0.00593,54567,64.75104,84272
2677,China-Zhao,5,0.00593,54572,64.75698,84272
2678,chinmayshrikhande,5,0.00593,54577,64.76291,84272
2679,christopherlombardiconfluence,5,0.00593,54582,64.76884,84272
2680,chuong-ts,5,0.00593,54587,64.77478,84272
2681,cl-christschantz,5,0.00593,54592,64.78071,84272
2682,cn-ctl,5,0.00593,54597,64.78664,84272
2683,cnkumar20,5,0.00593,54602,64.79258,84272
2684,codding-y,5,0.00593,54607,64.79851,84272
2685,coffeelover,5,0.00593,54612,64.80444,84272
2686,colocasia98,5,0.00593,54617,64.81038,84272
2687,Colvin-Y,5,0.00593,54622,64.81631,84272
2688,cooltiger5939,5,0.00593,54627,64.82224,84272
2689,Corollary-kor,5,0.00593,54632,64.82818,84272
2690,CreatorHRS,5,0.00593,54637,64.83411,84272
2691,crowmedia,5,0.00593,54642,64.84004,84272
2692,ctmay4,5,0.00593,54647,64.84597,84272
2693,Curlybraces3,5,0.00593,54652,64.85191,84272
2694,cvirtucio,5,0.00593,54657,64.85784,84272
2695,cxcel,5,0.00593,54662,64.86377,84272
2696,DanyT,5,0.00593,54667,64.86971,84272
2697,dapeleg-dn,5,0.00593,54672,64.87564,84272
2698,dascole,5,0.00593,54677,64.88157,84272
2699,daveneeley,5,0.00593,54682,64.88751,84272
2700,David3310273,5,0.00593,54687,64.89344,84272
2701,davidscodex,5,0.00593,54692,64.89937,84272
2702,dbasunag,5,0.00593,54697,64.90531,84272
2703,ddubrava,5,0.00593,54702,64.91124,84272
2704,DeepKandey,5,0.00593,54707,64.91717,84272
2705,deltaepsilon,5,0.00593,54712,64.92311,84272
2706,DengJieProgrammer,5,0.00593,54717,64.92904,84272
2707,dennislapchenko,5,0.00593,54722,64.93497,84272
2708,dered-dev,5,0.00593,54727,64.94091,84272
2709,derrickhayashi,5,0.00593,54732,64.94684,84272
2710,destotelhorus,5,0.00593,54737,64.95277,84272
2711,dev1-SnoozeThis,5,0.00593,54742,64.95871,84272
2712,DevilsAutumn,5,0.00593,54747,64.96464,84272
2713,Dev-SumitPatil,5,0.00593,54752,64.97057,84272
2714,DheerajKhajuria,5,0.00593,54757,64.97650,84272
2715,dhirajsittu781,5,0.00593,54762,64.98244,84272
2716,DhruvShah09,5,0.00593,54767,64.98837,84272
2717,DhruvSinghiitmandi,5,0.00593,54772,64.99430,84272
2718,Diadormu,5,0.00593,54777,65.00024,84272
2719,dihmandrake,5,0.00593,54782,65.00617,84272
2720,dingshuangxi888,5,0.00593,54787,65.01210,84272
2721,dingzhipeng2023,5,0.00593,54792,65.01804,84272
2722,dioguinhocst,5,0.00593,54797,65.02397,84272
2723,dipk-mish7,5,0.00593,54802,65.02990,84272
2724,dirai13,5,0.00593,54807,65.03584,84272
2725,divzi-p,5,0.00593,54812,65.04177,84272
2726,dmaneru,5,0.00593,54817,65.04770,84272
2727,doudou6769,5,0.00593,54822,65.05364,84272
2728,dphuang2,5,0.00593,54827,65.05957,84272
2729,DropsWJL,5,0.00593,54832,65.06550,84272
2730,dss010101,5,0.00593,54837,65.07144,84272
2731,DuncanCasteleyn,5,0.00593,54842,65.07737,84272
2732,dvsingh9,5,0.00593,54847,65.08330,84272
2733,eassa,5,0.00593,54852,65.08923,84272
2734,ebespali,5,0.00593,54857,65.09517,84272
2735,EdikAndriasyan,5,0.00593,54862,65.10110,84272
2736,eduard-bystrov,5,0.00593,54867,65.10703,84272
2737,eduardosanzb,5,0.00593,54872,65.11297,84272
2738,edwardramsey,5,0.00593,54877,65.11890,84272
2739,eefienw,5,0.00593,54882,65.12483,84272
2740,ElonMuskkkkkk,5,0.00593,54887,65.13077,84272
2741,emalashree,5,0.00593,54892,65.13670,84272
2742,emiwidp,5,0.00593,54897,65.14263,84272
2743,ericdriggs,5,0.00593,54902,65.14857,84272
2744,ericzty,5,0.00593,54907,65.15450,84272
2745,etazhou,5,0.00593,54912,65.16043,84272
2746,euchen-circle,5,0.00593,54917,65.16637,84272
2747,evgenyfadeev,5,0.00593,54922,65.17230,84272
2748,evolart,5,0.00593,54927,65.17823,84272
2749,Expurple,5,0.00593,54932,65.18417,84272
2750,faheemgani,5,0.00593,54937,65.19010,84272
2751,farhodyusupov,5,0.00593,54942,65.19603,84272
2752,fayvori,5,0.00593,54947,65.20197,84272
2753,Fazhan-cs,5,0.00593,54952,65.20790,84272
2754,fdaguin,5,0.00593,54957,65.21383,84272
2755,fleroux514,5,0.00593,54962,65.21976,84272
2756,FloSophorae,5,0.00593,54967,65.22570,84272
2757,flybayer,5,0.00593,54972,65.23163,84272
2758,flyerjayden,5,0.00593,54977,65.23756,84272
2759,fmorgad0,5,0.00593,54982,65.24350,84272
2760,fpunzohig,5,0.00593,54987,65.24943,84272
2761,fredtibbitts,5,0.00593,54992,65.25536,84272
2762,frombrest,5,0.00593,54997,65.26130,84272
2763,fstaudt,5,0.00593,55002,65.26723,84272
2764,FVarya,5,0.00593,55007,65.27316,84272
2765,fvitolo,5,0.00593,55012,65.27910,84272
2766,fyu17,5,0.00593,55017,65.28503,84272
2767,gabrielreid,5,0.00593,55022,65.29096,84272
2768,gaiters-cafes,5,0.00593,55027,65.29690,84272
2769,gaoyonglong,5,0.00593,55032,65.30283,84272
2770,Gargameldtburp,5,0.00593,55037,65.30876,84272
2771,garrett528,5,0.00593,55042,65.31470,84272
2772,garyclee,5,0.00593,55047,65.32063,84272
2773,geissonator,5,0.00593,55052,65.32656,84272
2774,George-Payne,5,0.00593,55057,65.33249,84272
2775,giancorderoortiz,5,0.00593,55062,65.33843,84272
2776,GianlucaCesari,5,0.00593,55067,65.34436,84272
2777,gilbertobr,5,0.00593,55072,65.35029,84272
2778,gkulkarni32,5,0.00593,55077,65.35623,84272
2779,glengemann,5,0.00593,55082,65.36216,84272
2780,gmartin-flexe,5,0.00593,55087,65.36809,84272
2781,googer-zhang,5,0.00593,55092,65.37403,84272
2782,gopinjag,5,0.00593,55097,65.37996,84272
2783,gorexlv,5,0.00593,55102,65.38589,84272
2784,gowtham500,5,0.00593,55107,65.39183,84272
2785,grcevski,5,0.00593,55112,65.39776,84272
2786,greencat3,5,0.00593,55117,65.40369,84272
2787,gu0keno0,5,0.00593,55122,65.40963,84272
2788,guicailiao,5,0.00593,55127,65.41556,84272
2789,guido-1,5,0.00593,55132,65.42149,84272
2790,guohaonan-shy,5,0.00593,55137,65.42743,84272
2791,gus4rs,5,0.00593,55142,65.43336,84272
2792,gyfora,5,0.00593,55147,65.43929,84272
2793,hapeho,5,0.00593,55152,65.44522,84272
2794,harsh-del,5,0.00593,55157,65.45116,84272
2795,H-a-rshit,5,0.00593,55162,65.45709,84272
2796,harshraigroww,5,0.00593,55167,65.46302,84272
2797,HarshRithalia,5,0.00593,55172,65.46896,84272
2798,Harshu467,5,0.00593,55177,65.47489,84272
2799,harvey103565,5,0.00593,55182,65.48082,84272
2800,harveysmurf,5,0.00593,55187,65.48676,84272
2801,HassanTanveer,5,0.00593,55192,65.49269,84272
2802,h-e-l-o,5,0.00593,55197,65.49862,84272
2803,HenriquePiccolo,5,0.00593,55202,65.50456,84272
2804,Hezq,5,0.00593,55207,65.51049,84272
2805,HippoBaro,5,0.00593,55212,65.51642,84272
2806,holmes89,5,0.00593,55217,65.52236,84272
2807,hoptical,5,0.00593,55222,65.52829,84272
2808,hugordon7,5,0.00593,55227,65.53422,84272
2809,hugo-sid,5,0.00593,55232,65.54016,84272
2810,hylowaker,5,0.00593,55237,65.54609,84272
2811,hzhhong,5,0.00593,55242,65.55202,84272
2812,iamxiaozhuang,5,0.00593,55247,65.55796,84272
2813,idakucamupeva,5,0.00593,55252,65.56389,84272
2814,igormish,5,0.00593,55257,65.56982,84272
2815,igorsilveriocosta,5,0.00593,55262,65.57575,84272
2816,ikolesnikovrevizto,5,0.00593,55267,65.58169,84272
2817,im4kv,5,0.00593,55272,65.58762,84272
2818,ImMnan,5,0.00593,55277,65.59355,84272
2819,imsunv,5,0.00593,55282,65.59949,84272
2820,imzhangsiwei,5,0.00593,55287,65.60542,84272
2821,isaacsgi,5,0.00593,55292,65.61135,84272
2822,isayeter,5,0.00593,55297,65.61729,84272
2823,ishan301,5,0.00593,55302,65.62322,84272
2824,isshe,5,0.00593,55307,65.62915,84272
2825,ithinuel,5,0.00593,55312,65.63509,84272
2826,itsajay1029,5,0.00593,55317,65.64102,84272
2827,Itswag,5,0.00593,55322,65.64695,84272
2828,ivan-nejezchleb,5,0.00593,55327,65.65289,84272
2829,IvyJeptoo,5,0.00593,55332,65.65882,84272
2830,izazahamed-babji,5,0.00593,55337,65.66475,84272
2831,J0N47H4N,5,0.00593,55342,65.67069,84272
2832,JackJiaJJ,5,0.00593,55347,65.67662,84272
2833,jacob-bresciani-everbridge,5,0.00593,55352,65.68255,84272
2834,jamalshahverdiev,5,0.00593,55357,65.68848,84272
2835,james-laing,5,0.00593,55362,65.69442,84272
2836,JanaganSaravanan,5,0.00593,55367,65.70035,84272
2837,Janardhan78,5,0.00593,55372,65.70628,84272
2838,JanFrank,5,0.00593,55377,65.71222,84272
2839,Janice1457,5,0.00593,55382,65.71815,84272
2840,jannotti-glaucio,5,0.00593,55387,65.72408,84272
2841,jaqua,5,0.00593,55392,65.73002,84272
2842,JasonMan34,5,0.00593,55397,65.73595,84272
2843,j-asser,5,0.00593,55402,65.74188,84272
2844,jaswalkiranavtar,5,0.00593,55407,65.74782,84272
2845,JaviOverflow,5,0.00593,55412,65.75375,84272
2846,jaycee999,5,0.00593,55417,65.75968,84272
2847,jay-docusign,5,0.00593,55422,65.76562,84272
2848,jayin92,5,0.00593,55427,65.77155,84272
2849,jclegras,5,0.00593,55432,65.77748,84272
2850,JeanMars,5,0.00593,55437,65.78342,84272
2851,jeffcotts,5,0.00593,55442,65.78935,84272
2852,jepson66,5,0.00593,55447,65.79528,84272
2853,jeromeku,5,0.00593,55452,65.80122,84272
2854,JFCote,5,0.00593,55457,65.80715,84272
2855,jgsheppa,5,0.00593,55462,65.81308,84272
2856,jhalterman,5,0.00593,55467,65.81901,84272
2857,Jhoysbou,5,0.00593,55472,65.82495,84272
2858,jiangsanyin,5,0.00593,55477,65.83088,84272
2859,JimChenWYU,5,0.00593,55482,65.83681,84272
2860,jizhuozhi,5,0.00593,55487,65.84275,84272
2861,JKBGIT1,5,0.00593,55492,65.84868,84272
2862,jmloyola,5,0.00593,55497,65.85461,84272
2863,jmndao,5,0.00593,55502,65.86055,84272
2864,jo1132,5,0.00593,55507,65.86648,84272
2865,joaothallis,5,0.00593,55512,65.87241,84272
2866,johannes-manner,5,0.00593,55517,65.87835,84272
2867,jonasbartho,5,0.00593,55522,65.88428,84272
2868,jonathan-lee-devel,5,0.00593,55527,65.89021,84272
2869,jplatte,5,0.00593,55532,65.89615,84272
2870,js290,5,0.00593,55537,65.90208,84272
2871,jsndk,5,0.00593,55542,65.90801,84272
2872,juilan3con,5,0.00593,55547,65.91395,84272
2873,JunedKhan101,5,0.00593,55552,65.91988,84272
2874,juniorsaldanha,5,0.00593,55557,65.92581,84272
2875,juskek,5,0.00593,55562,65.93174,84272
2876,justin-tay,5,0.00593,55567,65.93768,84272
2877,jyf111,5,0.00593,55572,65.94361,84272
2878,jyothi-balla,5,0.00593,55577,65.94954,84272
2879,kaber2,5,0.00593,55582,65.95548,84272
2880,kaiburjack,5,0.00593,55587,65.96141,84272
2881,kaspars,5,0.00593,55592,65.96734,84272
2882,kc9ddi,5,0.00593,55597,65.97328,84272
2883,keepthemomentum,5,0.00593,55602,65.97921,84272
2884,keita127,5,0.00593,55607,65.98514,84272
2885,kenneth-buck-form3,5,0.00593,55612,65.99108,84272
2886,kerisha-teleios,5,0.00593,55617,65.99701,84272
2887,KevinDodds,5,0.00593,55622,66.00294,84272
2888,khasanovbi,5,0.00593,55627,66.00888,84272
2889,kicks321,5,0.00593,55632,66.01481,84272
2890,KimZhai,5,0.00593,55637,66.02074,84272
2891,kjthorpe18,5,0.00593,55642,66.02668,84272
2892,klmmmv,5,0.00593,55647,66.03261,84272
2893,kochia7,5,0.00593,55652,66.03854,84272
2894,koko2pp,5,0.00593,55657,66.04448,84272
2895,kotlaja,5,0.00593,55662,66.05041,84272
2896,koungkub,5,0.00593,55667,66.05634,84272
2897,kpatel71716,5,0.00593,55672,66.06227,84272
2898,kpraveersingh,5,0.00593,55677,66.06821,84272
2899,Krishnadas-KP,5,0.00593,55682,66.07414,84272
2900,krosenk729,5,0.00593,55687,66.08007,84272
2901,kryslynn230,5,0.00593,55692,66.08601,84272
2902,kumanik,5,0.00593,55697,66.09194,84272
2903,kundan766,5,0.00593,55702,66.09787,84272
2904,KuZon,5,0.00593,55707,66.10381,84272
2905,kync,5,0.00593,55712,66.10974,84272
2906,lasermoth,5,0.00593,55717,66.11567,84272
2907,lazyshawn,5,0.00593,55722,66.12161,84272
2908,lczcode,5,0.00593,55727,66.12754,84272
2909,Leeeuijooo,5,0.00593,55732,66.13347,84272
2910,Lempossible,5,0.00593,55737,66.13941,84272
2911,leoneperdigao,5,0.00593,55742,66.14534,84272
2912,LeonidPistryi,5,0.00593,55747,66.15127,84272
2913,Liamtoha,5,0.00593,55752,66.15721,84272
2914,liangxiong3403,5,0.00593,55757,66.16314,84272
2915,LingyanYin,5,0.00593,55762,66.16907,84272
2916,liulanyi,5,0.00593,55767,66.17500,84272
2917,liuxinwen,5,0.00593,55772,66.18094,84272
2918,lleiiell,5,0.00593,55777,66.18687,84272
2919,Lodrus,5,0.00593,55782,66.19280,84272
2920,Loginsoft-Research,5,0.00593,55787,66.19874,84272
2921,lordvader89a,5,0.00593,55792,66.20467,84272
2922,lshwayne96,5,0.00593,55797,66.21060,84272
2923,lts-rad,5,0.00593,55802,66.21654,84272
2924,lujiashun,5,0.00593,55807,66.22247,84272
2925,lukasfruntke-extern,5,0.00593,55812,66.22840,84272
2926,LuWang1983,5,0.00593,55817,66.23434,84272
2927,LZING,5,0.00593,55822,66.24027,84272
2928,m00nyONE,5,0.00593,55827,66.24620,84272
2929,m1212e,5,0.00593,55832,66.25214,84272
2930,MadhusudanN,5,0.00593,55837,66.25807,84272
2931,magiceses,5,0.00593,55842,66.26400,84272
2932,maheshwariST,5,0.00593,55847,66.26994,84272
2933,manishgsp,5,0.00593,55852,66.27587,84272
2934,marcm-ml,5,0.00593,55857,66.28180,84272
2935,Marcos-cc,5,0.00593,55862,66.28773,84272
2936,mariia-maksimova,5,0.00593,55867,66.29367,84272
2937,MartijnPDirekt,5,0.00593,55872,66.29960,84272
2938,martinmr,5,0.00593,55877,66.30553,84272
2939,martin-wanerskar,5,0.00593,55882,66.31147,84272
2940,marvY-O,5,0.00593,55887,66.31740,84272
2941,MaryAyobami,5,0.00593,55892,66.32333,84272
2942,matheusjunior,5,0.00593,55897,66.32927,84272
2943,matmb-cld,5,0.00593,55902,66.33520,84272
2944,matthias-pichler-warrify,5,0.00593,55907,66.34113,84272
2945,matt-rauch,5,0.00593,55912,66.34707,84272
2946,mcube8,5,0.00593,55917,66.35300,84272
2947,mehrshad-kh,5,0.00593,55922,66.35893,84272
2948,mehulkhanna25,5,0.00593,55927,66.36487,84272
2949,MeowChan27,5,0.00593,55932,66.37080,84272
2950,mergenci,5,0.00593,55937,66.37673,84272
2951,mhebbel2,5,0.00593,55942,66.38267,84272
2952,miao0miao,5,0.00593,55947,66.38860,84272
2953,micgeronimo,5,0.00593,55952,66.39453,84272
2954,michaelfromyeg,5,0.00593,55957,66.40047,84272
2955,Michalski-Piotr,5,0.00593,55962,66.40640,84272
2956,milanankush,5,0.00593,55967,66.41233,84272
2957,miloaissatu,5,0.00593,55972,66.41826,84272
2958,misaya98,5,0.00593,55977,66.42420,84272
2959,Mishavint,5,0.00593,55982,66.43013,84272
2960,miworfi,5,0.00593,55987,66.43606,84272
2961,mjptree,5,0.00593,55992,66.44200,84272
2962,m-mohamadi,5,0.00593,55997,66.44793,84272
2963,mmuthukrishnan,5,0.00593,56002,66.45386,84272
2964,mmuto118,5,0.00593,56007,66.45980,84272
2965,moberghammer,5,0.00593,56012,66.46573,84272
2966,mohammed-infstones,5,0.00593,56017,66.47166,84272
2967,MohdSultanGit,5,0.00593,56022,66.47760,84272
2968,momoah,5,0.00593,56027,66.48353,84272
2969,monkey92t,5,0.00593,56032,66.48946,84272
2970,mrafee113,5,0.00593,56037,66.49540,84272
2971,mrhan1993,5,0.00593,56042,66.50133,84272
2972,Mr-Verb,5,0.00593,56047,66.50726,84272
2973,muradm,5,0.00593,56052,66.51320,84272
2974,mylaluna,5,0.00593,56057,66.51913,84272
2975,Myth-Lee,5,0.00593,56062,66.52506,84272
2976,nabbdl,5,0.00593,56067,66.53099,84272
2977,Naidile-P-N,5,0.00593,56072,66.53693,84272
2978,Nancyww-Njucs,5,0.00593,56077,66.54286,84272
2979,Nathanael-Mtd,5,0.00593,56082,66.54879,84272
2980,NathanNam,5,0.00593,56087,66.55473,84272
2981,natusameer,5,0.00593,56092,66.56066,84272
2982,naveadkazi,5,0.00593,56097,66.56659,84272
2983,Nguyenpham89,5,0.00593,56102,66.57253,84272
2984,nguyenthai0107,5,0.00593,56107,66.57846,84272
2985,nicolaslacroux,5,0.00593,56112,66.58439,84272
2986,NierYYDS,5,0.00593,56117,66.59033,84272
2987,Nikko-Adrian-Pacleb,5,0.00593,56122,66.59626,84272
2988,nikolasj,5,0.00593,56127,66.60219,84272
2989,niranjandarshan,5,0.00593,56132,66.60813,84272
2990,nirhil10,5,0.00593,56137,66.61406,84272
2991,NirLevy98,5,0.00593,56142,66.61999,84272
2992,NishantEC,5,0.00593,56147,66.62593,84272
2993,nl-brett-stime,5,0.00593,56152,66.63186,84272
2994,nnelas,5,0.00593,56157,66.63779,84272
2995,noiter,5,0.00593,56162,66.64373,84272
2996,Noroth,5,0.00593,56167,66.64966,84272
2997,not-fabian,5,0.00593,56172,66.65559,84272
2998,ntang86,5,0.00593,56177,66.66152,84272
2999,og3og,5,0.00593,56182,66.66746,84272
3000,ogghead,5,0.00593,56187,66.67339,84272
3001,olegbespalov,5,0.00593,56192,66.67932,84272
3002,oliverdavidnoguerasanmartin,5,0.00593,56197,66.68526,84272
3003,OmriLevyTau,5,0.00593,56202,66.69119,84272
3004,onlythisnamewasfree,5,0.00593,56207,66.69712,84272
3005,os14,5,0.00593,56212,66.70306,84272
3006,p3achyjr,5,0.00593,56217,66.70899,84272
3007,pabluk,5,0.00593,56222,66.71492,84272
3008,pa-mc,5,0.00593,56227,66.72086,84272
3009,PapaNappa,5,0.00593,56232,66.72679,84272
3010,pauleHeisster,5,0.00593,56237,66.73272,84272
3011,PavanKalyan-Gandhapudi,5,0.00593,56242,66.73866,84272
3012,pawx2,5,0.00593,56247,66.74459,84272
3013,pcheung-sfdc,5,0.00593,56252,66.75052,84272
3014,pdolezal,5,0.00593,56257,66.75646,84272
3015,PedroAugustoRamalhoDuarte,5,0.00593,56262,66.76239,84272
3016,peeplika,5,0.00593,56267,66.76832,84272
3017,pgcrooks-sysdig,5,0.00593,56272,66.77425,84272
3018,philippmoritzer,5,0.00593,56277,66.78019,84272
3019,phmcder,5,0.00593,56282,66.78612,84272
3020,phunyguy,5,0.00593,56287,66.79205,84272
3021,pidreher,5,0.00593,56292,66.79799,84272
3022,Pionerd,5,0.00593,56297,66.80392,84272
3023,pkpndy,5,0.00593,56302,66.80985,84272
3024,plutarcian,5,0.00593,56307,66.81579,84272
3025,poonamgp14,5,0.00593,56312,66.82172,84272
3026,postmeback,5,0.00593,56317,66.82765,84272
3027,ppaez-life360,5,0.00593,56322,66.83359,84272
3028,Prajesh7,5,0.00593,56327,66.83952,84272
3029,pranasge,5,0.00593,56332,66.84545,84272
3030,prashant6475,5,0.00593,56337,66.85139,84272
3031,prashanth-nagaraj1,5,0.00593,56342,66.85732,84272
3032,preston-willis,5,0.00593,56347,66.86325,84272
3033,priyamalart,5,0.00593,56352,66.86919,84272
3034,pura1029,5,0.00593,56357,66.87512,84272
3035,PureRaidenCloud,5,0.00593,56362,66.88105,84272
3036,qashlan,5,0.00593,56367,66.88699,84272
3037,qoehliang,5,0.00593,56372,66.89292,84272
3038,Qzy568,5,0.00593,56377,66.89885,84272
3039,r4rajat,5,0.00593,56382,66.90478,84272
3040,radirobi,5,0.00593,56387,66.91072,84272
3041,RajatPorwal5,5,0.00593,56392,66.91665,84272
3042,ramnar-oss,5,0.00593,56397,66.92258,84272
3043,ramumanam,5,0.00593,56402,66.92852,84272
3044,rangzen,5,0.00593,56407,66.93445,84272
3045,RATANAJANGIR,5,0.00593,56412,66.94038,84272
3046,raviranjandutta,5,0.00593,56417,66.94632,84272
3047,rayhatfield,5,0.00593,56422,66.95225,84272
3048,rayoluo,5,0.00593,56427,66.95818,84272
3049,rcmadhankumar,5,0.00593,56432,66.96412,84272
3050,r-delgadillo,5,0.00593,56437,66.97005,84272
3051,r-devops,5,0.00593,56442,66.97598,84272
3052,rdt-nick,5,0.00593,56447,66.98192,84272
3053,refi64,5,0.00593,56452,66.98785,84272
3054,ReOneK,5,0.00593,56457,66.99378,84272
3055,rex-structorum,5,0.00593,56462,66.99972,84272
3056,ricardorqr,5,0.00593,56467,67.00565,84272
3057,RiccardoBoettcher,5,0.00593,56472,67.01158,84272
3058,ricordanza,5,0.00593,56477,67.01751,84272
3059,riendeau,5,0.00593,56482,67.02345,84272
3060,Ritesh007,5,0.00593,56487,67.02938,84272
3061,rlleshi,5,0.00593,56492,67.03531,84272
3062,rlopzc,5,0.00593,56497,67.04125,84272
3063,rml204,5,0.00593,56502,67.04718,84272
3064,rniranjan89,5,0.00593,56507,67.05311,84272
3065,robertwenquan,5,0.00593,56512,67.05905,84272
3066,robpearce-flux,5,0.00593,56517,67.06498,84272
3067,rohan9024,5,0.00593,56522,67.07091,84272
3068,rohitkumar07,5,0.00593,56527,67.07685,84272
3069,roman-garcia,5,0.00593,56532,67.08278,84272
3070,RomanOrlovskiy,5,0.00593,56537,67.08871,84272
3071,ronit-nandwani,5,0.00593,56542,67.09465,84272
3072,rosawu159,5,0.00593,56547,67.10058,84272
3073,rupertgti,5,0.00593,56552,67.10651,84272
3074,ruthwik3690,5,0.00593,56557,67.11245,84272
3075,rvyas-strata,5,0.00593,56562,67.11838,84272
3076,rzumbado,5,0.00593,56567,67.12431,84272
3077,saamrezaei,5,0.00593,56572,67.13024,84272
3078,sachintiptur,5,0.00593,56577,67.13618,84272
3079,sadonghwan,5,0.00593,56582,67.14211,84272
3080,sahana-r,5,0.00593,56587,67.14804,84272
3081,saisuvanth,5,0.00593,56592,67.15398,84272
3082,Sakh1l,5,0.00593,56597,67.15991,84272
3083,saklasing,5,0.00593,56602,67.16584,84272
3084,samin36,5,0.00593,56607,67.17178,84272
3085,sampathsris,5,0.00593,56612,67.17771,84272
3086,sam-som,5,0.00593,56617,67.18364,84272
3087,sang-au,5,0.00593,56622,67.18958,84272
3088,sankaritan,5,0.00593,56627,67.19551,84272
3089,Sanskarzz,5,0.00593,56632,67.20144,84272
3090,santudiya,5,0.00593,56637,67.20738,84272
3091,Sarony11,5,0.00593,56642,67.21331,84272
3092,Saurav-Pant,5,0.00593,56647,67.21924,84272
3093,schlags,5,0.00593,56652,67.22518,84272
3094,sdiamond2,5,0.00593,56657,67.23111,84272
3095,seanevans,5,0.00593,56662,67.23704,84272
3096,sebpretzer,5,0.00593,56667,67.24298,84272
3097,sepehrsoh,5,0.00593,56672,67.24891,84272
3098,sethrylan,5,0.00593,56677,67.25484,84272
3099,SevenEarth,5,0.00593,56682,67.26077,84272
3100,sfc-gh-bdeng,5,0.00593,56687,67.26671,84272
3101,shahrajesh2006,5,0.00593,56692,67.27264,84272
3102,sharadkhoji123,5,0.00593,56697,67.27857,84272
3103,sheidkamp,5,0.00593,56702,67.28451,84272
3104,shivakrishna0102,5,0.00593,56707,67.29044,84272
3105,ShreyanshMehta,5,0.00593,56712,67.29637,84272
3106,shrutichy91,5,0.00593,56717,67.30231,84272
3107,silvergasp,5,0.00593,56722,67.30824,84272
3108,simsnow,5,0.00593,56727,67.31417,84272
3109,SimunKaracic,5,0.00593,56732,67.32011,84272
3110,sinacek,5,0.00593,56737,67.32604,84272
3111,Singh02306,5,0.00593,56742,67.33197,84272
3112,SinguJ,5,0.00593,56747,67.33791,84272
3113,sipatha,5,0.00593,56752,67.34384,84272
3114,sjanorkar,5,0.00593,56757,67.34977,84272
3115,SlaterByte,5,0.00593,56762,67.35571,84272
3116,smbecker,5,0.00593,56767,67.36164,84272
3117,smcguirecn,5,0.00593,56772,67.36757,84272
3118,sn4psh0t,5,0.00593,56777,67.37350,84272
3119,SohailWahab-hub,5,0.00593,56782,67.37944,84272
3120,SoumyadeepOSD,5,0.00593,56787,67.38537,84272
3121,Sovenique,5,0.00593,56792,67.39130,84272
3122,spatxos,5,0.00593,56797,67.39724,84272
3123,srikarjavvaji,5,0.00593,56802,67.40317,84272
3124,srivastav-abhishek,5,0.00593,56807,67.40910,84272
3125,SSvilen,5,0.00593,56812,67.41504,84272
3126,stanworld,5,0.00593,56817,67.42097,84272
3127,stdedos,5,0.00593,56822,67.42690,84272
3128,stephen-swensen,5,0.00593,56827,67.43284,84272
3129,struffel,5,0.00593,56832,67.43877,84272
3130,studycloudnative,5,0.00593,56837,67.44470,84272
3131,STX5,5,0.00593,56842,67.45064,84272
3132,sumit-cyber,5,0.00593,56847,67.45657,84272
3133,SuniAve,5,0.00593,56852,67.46250,84272
3134,supzi-del,5,0.00593,56857,67.46844,84272
3135,svanrossem,5,0.00593,56862,67.47437,84272
3136,swarup-stripe,5,0.00593,56867,67.48030,84272
3137,sybereal,5,0.00593,56872,67.48624,84272
3138,sysdef,5,0.00593,56877,67.49217,84272
3139,szeyit,5,0.00593,56882,67.49810,84272
3140,szl-njucs,5,0.00593,56887,67.50403,84272
3141,talife,5,0.00593,56892,67.50997,84272
3142,tania2,5,0.00593,56897,67.51590,84272
3143,taoc2021,5,0.00593,56902,67.52183,84272
3144,Tariqs,5,0.00593,56907,67.52777,84272
3145,tasrieit,5,0.00593,56912,67.53370,84272
3146,tayaleelin,5,0.00593,56917,67.53963,84272
3147,TBG-FR,5,0.00593,56922,67.54557,84272
3148,TheImpressiveDonut,5,0.00593,56927,67.55150,84272
3149,thetombombadil,5,0.00593,56932,67.55743,84272
3150,ThomasWattez,5,0.00593,56937,67.56337,84272
3151,thomob,5,0.00593,56942,67.56930,84272
3152,tiansiyuan,5,0.00593,56947,67.57523,84272
3153,tihhoni,5,0.00593,56952,67.58117,84272
3154,tinpotnick,5,0.00593,56957,67.58710,84272
3155,TnGadaria,5,0.00593,56962,67.59303,84272
3156,Todoroki02,5,0.00593,56967,67.59897,84272
3157,tomaszkrzyzanowski,5,0.00593,56972,67.60490,84272
3158,tom-diacono,5,0.00593,56977,67.61083,84272
3159,tomwiggers,5,0.00593,56982,67.61676,84272
3160,TonDar0n,5,0.00593,56987,67.62270,84272
3161,TongKangheng,5,0.00593,56992,67.62863,84272
3162,toniiiik,5,0.00593,56997,67.63456,84272
3163,TrickEye,5,0.00593,57002,67.64050,84272
3164,tringler,5,0.00593,57007,67.64643,84272
3165,twthorn,5,0.00593,57012,67.65236,84272
3166,unktone,5,0.00593,57017,67.65830,84272
3167,ustndagsemih,5,0.00593,57022,67.66423,84272
3168,v1ku,5,0.00593,57027,67.67016,84272
3169,Vadiraj-Puranik,5,0.00593,57032,67.67610,84272
3170,VAISHALI-NILE,5,0.00593,57037,67.68203,84272
3171,VascoBotelho,5,0.00593,57042,67.68796,84272
3172,vedsmand,5,0.00593,57047,67.69390,84272
3173,veeruns,5,0.00593,57052,67.69983,84272
3174,venesh0709,5,0.00593,57057,67.70576,84272
3175,venugopalsakamuri,5,0.00593,57062,67.71170,84272
3176,vernou,5,0.00593,57067,67.71763,84272
3177,Vessel-arch,5,0.00593,57072,67.72356,84272
3178,VictorSFaria,5,0.00593,57077,67.72949,84272
3179,vjn-123,5,0.00593,57082,67.73543,84272
3180,voidstatic888,5,0.00593,57087,67.74136,84272
3181,volodaiy,5,0.00593,57092,67.74729,84272
3182,vveeregandha,5,0.00593,57097,67.75323,84272
3183,w12379564,5,0.00593,57102,67.75916,84272
3184,wcsceshi,5,0.00593,57107,67.76509,84272
3185,weedge,5,0.00593,57112,67.77103,84272
3186,wego1236,5,0.00593,57117,67.77696,84272
3187,wernergiam,5,0.00593,57122,67.78289,84272
3188,whzghb,5,0.00593,57127,67.78883,84272
3189,wic006,5,0.00593,57132,67.79476,84272
3190,wizo06,5,0.00593,57137,67.80069,84272
3191,woogeee,5,0.00593,57142,67.80663,84272
3192,wwilfinger,5,0.00593,57147,67.81256,84272
3193,wxlnet,5,0.00593,57152,67.81849,84272
3194,wys199703,5,0.00593,57157,67.82443,84272
3195,XinyiZhangAws,5,0.00593,57162,67.83036,84272
3196,xiqing-zhang,5,0.00593,57167,67.83629,84272
3197,xisanlou,5,0.00593,57172,67.84223,84272
3198,xloem,5,0.00593,57177,67.84816,84272
3199,xorinzor,5,0.00593,57182,67.85409,84272
3200,xosofox,5,0.00593,57187,67.86002,84272
3201,xuruidong,5,0.00593,57192,67.86596,84272
3202,xxandjg,5,0.00593,57197,67.87189,84272
3203,xxmaestroxx,5,0.00593,57202,67.87782,84272
3204,Yagi91,5,0.00593,57207,67.88376,84272
3205,yanzhifa,5,0.00593,57212,67.88969,84272
3206,yixinin,5,0.00593,57217,67.89562,84272
3207,yokodzun,5,0.00593,57222,67.90156,84272
3208,yoohot,5,0.00593,57227,67.90749,84272
3209,yuanqijing,5,0.00593,57232,67.91342,84272
3210,yuhao-su,5,0.00593,57237,67.91936,84272
3211,yujietan,5,0.00593,57242,67.92529,84272
3212,zafir-zhong,5,0.00593,57247,67.93122,84272
3213,zdenko-kovac,5,0.00593,57252,67.93716,84272
3214,zemzelett,5,0.00593,57257,67.94309,84272
3215,zentkhv,5,0.00593,57262,67.94902,84272
3216,zeqk,5,0.00593,57267,67.95496,84272
3217,zhchai,5,0.00593,57272,67.96089,84272
3218,ZihongQu,5,0.00593,57277,67.96682,84272
3219,ziidu,5,0.00593,57282,67.97275,84272
3220,ZLBer,5,0.00593,57287,67.97869,84272
3221,ZpitQ,5,0.00593,57292,67.98462,84272
3222,zzzyesok,5,0.00593,57297,67.99055,84272
3223,0Bu,4,0.00475,57301,67.99530,84272
3224,0haha,4,0.00475,57305,68.00005,84272
3225,1182986209,4,0.00475,57309,68.00479,84272
3226,710210668,4,0.00475,57313,68.00954,84272
3227,7sunarni,4,0.00475,57317,68.01429,84272
3228,A2Y-D5L,4,0.00475,57321,68.01903,84272
3229,A4ANK,4,0.00475,57325,68.02378,84272
3230,aaemula,4,0.00475,57329,68.02853,84272
3231,aashi-ihsaa,4,0.00475,57333,68.03327,84272
3232,ab7022,4,0.00475,57337,68.03802,84272
3233,aberkvam,4,0.00475,57341,68.04277,84272
3234,AbhaysCode,4,0.00475,57345,68.04751,84272
3235,Abhijeetmishr,4,0.00475,57349,68.05226,84272
3236,abhinavk96,4,0.00475,57353,68.05701,84272
3237,abhishek44sharma,4,0.00475,57357,68.06175,84272
3238,Achooo,4,0.00475,57361,68.06650,84272
3239,acll19,4,0.00475,57365,68.07125,84272
3240,adamlyka,4,0.00475,57369,68.07599,84272
3241,adam-mateen,4,0.00475,57373,68.08074,84272
3242,AdamShannag,4,0.00475,57377,68.08549,84272
3243,adelcsc,4,0.00475,57381,68.09023,84272
3244,ademar-prothon,4,0.00475,57385,68.09498,84272
3245,aditya-agarwal-groww,4,0.00475,57389,68.09972,84272
3246,adityabhatia,4,0.00475,57393,68.10447,84272
3247,adobemomo,4,0.00475,57397,68.10922,84272
3248,AdoPi,4,0.00475,57401,68.11396,84272
3249,adrhine,4,0.00475,57405,68.11871,84272
3250,ag17sep,4,0.00475,57409,68.12346,84272
3251,AhanWhite,4,0.00475,57413,68.12820,84272
3252,Ahmed20230,4,0.00475,57417,68.13295,84272
3253,aishwarya-senthilkumar,4,0.00475,57421,68.13770,84272
3254,ajayudayagiri-hpe,4,0.00475,57425,68.14244,84272
3255,AJPL88,4,0.00475,57429,68.14719,84272
3256,AkashKumar7902,4,0.00475,57433,68.15194,84272
3257,akhilesh-godi,4,0.00475,57437,68.15668,84272
3258,akoken,4,0.00475,57441,68.16143,84272
3259,akshaiks22,4,0.00475,57445,68.16618,84272
3260,akshaya-hub,4,0.00475,57449,68.17092,84272
3261,aku-oanda,4,0.00475,57453,68.17567,84272
3262,alb12393,4,0.00475,57457,68.18042,84272
3263,albibanushi,4,0.00475,57461,68.18516,84272
3264,aldiesel,4,0.00475,57465,68.18991,84272
3265,aleemgsl,4,0.00475,57469,68.19466,84272
3266,AleixoLucas42,4,0.00475,57473,68.19940,84272
3267,alejandraquintero018,4,0.00475,57477,68.20415,84272
3268,AleksJay,4,0.00475,57481,68.20890,84272
3269,AlexandarY,4,0.00475,57485,68.21364,84272
3270,AlexanderSerbul,4,0.00475,57489,68.21839,84272
3271,Alexandr-LK,4,0.00475,57493,68.22313,84272
3272,alexbocharov,4,0.00475,57497,68.22788,84272
3273,Alexlugovtsov,4,0.00475,57501,68.23263,84272
3274,Alexmontoril23,4,0.00475,57505,68.23737,84272
3275,alexru26,4,0.00475,57509,68.24212,84272
3276,Alfus,4,0.00475,57513,68.24687,84272
3277,AliDatadog,4,0.00475,57517,68.25161,84272
3278,alindima,4,0.00475,57521,68.25636,84272
3279,aliuzzz,4,0.00475,57525,68.26111,84272
3280,alllexx88,4,0.00475,57529,68.26585,84272
3281,alok0277,4,0.00475,57533,68.27060,84272
3282,alsotoes,4,0.00475,57537,68.27535,84272
3283,amauryplayero,4,0.00475,57541,68.28009,84272
3284,amod124,4,0.00475,57545,68.28484,84272
3285,amontfaucon,4,0.00475,57549,68.28959,84272
3286,Amoolaa,4,0.00475,57553,68.29433,84272
3287,Amoulette,4,0.00475,57557,68.29908,84272
3288,A-Nabelsi,4,0.00475,57561,68.30383,84272
3289,anand346,4,0.00475,57565,68.30857,84272
3290,anassrakibi,4,0.00475,57569,68.31332,84272
3291,anda-ren,4,0.00475,57573,68.31807,84272
3292,andklee,4,0.00475,57577,68.32281,84272
3293,andregmoeller,4,0.00475,57581,68.32756,84272
3294,andrejshapal,4,0.00475,57585,68.33230,84272
3295,andrewd-zededa,4,0.00475,57589,68.33705,84272
3296,andrewroffey,4,0.00475,57593,68.34180,84272
3297,andrewsun2898,4,0.00475,57597,68.34654,84272
3298,andv15,4,0.00475,57601,68.35129,84272
3299,andytael,4,0.00475,57605,68.35604,84272
3300,andy-welsh-dwp,4,0.00475,57609,68.36078,84272
3301,anitha-stephen,4,0.00475,57613,68.36553,84272
3302,ankit-gautam23,4,0.00475,57617,68.37028,84272
3303,anna-shcherbak,4,0.00475,57621,68.37502,84272
3304,anosulchik,4,0.00475,57625,68.37977,84272
3305,antanas-telia,4,0.00475,57629,68.38452,84272
3306,Anthony-A-K,4,0.00475,57633,68.38926,84272
3307,Antvirf,4,0.00475,57637,68.39401,84272
3308,anurag-appperfect,4,0.00475,57641,68.39876,84272
3309,apatruni,4,0.00475,57645,68.40350,84272
3310,apc-kamezaki,4,0.00475,57649,68.40825,84272
3311,apurvisri,4,0.00475,57653,68.41300,84272
3312,AravindhStanley,4,0.00475,57657,68.41774,84272
3313,aravindMylsamy,4,0.00475,57661,68.42249,84272
3314,architchandra,4,0.00475,57665,68.42724,84272
3315,ArGJolan,4,0.00475,57669,68.43198,84272
3316,arisdu,4,0.00475,57673,68.43673,84272
3317,arnaud-soulie,4,0.00475,57677,68.44148,84272
3318,ARolek,4,0.00475,57681,68.44622,84272
3319,ArslanYM,4,0.00475,57685,68.45097,84272
3320,arturp89,4,0.00475,57689,68.45571,84272
3321,arunkumarck,4,0.00475,57693,68.46046,84272
3322,arup1221,4,0.00475,57697,68.46521,84272
3323,ashfaqDell,4,0.00475,57701,68.46995,84272
3324,Ashishm0511,4,0.00475,57705,68.47470,84272
3325,ashishsahuGitHub,4,0.00475,57709,68.47945,84272
3326,ATGardner,4,0.00475,57713,68.48419,84272
3327,Atsurak,4,0.00475,57717,68.48894,84272
3328,AuroraHaaash,4,0.00475,57721,68.49369,84272
3329,avermeil,4,0.00475,57725,68.49843,84272
3330,AXHMFHNP,4,0.00475,57729,68.50318,84272
3331,Aysnine,4,0.00475,57733,68.50793,84272
3332,ayushpatil2122,4,0.00475,57737,68.51267,84272
3333,azepecki,4,0.00475,57741,68.51742,84272
3334,b44rawat,4,0.00475,57745,68.52217,84272
3335,baparker,4,0.00475,57749,68.52691,84272
3336,barajus,4,0.00475,57753,68.53166,84272
3337,baravkareknath,4,0.00475,57757,68.53641,84272
3338,bb-avi,4,0.00475,57761,68.54115,84272
3339,bbusioc,4,0.00475,57765,68.54590,84272
3340,ben741,4,0.00475,57769,68.55065,84272
3341,bene-tleilax-werdna,4,0.00475,57773,68.55539,84272
3342,BenjaminNeale-Heritage,4,0.00475,57777,68.56014,84272
3343,benth42,4,0.00475,57781,68.56489,84272
3344,benw10-1,4,0.00475,57785,68.56963,84272
3345,benz9527,4,0.00475,57789,68.57438,84272
3346,beramod,4,0.00475,57793,68.57912,84272
3347,bersoare,4,0.00475,57797,68.58387,84272
3348,Bfarkiani,4,0.00475,57801,68.58862,84272
3349,bigwheels16,4,0.00475,57805,68.59336,84272
3350,Bijnagte,4,0.00475,57809,68.59811,84272
3351,BinhPhuongIT,4,0.00475,57813,68.60286,84272
3352,bitnahian,4,0.00475,57817,68.60760,84272
3353,Blackbaud-CameronBeacham,4,0.00475,57821,68.61235,84272
3354,bl-mmannai,4,0.00475,57825,68.61710,84272
3355,bmanikantareddy1991,4,0.00475,57829,68.62184,84272
3356,bmbeverst,4,0.00475,57833,68.62659,84272
3357,bobo4u,4,0.00475,57837,68.63134,84272
3358,boriscosic,4,0.00475,57841,68.63608,84272
3359,borosilva,4,0.00475,57845,68.64083,84272
3360,BrentDouglasB1,4,0.00475,57849,68.64558,84272
3361,brianwilkinson,4,0.00475,57853,68.65032,84272
3362,BrunoMCBraga,4,0.00475,57857,68.65507,84272
3363,bsyouness,4,0.00475,57861,68.65982,84272
3364,campbellhardingdeason,4,0.00475,57865,68.66456,84272
3365,capps-b,4,0.00475,57869,68.66931,84272
3366,caputdraconis050630,4,0.00475,57873,68.67406,84272
3367,CarlosPet,4,0.00475,57877,68.67880,84272
3368,catalingmn,4,0.00475,57881,68.68355,84272
3369,catundercar,4,0.00475,57885,68.68830,84272
3370,cb,4,0.00475,57889,68.69304,84272
3371,cbankston-alk,4,0.00475,57893,68.69779,84272
3372,cfrome77,4,0.00475,57897,68.70253,84272
3373,chaiguifeng007,4,0.00475,57901,68.70728,84272
3374,chairmank,4,0.00475,57905,68.71203,84272
3375,chanducec5,4,0.00475,57909,68.71677,84272
3376,chandupranayp,4,0.00475,57913,68.72152,84272
3377,chansen3,4,0.00475,57917,68.72627,84272
3378,charlieMk1,4,0.00475,57921,68.73101,84272
3379,ChaudharyRaman,4,0.00475,57925,68.73576,84272
3380,chay2199,4,0.00475,57929,68.74051,84272
3381,chernienkoii,4,0.00475,57933,68.74525,84272
3382,chima-mckinsey,4,0.00475,57937,68.75000,84272
3383,chubei,4,0.00475,57941,68.75475,84272
3384,ckaspro,4,0.00475,57945,68.75949,84272
3385,CK-Yong,4,0.00475,57949,68.76424,84272
3386,clay-moss,4,0.00475,57953,68.76899,84272
3387,cloneable,4,0.00475,57957,68.77373,84272
3388,CloudBai1769,4,0.00475,57961,68.77848,84272
3389,cl-rf,4,0.00475,57965,68.78323,84272
3390,cmiles74,4,0.00475,57969,68.78797,84272
3391,cmontois,4,0.00475,57973,68.79272,84272
3392,co42,4,0.00475,57977,68.79747,84272
3393,codeart1st,4,0.00475,57981,68.80221,84272
3394,codequester,4,0.00475,57985,68.80696,84272
3395,codereyes-1,4,0.00475,57989,68.81170,84272
3396,CodeWithEmad,4,0.00475,57993,68.81645,84272
3397,colincasey,4,0.00475,57997,68.82120,84272
3398,ColinChamber,4,0.00475,58001,68.82594,84272
3399,Conjohnsonjohnson,4,0.00475,58005,68.83069,84272
3400,constantinosmichael,4,0.00475,58009,68.83544,84272
3401,cp-Coder,4,0.00475,58013,68.84018,84272
3402,Crayon-97,4,0.00475,58017,68.84493,84272
3403,creatldd1,4,0.00475,58021,68.84968,84272
3404,crisbal,4,0.00475,58025,68.85442,84272
3405,cristian98149,4,0.00475,58029,68.85917,84272
3406,cristianmadularu,4,0.00475,58033,68.86392,84272
3407,css521,4,0.00475,58037,68.86866,84272
3408,ct1150,4,0.00475,58041,68.87341,84272
3409,ctechid,4,0.00475,58045,68.87816,84272
3410,CubicFeat,4,0.00475,58049,68.88290,84272
3411,curbol,4,0.00475,58053,68.88765,84272
3412,cxftrue,4,0.00475,58057,68.89240,84272
3413,dai0384448,4,0.00475,58061,68.89714,84272
3414,daianmartinho,4,0.00475,58065,68.90189,84272
3415,DanielePalaia,4,0.00475,58069,68.90664,84272
3416,Daniel-Krzyczkowski,4,0.00475,58073,68.91138,84272
3417,daniel-laszlo,4,0.00475,58077,68.91613,84272
3418,Daniel-Marynicz,4,0.00475,58081,68.92088,84272
3419,danny-devops,4,0.00475,58085,68.92562,84272
3420,dantelex,4,0.00475,58089,68.93037,84272
3421,dave-at-koor,4,0.00475,58093,68.93511,84272
3422,davehs30,4,0.00475,58097,68.93986,84272
3423,davidlcan,4,0.00475,58101,68.94461,84272
3424,dbuono,4,0.00475,58105,68.94935,84272
3425,DCNick3,4,0.00475,58109,68.95410,84272
3426,deepchauhan2002,4,0.00475,58113,68.95885,84272
3427,deezkay,4,0.00475,58117,68.96359,84272
3428,deleoan,4,0.00475,58121,68.96834,84272
3429,deleze,4,0.00475,58125,68.97309,84272
3430,denis2glez,4,0.00475,58129,68.97783,84272
3431,denismccarthykerry,4,0.00475,58133,68.98258,84272
3432,desmax74,4,0.00475,58137,68.98733,84272
3433,devantler,4,0.00475,58141,68.99207,84272
3434,devashishb-arkin,4,0.00475,58145,68.99682,84272
3435,devevarde,4,0.00475,58149,69.00157,84272
3436,devgalintown,4,0.00475,58153,69.00631,84272
3437,Devin-Yue,4,0.00475,58157,69.01106,84272
3438,devops-eb,4,0.00475,58161,69.01581,84272
3439,devulm,4,0.00475,58165,69.02055,84272
3440,dgalati,4,0.00475,58169,69.02530,84272
3441,diane-dan,4,0.00475,58173,69.03005,84272
3442,dicej,4,0.00475,58177,69.03479,84272
3443,dicki,4,0.00475,58181,69.03954,84272
3444,DilanUA,4,0.00475,58185,69.04429,84272
3445,DipakRai,4,0.00475,58189,69.04903,84272
3446,ditahm6,4,0.00475,58193,69.05378,84272
3447,Divyesh3011,4,0.00475,58197,69.05852,84272
3448,DkRadhey,4,0.00475,58201,69.06327,84272
3449,dkthezero,4,0.00475,58205,69.06802,84272
3450,DmitriSSS,4,0.00475,58209,69.07276,84272
3451,dneary,4,0.00475,58213,69.07751,84272
3452,doe-base,4,0.00475,58217,69.08226,84272
3453,Dogacel,4,0.00475,58221,69.08700,84272
3454,DonBower,4,0.00475,58225,69.09175,84272
3455,doom15,4,0.00475,58229,69.09650,84272
3456,Dosexe,4,0.00475,58233,69.10124,84272
3457,Drakorgaur,4,0.00475,58237,69.10599,84272
3458,dshivashankar1994,4,0.00475,58241,69.11074,84272
3459,dteoh,4,0.00475,58245,69.11548,84272
3460,dukes7gh,4,0.00475,58249,69.12023,84272
3461,duyiwei,4,0.00475,58253,69.12498,84272
3462,dverheijden,4,0.00475,58257,69.12972,84272
3463,dzmitry-huba,4,0.00475,58261,69.13447,84272
3464,ed-dot-miller,4,0.00475,58265,69.13922,84272
3465,ehellmann-nydig,4,0.00475,58269,69.14396,84272
3466,Eiji911,4,0.00475,58273,69.14871,84272
3467,ekambaramv,4,0.00475,58277,69.15346,84272
3468,elee1766,4,0.00475,58281,69.15820,84272
3469,ElenaHenderson,4,0.00475,58285,69.16295,84272
3470,eliassteiner,4,0.00475,58289,69.16770,84272
3471,ElijahKSmith,4,0.00475,58293,69.17244,84272
3472,elmehdibouzar,4,0.00475,58297,69.17719,84272
3473,ElMoselYEE,4,0.00475,58301,69.18193,84272
3474,elsgaard,4,0.00475,58305,69.18668,84272
3475,eltorio,4,0.00475,58309,69.19143,84272
3476,endriu0,4,0.00475,58313,69.19617,84272
3477,EricLee423,4,0.00475,58317,69.20092,84272
3478,espinal1976,4,0.00475,58321,69.20567,84272
3479,EugeneKrapivin,4,0.00475,58325,69.21041,84272
3480,Exnadella,4,0.00475,58329,69.21516,84272
3481,ezintz,4,0.00475,58333,69.21991,84272
3482,fabio-franco,4,0.00475,58337,69.22465,84272
3483,faradayfan,4,0.00475,58341,69.22940,84272
3484,farouqy,4,0.00475,58345,69.23415,84272
3485,FeanikesX,4,0.00475,58349,69.23889,84272
3486,federicocagnola,4,0.00475,58353,69.24364,84272
3487,Feederhigh5,4,0.00475,58357,69.24839,84272
3488,FelipeLema,4,0.00475,58361,69.25313,84272
3489,felixjichao,4,0.00475,58365,69.25788,84272
3490,fiifidawson,4,0.00475,58369,69.26263,84272
3491,flow-sys,4,0.00475,58373,69.26737,84272
3492,fnasraoui,4,0.00475,58377,69.27212,84272
3493,fracappa,4,0.00475,58381,69.27687,84272
3494,freakyfelt,4,0.00475,58385,69.28161,84272
3495,freshisaac,4,0.00475,58389,69.28636,84272
3496,Frozencode2002,4,0.00475,58393,69.29110,84272
3497,fsklenar,4,0.00475,58397,69.29585,84272
3498,ftpilot,4,0.00475,58401,69.30060,84272
3499,Fuglen,4,0.00475,58405,69.30534,84272
3500,furon-kuina,4,0.00475,58409,69.31009,84272
3501,gabbler97,4,0.00475,58413,69.31484,84272
3502,Gabson1,4,0.00475,58417,69.31958,84272
3503,GadgetGeekNI,4,0.00475,58421,69.32433,84272
3504,galen-reltio,4,0.00475,58425,69.32908,84272
3505,gals-ma,4,0.00475,58429,69.33382,84272
3506,Galzzly,4,0.00475,58433,69.33857,84272
3507,ganeshgunasekaran,4,0.00475,58437,69.34332,84272
3508,gavrix,4,0.00475,58441,69.34806,84272
3509,gberth,4,0.00475,58445,69.35281,84272
3510,Gbotttt,4,0.00475,58449,69.35756,84272
3511,gdolfen,4,0.00475,58453,69.36230,84272
3512,GeekWolfBoy,4,0.00475,58457,69.36705,84272
3513,gensart-ai,4,0.00475,58461,69.37180,84272
3514,Georift,4,0.00475,58465,69.37654,84272
3515,getsueineko,4,0.00475,58469,69.38129,84272
3516,Gianluska,4,0.00475,58473,69.38604,84272
3517,giovanidecusati,4,0.00475,58477,69.39078,84272
3518,giri-vsr,4,0.00475,58481,69.39553,84272
3519,git4example,4,0.00475,58485,69.40028,84272
3520,giuseppe-martinelli,4,0.00475,58489,69.40502,84272
3521,GizzmoAsus,4,0.00475,58493,69.40977,84272
3522,gl172,4,0.00475,58497,69.41451,84272
3523,glynnmccabe,4,0.00475,58501,69.41926,84272
3524,Goldlong1,4,0.00475,58505,69.42401,84272
3525,go-maple,4,0.00475,58509,69.42875,84272
3526,gongshen,4,0.00475,58513,69.43350,84272
3527,gongshishao,4,0.00475,58517,69.43825,84272
3528,gophper,4,0.00475,58521,69.44299,84272
3529,Gopinath-Selvam,4,0.00475,58525,69.44774,84272
3530,gorozhin,4,0.00475,58529,69.45249,84272
3531,gourav1,4,0.00475,58533,69.45723,84272
3532,GowriRegistry,4,0.00475,58537,69.46198,84272
3533,gowthamakanthan,4,0.00475,58541,69.46673,84272
3534,GQQQy,4,0.00475,58545,69.47147,84272
3535,gregorypa,4,0.00475,58549,69.47622,84272
3536,Grendel,4,0.00475,58553,69.48097,84272
3537,grhawk,4,0.00475,58557,69.48571,84272
3538,gsowjanya97,4,0.00475,58561,69.49046,84272
3539,GuerreiroLeonardo,4,0.00475,58565,69.49521,84272
3540,Hackmeat,4,0.00475,58569,69.49995,84272
3541,HakimMiao,4,0.00475,58573,69.50470,84272
3542,hamidyousefi,4,0.00475,58577,69.50945,84272
3543,hanna-liashchuk,4,0.00475,58581,69.51419,84272
3544,harmoney-franck,4,0.00475,58585,69.51894,84272
3545,HarshAg90,4,0.00475,58589,69.52369,84272
3546,harshitasaxena05,4,0.00475,58593,69.52843,84272
3547,haruyama480,4,0.00475,58597,69.53318,84272
3548,hauke-d,4,0.00475,58601,69.53792,84272
3549,hdong69,4,0.00475,58605,69.54267,84272
3550,headj-origami,4,0.00475,58609,69.54742,84272
3551,heathcliff26,4,0.00475,58613,69.55216,84272
3552,helloericsf,4,0.00475,58617,69.55691,84272
3553,hellokg21,4,0.00475,58621,69.56166,84272
3554,henzbnzr,4,0.00475,58625,69.56640,84272
3555,heretogo,4,0.00475,58629,69.57115,84272
3556,hexxone,4,0.00475,58633,69.57590,84272
3557,hiroarabay,4,0.00475,58637,69.58064,84272
3558,hitechie17,4,0.00475,58641,69.58539,84272
3559,hmonsalv,4,0.00475,58645,69.59014,84272
3560,holgerjh,4,0.00475,58649,69.59488,84272
3561,hortonew,4,0.00475,58653,69.59963,84272
3562,hou718945431,4,0.00475,58657,69.60438,84272
3563,howan36,4,0.00475,58661,69.60912,84272
3564,hsuchan,4,0.00475,58665,69.61387,84272
3565,huangjy6688,4,0.00475,58669,69.61862,84272
3566,hussain2109,4,0.00475,58673,69.62336,84272
3567,Hy3n4,4,0.00475,58677,69.62811,84272
3568,hyangah,4,0.00475,58681,69.63286,84272
3569,iagonc,4,0.00475,58685,69.63760,84272
3570,iambocai,4,0.00475,58689,69.64235,84272
3571,iam-mishgun,4,0.00475,58693,69.64710,84272
3572,IbraheemA,4,0.00475,58697,69.65184,84272
3573,icewindq,4,0.00475,58701,69.65659,84272
3574,Idan-Fishman,4,0.00475,58705,69.66133,84272
3575,IdeaMeshDyx,4,0.00475,58709,69.66608,84272
3576,iim5,4,0.00475,58713,69.67083,84272
3577,iKubernetes,4,0.00475,58717,69.67557,84272
3578,ikuwow,4,0.00475,58721,69.68032,84272
3579,ilja-ag,4,0.00475,58725,69.68507,84272
3580,ilogus,4,0.00475,58729,69.68981,84272
3581,ImNotAFrog,4,0.00475,58733,69.69456,84272
3582,infinite8loop,4,0.00475,58737,69.69931,84272
3583,irishuenm,4,0.00475,58741,69.70405,84272
3584,isgxr,4,0.00475,58745,69.70880,84272
3585,ishaan812,4,0.00475,58749,69.71355,84272
3586,Ishwar-Zatke,4,0.00475,58753,69.71829,84272
3587,ishworgurung,4,0.00475,58757,69.72304,84272
3588,its-kos,4,0.00475,58761,69.72779,84272
3589,itsmanikandanm,4,0.00475,58765,69.73253,84272
3590,JacobAmar,4,0.00475,58769,69.73728,84272
3591,jaelrod,4,0.00475,58773,69.74203,84272
3592,Jaideep1997,4,0.00475,58777,69.74677,84272
3593,JaimeStill,4,0.00475,58781,69.75152,84272
3594,jakobjoachim,4,0.00475,58785,69.75627,84272
3595,jameshi16,4,0.00475,58789,69.76101,84272
3596,jamonia,4,0.00475,58793,69.76576,84272
3597,janboelke,4,0.00475,58797,69.77051,84272
3598,jangjunho7,4,0.00475,58801,69.77525,84272
3599,jankees-ir,4,0.00475,58805,69.78000,84272
3600,jatanan212,4,0.00475,58809,69.78474,84272
3601,jaybooth4,4,0.00475,58813,69.78949,84272
3602,Jay-Madden,4,0.00475,58817,69.79424,84272
3603,Jay-Patel-22,4,0.00475,58821,69.79898,84272
3604,jaysonsantos05,4,0.00475,58825,69.80373,84272
3605,j-be,4,0.00475,58829,69.80848,84272
3606,j-cavoizy,4,0.00475,58833,69.81322,84272
3607,Jdelachi,4,0.00475,58837,69.81797,84272
3608,jeffwesthead,4,0.00475,58841,69.82272,84272
3609,jenil-harness,4,0.00475,58845,69.82746,84272
3610,jeremyatourville,4,0.00475,58849,69.83221,84272
3611,jeremythuon,4,0.00475,58853,69.83696,84272
3612,jgyy,4,0.00475,58857,69.84170,84272
3613,jhmarina,4,0.00475,58861,69.84645,84272
3614,jiangyouP,4,0.00475,58865,69.85120,84272
3615,jiec-msft,4,0.00475,58869,69.85594,84272
3616,Jinhyuk-Yang,4,0.00475,58873,69.86069,84272
3617,jinjianming,4,0.00475,58877,69.86544,84272
3618,JJGGu,4,0.00475,58881,69.87018,84272
3619,jk1m804,4,0.00475,58885,69.87493,84272
3620,JKashyap96,4,0.00475,58889,69.87968,84272
3621,jlec,4,0.00475,58893,69.88442,84272
3622,jlemesh,4,0.00475,58897,69.88917,84272
3623,jlongo-encora,4,0.00475,58901,69.89391,84272
3624,JM1,4,0.00475,58905,69.89866,84272
3625,jm-bairesdev,4,0.00475,58909,69.90341,84272
3626,jmuukka,4,0.00475,58913,69.90815,84272
3627,Jneville0815,4,0.00475,58917,69.91290,84272
3628,jodanpotasu,4,0.00475,58921,69.91765,84272
3629,JohannesWill,4,0.00475,58925,69.92239,84272
3630,john-h-k,4,0.00475,58929,69.92714,84272
3631,JohSchillerEmnify,4,0.00475,58933,69.93189,84272
3632,Joining7943,4,0.00475,58937,69.93663,84272
3633,jomartin1191,4,0.00475,58941,69.94138,84272
3634,jonas4040,4,0.00475,58945,69.94613,84272
3635,jon-nfc,4,0.00475,58949,69.95087,84272
3636,jonny-rimek,4,0.00475,58953,69.95562,84272
3637,joostlek,4,0.00475,58957,69.96037,84272
3638,jorgemartincuervo,4,0.00475,58961,69.96511,84272
3639,Jorricks,4,0.00475,58965,69.96986,84272
3640,josha1971,4,0.00475,58969,69.97461,84272
3641,joshgrime,4,0.00475,58973,69.97935,84272
3642,joshuadwinn,4,0.00475,58977,69.98410,84272
3643,joyeahzhang,4,0.00475,58981,69.98885,84272
3644,jpbottinelli,4,0.00475,58985,69.99359,84272
3645,jpflouret,4,0.00475,58989,69.99834,84272
3646,jpgrego,4,0.00475,58993,70.00309,84272
3647,jroebu14,4,0.00475,58997,70.00783,84272
3648,jschoone,4,0.00475,59001,70.01258,84272
3649,jteichroeb-oanda,4,0.00475,59005,70.01732,84272
3650,juanjjaramillo,4,0.00475,59009,70.02207,84272
3651,juanp3053,4,0.00475,59013,70.02682,84272
3652,Julian,4,0.00475,59017,70.03156,84272
3653,julianEbenhoferDyna,4,0.00475,59021,70.03631,84272
3654,juranir,4,0.00475,59025,70.04106,84272
3655,justinmir,4,0.00475,59029,70.04580,84272
3656,kalx77,4,0.00475,59033,70.05055,84272
3657,kaminn,4,0.00475,59037,70.05530,84272
3658,karnamakennyx,4,0.00475,59041,70.06004,84272
3659,karthik-kinara,4,0.00475,59045,70.06479,84272
3660,kastriotdobratiqi,4,0.00475,59049,70.06954,84272
3661,KathrynFowler91,4,0.00475,59053,70.07428,84272
3662,Kavantix,4,0.00475,59057,70.07903,84272
3663,Kavendra09,4,0.00475,59061,70.08378,84272
3664,kbanka,4,0.00475,59065,70.08852,84272
3665,kcooney,4,0.00475,59069,70.09327,84272
3666,keiranbatten-nzta,4,0.00475,59073,70.09802,84272
3667,Keith-Nowosielski-SJSU,4,0.00475,59077,70.10276,84272
3668,KelvinTanJF,4,0.00475,59081,70.10751,84272
3669,kemv,4,0.00475,59085,70.11226,84272
3670,KenanAlptekin,4,0.00475,59089,70.11700,84272
3671,kernelr00ter,4,0.00475,59093,70.12175,84272
3672,khalilxg,4,0.00475,59097,70.12650,84272
3673,Khazuar,4,0.00475,59101,70.13124,84272
3674,kiamatt,4,0.00475,59105,70.13599,84272
3675,kiamco,4,0.00475,59109,70.14073,84272
3676,KillianH,4,0.00475,59113,70.14548,84272
3677,KillJohn,4,0.00475,59117,70.15023,84272
3678,kiloyqp,4,0.00475,59121,70.15497,84272
3679,kirannatarajan,4,0.00475,59125,70.15972,84272
3680,kirill-gr,4,0.00475,59129,70.16447,84272
3681,kishan-23,4,0.00475,59133,70.16921,84272
3682,kiyanabah,4,0.00475,59137,70.17396,84272
3683,kloyan,4,0.00475,59141,70.17871,84272
3684,kmukherjee2005,4,0.00475,59145,70.18345,84272
3685,kobo-gcyre,4,0.00475,59149,70.18820,84272
3686,komalkotha,4,0.00475,59153,70.19295,84272
3687,kongdengyuan,4,0.00475,59157,70.19769,84272
3688,kongweiguo,4,0.00475,59161,70.20244,84272
3689,Konstantinov-Innokentii,4,0.00475,59165,70.20719,84272
3690,Korevishal,4,0.00475,59169,70.21193,84272
3691,kostadinnm,4,0.00475,59173,70.21668,84272
3692,kpk47,4,0.00475,59177,70.22143,84272
3693,krishnasingh1818,4,0.00475,59181,70.22617,84272
3694,kritkasahni-google,4,0.00475,59185,70.23092,84272
3695,krsche,4,0.00475,59189,70.23567,84272
3696,Kulagin-G,4,0.00475,59193,70.24041,84272
3697,kutsyk,4,0.00475,59197,70.24516,84272
3698,kuzmacska,4,0.00475,59201,70.24991,84272
3699,Kylemclean11,4,0.00475,59205,70.25465,84272
3700,lbarrazaviga,4,0.00475,59209,70.25940,84272
3701,ldoktor,4,0.00475,59213,70.26414,84272
3702,leecha,4,0.00475,59217,70.26889,84272
3703,legolego621,4,0.00475,59221,70.27364,84272
3704,lengdanran,4,0.00475,59225,70.27838,84272
3705,LeoShivas,4,0.00475,59229,70.28313,84272
3706,lerouxrgd,4,0.00475,59233,70.28788,84272
3707,lethimaybk,4,0.00475,59237,70.29262,84272
3708,lhh-yeah,4,0.00475,59241,70.29737,84272
3709,li1786422,4,0.00475,59245,70.30212,84272
3710,light4,4,0.00475,59249,70.30686,84272
3711,light86,4,0.00475,59253,70.31161,84272
3712,lillyqian,4,0.00475,59257,70.31636,84272
3713,linyinfeng,4,0.00475,59261,70.32110,84272
3714,lirtistan,4,0.00475,59265,70.32585,84272
3715,liujinyan222,4,0.00475,59269,70.33060,84272
3716,liuzhen21,4,0.00475,59273,70.33534,84272
3717,liviu-gheorghe,4,0.00475,59277,70.34009,84272
3718,liwenchao1995,4,0.00475,59281,70.34484,84272
3719,lixdavid94,4,0.00475,59285,70.34958,84272
3720,liyebing,4,0.00475,59289,70.35433,84272
3721,llaforest,4,0.00475,59293,70.35908,84272
3722,LocutusOfBorg,4,0.00475,59297,70.36382,84272
3723,LoekCegeka,4,0.00475,59301,70.36857,84272
3724,loredanacirstea,4,0.00475,59305,70.37331,84272
3725,lorenzoiuri,4,0.00475,59309,70.37806,84272
3726,lorenzophys,4,0.00475,59313,70.38281,84272
3727,louie-wh,4,0.00475,59317,70.38755,84272
3728,Louse-luo,4,0.00475,59321,70.39230,84272
3729,Loveen01,4,0.00475,59325,70.39705,84272
3730,Lowballs,4,0.00475,59329,70.40179,84272
3731,lucacox,4,0.00475,59333,70.40654,84272
3732,luka5,4,0.00475,59337,70.41129,84272
3733,lwalukie,4,0.00475,59341,70.41603,84272
3734,lyj199907,4,0.00475,59345,70.42078,84272
3735,lymtic,4,0.00475,59349,70.42553,84272
3736,Lynstery,4,0.00475,59353,70.43027,84272
3737,LYSingD,4,0.00475,59357,70.43502,84272
3738,maciej-markowski,4,0.00475,59361,70.43977,84272
3739,madhulika2709,4,0.00475,59365,70.44451,84272
3740,MagnusRef,4,0.00475,59369,70.44926,84272
3741,MarcoFabbri-orienteed,4,0.00475,59373,70.45401,84272
3742,mariusmitrofanbostontr,4,0.00475,59377,70.45875,84272
3743,MarkLinovy,4,0.00475,59381,70.46350,84272
3744,MartinMessmer,4,0.00475,59385,70.46825,84272
3745,martysweet,4,0.00475,59389,70.47299,84272
3746,masumomo,4,0.00475,59393,70.47774,84272
3747,matined,4,0.00475,59397,70.48249,84272
3748,matthewpennell,4,0.00475,59401,70.48723,84272
3749,mattsse,4,0.00475,59405,70.49198,84272
3750,max06,4,0.00475,59409,70.49672,84272
3751,maxfilov,4,0.00475,59413,70.50147,84272
3752,MaxFuhrich,4,0.00475,59417,70.50622,84272
3753,MaximevanderSmissen,4,0.00475,59421,70.51096,84272
3754,Maximus-s-s,4,0.00475,59425,70.51571,84272
3755,Max-Qiu,4,0.00475,59429,70.52046,84272
3756,Mayhul-Jindal,4,0.00475,59433,70.52520,84272
3757,maykopetersen,4,0.00475,59437,70.52995,84272
3758,mayurjadhavibm,4,0.00475,59441,70.53470,84272
3759,mayurpatil44,4,0.00475,59445,70.53944,84272
3760,maztheman,4,0.00475,59449,70.54419,84272
3761,mbuotidem,4,0.00475,59453,70.54894,84272
3762,mcflis,4,0.00475,59457,70.55368,84272
3763,megorit,4,0.00475,59461,70.55843,84272
3764,mercybassey,4,0.00475,59465,70.56318,84272
3765,messnerdev,4,0.00475,59469,70.56792,84272
3766,meticulous-maverick,4,0.00475,59473,70.57267,84272
3767,meysam-bahrami,4,0.00475,59477,70.57742,84272
3768,mhernahapetyan,4,0.00475,59481,70.58216,84272
3769,mhmdhelmy28,4,0.00475,59485,70.58691,84272
3770,mhzae,4,0.00475,59489,70.59166,84272
3771,MiaoShuYo,4,0.00475,59493,70.59640,84272
3772,michaelbauerinc,4,0.00475,59497,70.60115,84272
3773,michaelsaxbury,4,0.00475,59501,70.60590,84272
3774,MichalNemec,4,0.00475,59505,70.61064,84272
3775,Mickeyrourkeske,4,0.00475,59509,70.61539,84272
3776,mihaichitic,4,0.00475,59513,70.62013,84272
3777,mikaelmello,4,0.00475,59517,70.62488,84272
3778,mike12806,4,0.00475,59521,70.62963,84272
3779,Mike4Online,4,0.00475,59525,70.63437,84272
3780,mikkelhm,4,0.00475,59529,70.63912,84272
3781,Miranlfk,4,0.00475,59533,70.64387,84272
3782,mispon,4,0.00475,59537,70.64861,84272
3783,mlassi,4,0.00475,59541,70.65336,84272
3784,mlitvinav,4,0.00475,59545,70.65811,84272
3785,mobiigenius,4,0.00475,59549,70.66285,84272
3786,Mohamed-Hammada,4,0.00475,59553,70.66760,84272
3787,MohamedMafaz,4,0.00475,59557,70.67235,84272
3788,mohanisch-sixt,4,0.00475,59561,70.67709,84272
3789,mojh7,4,0.00475,59565,70.68184,84272
3790,molarom,4,0.00475,59569,70.68659,84272
3791,momenthana,4,0.00475,59573,70.69133,84272
3792,monacolulu,4,0.00475,59577,70.69608,84272
3793,mong0520,4,0.00475,59581,70.70083,84272
3794,monicastanciu,4,0.00475,59585,70.70557,84272
3795,Moses510,4,0.00475,59589,70.71032,84272
3796,MOUM02,4,0.00475,59593,70.71507,84272
3797,mowoe,4,0.00475,59597,70.71981,84272
3798,mrak-,4,0.00475,59601,70.72456,84272
3799,mrenrich84,4,0.00475,59605,70.72931,84272
3800,Mr-MaxWang,4,0.00475,59609,70.73405,84272
3801,mrzhengp,4,0.00475,59613,70.73880,84272
3802,msoumar-ms,4,0.00475,59617,70.74354,84272
3803,m-trojanowski,4,0.00475,59621,70.74829,84272
3804,muddapu,4,0.00475,59625,70.75304,84272
3805,mweberjc,4,0.00475,59629,70.75778,84272
3806,n0cloud,4,0.00475,59633,70.76253,84272
3807,nafarlee,4,0.00475,59637,70.76728,84272
3808,nakul1710,4,0.00475,59641,70.77202,84272
3809,namenmalkav,4,0.00475,59645,70.77677,84272
3810,nanis94,4,0.00475,59649,70.78152,84272
3811,naresh1919,4,0.00475,59653,70.78626,84272
3812,Naresh-chandanbatve,4,0.00475,59657,70.79101,84272
3813,nasa-par,4,0.00475,59661,70.79576,84272
3814,nathanmcgarvey-modopayments,4,0.00475,59665,70.80050,84272
3815,naveen-20-hiremath,4,0.00475,59669,70.80525,84272
3816,naveenrpp2017,4,0.00475,59673,70.81000,84272
3817,nbarrow-inspire-labs,4,0.00475,59677,70.81474,84272
3818,Neeke,4,0.00475,59681,70.81949,84272
3819,NeelavaChatterjee,4,0.00475,59685,70.82424,84272
3820,neeraj-intg,4,0.00475,59689,70.82898,84272
3821,nehakerkar,4,0.00475,59693,70.83373,84272
3822,NehemiahMi,4,0.00475,59697,70.83848,84272
3823,NeonFXFusion,4,0.00475,59701,70.84322,84272
3824,neugeeug,4,0.00475,59705,70.84797,84272
3825,nezhibitskiy,4,0.00475,59709,70.85272,84272
3826,nfode,4,0.00475,59713,70.85746,84272
3827,nhavens,4,0.00475,59717,70.86221,84272
3828,nholik,4,0.00475,59721,70.86695,84272
3829,nicholascioli,4,0.00475,59725,70.87170,84272
3830,nickybondarenko,4,0.00475,59729,70.87645,84272
3831,NicoL49,4,0.00475,59733,70.88119,84272
3832,nietingbao,4,0.00475,59737,70.88594,84272
3833,nigeldouglas-itcarlow,4,0.00475,59741,70.89069,84272
3834,nikhil4931,4,0.00475,59745,70.89543,84272
3835,niklashhh,4,0.00475,59749,70.90018,84272
3836,NikolayMarusenko,4,0.00475,59753,70.90493,84272
3837,niranjan-kurhade,4,0.00475,59757,70.90967,84272
3838,nitagarwal,4,0.00475,59761,70.91442,84272
3839,nkalmar-kx,4,0.00475,59765,70.91917,84272
3840,nkawaa,4,0.00475,59769,70.92391,84272
3841,nkelemen18,4,0.00475,59773,70.92866,84272
3842,Nodewebzsz,4,0.00475,59777,70.93341,84272
3843,Noel-Jones,4,0.00475,59781,70.93815,84272
3844,novaesis,4,0.00475,59785,70.94290,84272
3845,nrogerarkhn,4,0.00475,59789,70.94765,84272
3846,nsantiago2719,4,0.00475,59793,70.95239,84272
3847,ns-rbarreda,4,0.00475,59797,70.95714,84272
3848,nuszxh,4,0.00475,59801,70.96189,84272
3849,nxf129,4,0.00475,59805,70.96663,84272
3850,Nyralei,4,0.00475,59809,70.97138,84272
3851,oandreeva-nv,4,0.00475,59813,70.97612,84272
3852,obfu5c8,4,0.00475,59817,70.98087,84272
3853,obitolyz,4,0.00475,59821,70.98562,84272
3854,obohaciak,4,0.00475,59825,70.99036,84272
3855,oburd,4,0.00475,59829,70.99511,84272
3856,oguzhanoyan,4,0.00475,59833,70.99986,84272
3857,okaufmann,4,0.00475,59837,71.00460,84272
3858,OloJuChang,4,0.00475,59841,71.00935,84272
3859,omgold,4,0.00475,59845,71.01410,84272
3860,omri-shilton,4,0.00475,59849,71.01884,84272
3861,opalmer,4,0.00475,59853,71.02359,84272
3862,ophintor,4,0.00475,59857,71.02834,84272
3863,opinionmachine,4,0.00475,59861,71.03308,84272
3864,orange-guo,4,0.00475,59865,71.03783,84272
3865,oshmoun,4,0.00475,59869,71.04258,84272
3866,ostash,4,0.00475,59873,71.04732,84272
3867,otbutz,4,0.00475,59877,71.05207,84272
3868,otherwise777,4,0.00475,59881,71.05682,84272
3869,Otobupatrick9171,4,0.00475,59885,71.06156,84272
3870,packyan,4,0.00475,59889,71.06631,84272
3871,panzehao,4,0.00475,59893,71.07106,84272
3872,PapaCharlie,4,0.00475,59897,71.07580,84272
3873,papyge,4,0.00475,59901,71.08055,84272
3874,paragsn,4,0.00475,59905,71.08530,84272
3875,pascalp2,4,0.00475,59909,71.09004,84272
3876,pasi-romo-idealo,4,0.00475,59913,71.09479,84272
3877,PaulPowershell,4,0.00475,59917,71.09953,84272
3878,pazfelipe,4,0.00475,59921,71.10428,84272
3879,peaceLT,4,0.00475,59925,71.10903,84272
3880,peacock-2000,4,0.00475,59929,71.11377,84272
3881,pegtrifork,4,0.00475,59933,71.11852,84272
3882,pengbins,4,0.00475,59937,71.12327,84272
3883,personball,4,0.00475,59941,71.12801,84272
3884,petemyron,4,0.00475,59945,71.13276,84272
3885,peterhorsley,4,0.00475,59949,71.13751,84272
3886,peterwwillis,4,0.00475,59953,71.14225,84272
3887,petrzjunior,4,0.00475,59957,71.14700,84272
3888,pieter-pon,4,0.00475,59961,71.15175,84272
3889,piteros83,4,0.00475,59965,71.15649,84272
3890,plejik,4,0.00475,59969,71.16124,84272
3891,P-n-I,4,0.00475,59973,71.16599,84272
3892,polo-tripla,4,0.00475,59977,71.17073,84272
3893,poom-kitti,4,0.00475,59981,71.17548,84272
3894,ppadevski-vmw,4,0.00475,59985,71.18023,84272
3895,PrabhanjanSangam,4,0.00475,59989,71.18497,84272
3896,pran2711,4,0.00475,59993,71.18972,84272
3897,pranav-shankar-swi,4,0.00475,59997,71.19447,84272
3898,praneethreddymallupally,4,0.00475,60001,71.19921,84272
3899,praneetpushpal,4,0.00475,60005,71.20396,84272
3900,prashantskit,4,0.00475,60009,71.20871,84272
3901,pratik151192,4,0.00475,60013,71.21345,84272
3902,PratyushaRavi,4,0.00475,60017,71.21820,84272
3903,premnkl,4,0.00475,60021,71.22294,84272
3904,priyankarpal,4,0.00475,60025,71.22769,84272
3905,Priyansurout,4,0.00475,60029,71.23244,84272
3906,progxaker,4,0.00475,60033,71.23718,84272
3907,PTas24,4,0.00475,60037,71.24193,84272
3908,puliv02,4,0.00475,60041,71.24668,84272
3909,Pursu1tOfHapp1ness,4,0.00475,60045,71.25142,84272
3910,pyelulkar,4,0.00475,60049,71.25617,84272
3911,pzi123,4,0.00475,60053,71.26092,84272
3912,qidu,4,0.00475,60057,71.26566,84272
3913,qshu-splunk,4,0.00475,60061,71.27041,84272
3914,quas-modo,4,0.00475,60065,71.27516,84272
3915,QuerQue,4,0.00475,60069,71.27990,84272
3916,Quincy475,4,0.00475,60073,71.28465,84272
3917,R4BNL,4,0.00475,60077,71.28940,84272
3918,Raajheer1,4,0.00475,60081,71.29414,84272
3919,rafalkrupinski,4,0.00475,60085,71.29889,84272
3920,raghibomar786,4,0.00475,60089,71.30364,84272
3921,rai-prashanna,4,0.00475,60093,71.30838,84272
3922,rajatsharma4318,4,0.00475,60097,71.31313,84272
3923,rajubi1981,4,0.00475,60101,71.31788,84272
3924,ram191,4,0.00475,60105,71.32262,84272
3925,Ramksai07,4,0.00475,60109,71.32737,84272
3926,ranjithvasireddy,4,0.00475,60113,71.33212,84272
3927,ratajskym,4,0.00475,60117,71.33686,84272
3928,rayud,4,0.00475,60121,71.34161,84272
3929,Rayyanbaig1243,4,0.00475,60125,71.34635,84272
3930,rdtiu,4,0.00475,60129,71.35110,84272
3931,Reedarh,4,0.00475,60133,71.35585,84272
3932,regmibijay,4,0.00475,60137,71.36059,84272
3933,reisenbauer,4,0.00475,60141,71.36534,84272
3934,rgrosjean,4,0.00475,60145,71.37009,84272
3935,rgupta6,4,0.00475,60149,71.37483,84272
3936,Richard-Joe,4,0.00475,60153,71.37958,84272
3937,rinswind,4,0.00475,60157,71.38433,84272
3938,Rishi2309,4,0.00475,60161,71.38907,84272
3939,rishiraj88,4,0.00475,60165,71.39382,84272
3940,ritesh-harry,4,0.00475,60169,71.39857,84272
3941,river-phillips-cko,4,0.00475,60173,71.40331,84272
3942,roberto-cisternino,4,0.00475,60177,71.40806,84272
3943,robertsa1-els,4,0.00475,60181,71.41281,84272
3944,robson90,4,0.00475,60185,71.41755,84272
3945,robvdlv,4,0.00475,60189,71.42230,84272
3946,rog9876,4,0.00475,60193,71.42705,84272
3947,rohitphatak,4,0.00475,60197,71.43179,84272
3948,rohitraut3366,4,0.00475,60201,71.43654,84272
3949,rokh-conduktor,4,0.00475,60205,71.44129,84272
3950,rolljee,4,0.00475,60209,71.44603,84272
3951,Roman-Byshliaha-Bose,4,0.00475,60213,71.45078,84272
3952,rondy-cg,4,0.00475,60217,71.45552,84272
3953,roy2pushkar,4,0.00475,60221,71.46027,84272
3954,Roysav,4,0.00475,60225,71.46502,84272
3955,rsvdl,4,0.00475,60229,71.46976,84272
3956,Ruchira-R,4,0.00475,60233,71.47451,84272
3957,Rudedog9d,4,0.00475,60237,71.47926,84272
3958,Rudya93,4,0.00475,60241,71.48400,84272
3959,rupeshshandilya,4,0.00475,60245,71.48875,84272
3960,s22chan,4,0.00475,60249,71.49350,84272
3961,s3690691,4,0.00475,60253,71.49824,84272
3962,saaagarsingh,4,0.00475,60257,71.50299,84272
3963,saadazizgc,4,0.00475,60261,71.50774,84272
3964,SaadOps,4,0.00475,60265,71.51248,84272
3965,sacnayak-work,4,0.00475,60269,71.51723,84272
3966,sagmor,4,0.00475,60273,71.52198,84272
3967,saheljalal,4,0.00475,60277,71.52672,84272
3968,SaimonWoidig,4,0.00475,60281,71.53147,84272
3969,sakibian,4,0.00475,60285,71.53622,84272
3970,sakirma,4,0.00475,60289,71.54096,84272
3971,salapatt,4,0.00475,60293,71.54571,84272
3972,Saltwater-leo,4,0.00475,60297,71.55046,84272
3973,samarhpe,4,0.00475,60301,71.55520,84272
3974,Sameer-Italiya,4,0.00475,60305,71.55995,84272
3975,samir-kamble,4,0.00475,60309,71.56470,84272
3976,samlam,4,0.00475,60313,71.56944,84272
3977,SandeshAmin,4,0.00475,60317,71.57419,84272
3978,sangy001,4,0.00475,60321,71.57893,84272
3979,SaranyaMeiyyappan,4,0.00475,60325,71.58368,84272
3980,Saripalli-lavanya,4,0.00475,60329,71.58843,84272
3981,sarsatis,4,0.00475,60333,71.59317,84272
3982,sasathy1,4,0.00475,60337,71.59792,84272
3983,sathishstorm,4,0.00475,60341,71.60267,84272
3984,saurabh-tiket,4,0.00475,60345,71.60741,84272
3985,SavelyKalinov,4,0.00475,60349,71.61216,84272
3986,savy1212,4,0.00475,60353,71.61691,84272
3987,saxoned,4,0.00475,60357,71.62165,84272
3988,Sayyadd,4,0.00475,60361,71.62640,84272
3989,schea12,4,0.00475,60365,71.63115,84272
3990,ScottMcNaught,4,0.00475,60369,71.63589,84272
3991,Seanium,4,0.00475,60373,71.64064,84272
3992,seanzatzdev,4,0.00475,60377,71.64539,84272
3993,SeekerRook,4,0.00475,60381,71.65013,84272
3994,seipan,4,0.00475,60385,71.65488,84272
3995,sergiosennder,4,0.00475,60389,71.65963,84272
3996,sethallen,4,0.00475,60393,71.66437,84272
3997,SevcikMichal,4,0.00475,60397,71.66912,84272
3998,sgamelin,4,0.00475,60401,71.67387,84272
3999,sgilaniz,4,0.00475,60405,71.67861,84272
4000,shadrus,4,0.00475,60409,71.68336,84272
4001,shadydealer,4,0.00475,60413,71.68811,84272
4002,shaisachs,4,0.00475,60417,71.69285,84272
4003,SharathSunny,4,0.00475,60421,71.69760,84272
4004,shareinto,4,0.00475,60425,71.70234,84272
4005,SharkFill,4,0.00475,60429,71.70709,84272
4006,shemul,4,0.00475,60433,71.71184,84272
4007,Shivraj-Nakum,4,0.00475,60437,71.71658,84272
4008,shixiong-jiang,4,0.00475,60441,71.72133,84272
4009,shpathak-msft,4,0.00475,60445,71.72608,84272
4010,shraddhabang,4,0.00475,60449,71.73082,84272
4011,shubhamsaininnl,4,0.00475,60453,71.73557,84272
4012,shulin-sq,4,0.00475,60457,71.74032,84272
4013,siganberg,4,0.00475,60461,71.74506,84272
4014,SilentGlasses,4,0.00475,60465,71.74981,84272
4015,Simpson99091,4,0.00475,60469,71.75456,84272
4016,singh1203,4,0.00475,60473,71.75930,84272
4017,sispark5,4,0.00475,60477,71.76405,84272
4018,SituationNormal,4,0.00475,60481,71.76880,84272
4019,Skar3Krow,4,0.00475,60485,71.77354,84272
4020,skuzmich,4,0.00475,60489,71.77829,84272
4021,sleyer,4,0.00475,60493,71.78304,84272
4022,Snarik,4,0.00475,60497,71.78778,84272
4023,Snehalssg,4,0.00475,60501,71.79253,84272
4024,solmonk,4,0.00475,60505,71.79728,84272
4025,somewho,4,0.00475,60509,71.80202,84272
4026,SoniaisMad,4,0.00475,60513,71.80677,84272
4027,spethso,4,0.00475,60517,71.81152,84272
4028,spoiler0,4,0.00475,60521,71.81626,84272
4029,Spuxy,4,0.00475,60525,71.82101,84272
4030,spy16,4,0.00475,60529,71.82575,84272
4031,SQUIDwarrior,4,0.00475,60533,71.83050,84272
4032,srikanth-burra,4,0.00475,60537,71.83525,84272
4033,ssm6498,4,0.00475,60541,71.83999,84272
4034,sstaley-hioscar,4,0.00475,60545,71.84474,84272
4035,stas334862,4,0.00475,60549,71.84949,84272
4036,stephan48,4,0.00475,60553,71.85423,84272
4037,StephanMeijer,4,0.00475,60557,71.85898,84272
4038,stevesowerbutts,4,0.00475,60561,71.86373,84272
4039,Strayfe,4,0.00475,60565,71.86847,84272
4040,studyhuang1996,4,0.00475,60569,71.87322,84272
4041,studzien,4,0.00475,60573,71.87797,84272
4042,Subramanya-Murugesan,4,0.00475,60577,71.88271,84272
4043,succw,4,0.00475,60581,71.88746,84272
4044,sugarman402,4,0.00475,60585,71.89221,84272
4045,sum117,4,0.00475,60589,71.89695,84272
4046,sumitdahatonde,4,0.00475,60593,71.90170,84272
4047,SUNsung,4,0.00475,60597,71.90645,84272
4048,suresh-j2,4,0.00475,60601,71.91119,84272
4049,susheelpal,4,0.00475,60605,71.91594,84272
4050,Swapnil-2503,4,0.00475,60609,71.92069,84272
4051,SzymonSt,4,0.00475,60613,71.92543,84272
4052,taenzeyang,4,0.00475,60617,71.93018,84272
4053,talavis,4,0.00475,60621,71.93493,84272
4054,tarastella,4,0.00475,60625,71.93967,84272
4055,tarishij17,4,0.00475,60629,71.94442,84272
4056,tcherokee,4,0.00475,60633,71.94916,84272
4057,tclxzhengyang-li,4,0.00475,60637,71.95391,84272
4058,TechieHustle,4,0.00475,60641,71.95866,84272
4059,TECHNOFAB11,4,0.00475,60645,71.96340,84272
4060,Technovation22,4,0.00475,60649,71.96815,84272
4061,telyatnikov,4,0.00475,60653,71.97290,84272
4062,tesla59,4,0.00475,60657,71.97764,84272
4063,the-amazing-atharva,4,0.00475,60661,71.98239,84272
4064,thebalaa,4,0.00475,60665,71.98714,84272
4065,TheElectricCo,4,0.00475,60669,71.99188,84272
4066,theNailz,4,0.00475,60673,71.99663,84272
4067,thgruiz,4,0.00475,60677,72.00138,84272
4068,thomasjohansen,4,0.00475,60681,72.00612,84272
4069,timosluis,4,0.00475,60685,72.01087,84272
4070,tingsby,4,0.00475,60689,72.01562,84272
4071,Tirex,4,0.00475,60693,72.02036,84272
4072,Titus-von-Koeller,4,0.00475,60697,72.02511,84272
4073,tjuzhy,4,0.00475,60701,72.02986,84272
4074,tliuqi,4,0.00475,60705,72.03460,84272
4075,tlymki,4,0.00475,60709,72.03935,84272
4076,tm-worker,4,0.00475,60713,72.04410,84272
4077,tnawathe21,4,0.00475,60717,72.04884,84272
4078,tobinus,4,0.00475,60721,72.05359,84272
4079,Todor13,4,0.00475,60725,72.05833,84272
4080,token47,4,0.00475,60729,72.06308,84272
4081,tomodachi,4,0.00475,60733,72.06783,84272
4082,tomonight,4,0.00475,60737,72.07257,84272
4083,tomtomtomtom44,4,0.00475,60741,72.07732,84272
4084,Tongruizhe,4,0.00475,60745,72.08207,84272
4085,topolyai5,4,0.00475,60749,72.08681,84272
4086,torsami77,4,0.00475,60753,72.09156,84272
4087,tostt,4,0.00475,60757,72.09631,84272
4088,tribu,4,0.00475,60761,72.10105,84272
4089,Ttris1,4,0.00475,60765,72.10580,84272
4090,tuannh982,4,0.00475,60769,72.11055,84272
4091,tuguri8,4,0.00475,60773,72.11529,84272
4092,TunrayoIlawole,4,0.00475,60777,72.12004,84272
4093,tylerfanelli,4,0.00475,60781,72.12479,84272
4094,u0078867,4,0.00475,60785,72.12953,84272
4095,ubaskar,4,0.00475,60789,72.13428,84272
4096,ueisele,4,0.00475,60793,72.13903,84272
4097,uli-fischer,4,0.00475,60797,72.14377,84272
4098,umesh-desai-lever,4,0.00475,60801,72.14852,84272
4099,uniqueZt,4,0.00475,60805,72.15327,84272
4100,utkarsh-1905,4,0.00475,60809,72.15801,84272
4101,Uzlopak,4,0.00475,60813,72.16276,84272
4102,uzubair-miovision,4,0.00475,60817,72.16751,84272
4103,ValentinLorand,4,0.00475,60821,72.17225,84272
4104,valentin-ricard,4,0.00475,60825,72.17700,84272
4105,valera7979,4,0.00475,60829,72.18174,84272
4106,vamshi1188,4,0.00475,60833,72.18649,84272
4107,vamsi10g,4,0.00475,60837,72.19124,84272
4108,vasiliev-a-a,4,0.00475,60841,72.19598,84272
4109,Vavinash-github,4,0.00475,60845,72.20073,84272
4110,vbdalmaz,4,0.00475,60849,72.20548,84272
4111,Veer0x1,4,0.00475,60853,72.21022,84272
4112,velocibear,4,0.00475,60857,72.21497,84272
4113,ventrebd,4,0.00475,60861,72.21972,84272
4114,venutol,4,0.00475,60865,72.22446,84272
4115,vergilfromadyen,4,0.00475,60869,72.22921,84272
4116,vg31415,4,0.00475,60873,72.23396,84272
4117,vicky-rain,4,0.00475,60877,72.23870,84272
4118,victorjunlu,4,0.00475,60881,72.24345,84272
4119,VictorSCamargo,4,0.00475,60885,72.24820,84272
4120,VikasCarscan,4,0.00475,60889,72.25294,84272
4121,vikas-saxena02,4,0.00475,60893,72.25769,84272
4122,vincent0426,4,0.00475,60897,72.26244,84272
4123,vincent-herlemont,4,0.00475,60901,72.26718,84272
4124,VincentLeeMax,4,0.00475,60905,72.27193,84272
4125,Vivekgaddigi,4,0.00475,60909,72.27668,84272
4126,vkatrychenko,4,0.00475,60913,72.28142,84272
4127,vlidtara,4,0.00475,60917,72.28617,84272
4128,volade,4,0.00475,60921,72.29092,84272
4129,vudex,4,0.00475,60925,72.29566,84272
4130,vvsandeepreddy,4,0.00475,60929,72.30041,84272
4131,W1zzardTPU,4,0.00475,60933,72.30515,84272
4132,wACKYz,4,0.00475,60937,72.30990,84272
4133,Waidmann,4,0.00475,60941,72.31465,84272
4134,walterschnider,4,0.00475,60945,72.31939,84272
4135,wanddynosios,4,0.00475,60949,72.32414,84272
4136,wangpf09,4,0.00475,60953,72.32889,84272
4137,wangshuai199398,4,0.00475,60957,72.33363,84272
4138,Warashi,4,0.00475,60961,72.33838,84272
4139,warshawd,4,0.00475,60965,72.34313,84272
4140,weilephp,4,0.00475,60969,72.34787,84272
4141,wendajiang,4,0.00475,60973,72.35262,84272
4142,whalderman,4,0.00475,60977,72.35737,84272
4143,whesse,4,0.00475,60981,72.36211,84272
4144,Wholesomebruh,4,0.00475,60985,72.36686,84272
4145,WiktorS,4,0.00475,60989,72.37161,84272
4146,william02210,4,0.00475,60993,72.37635,84272
4147,Wimmerke,4,0.00475,60997,72.38110,84272
4148,windameister,4,0.00475,61001,72.38585,84272
4149,wmstjean,4,0.00475,61005,72.39059,84272
4150,wobrycki,4,0.00475,61009,72.39534,84272
4151,wonbin2011,4,0.00475,61013,72.40009,84272
4152,wonderphil,4,0.00475,61017,72.40483,84272
4153,WordlessEcho,4,0.00475,61021,72.40958,84272
4154,WOW-Lin,4,0.00475,61025,72.41433,84272
4155,wqj97,4,0.00475,61029,72.41907,84272
4156,wudazhuang-hash,4,0.00475,61033,72.42382,84272
4157,wushiming540,4,0.00475,61037,72.42856,84272
4158,wyvernzora,4,0.00475,61041,72.43331,84272
4159,wzslr321,4,0.00475,61045,72.43806,84272
4160,X-BOWbeginer,4,0.00475,61049,72.44280,84272
4161,xfrancois,4,0.00475,61053,72.44755,84272
4162,xhw2008888,4,0.00475,61057,72.45230,84272
4163,xiacunshun,4,0.00475,61061,72.45704,84272
4164,xiaoma20082008,4,0.00475,61065,72.46179,84272
4165,xiaoPierre,4,0.00475,61069,72.46654,84272
4166,xionlylovesisi,4,0.00475,61073,72.47128,84272
4167,xuelangos,4,0.00475,61077,72.47603,84272
4168,xuxiaowei-com-cn,4,0.00475,61081,72.48078,84272
4169,XWwalker,4,0.00475,61085,72.48552,84272
4170,yaba-nofar,4,0.00475,61089,72.49027,84272
4171,yaoluz,4,0.00475,61093,72.49502,84272
4172,yaroliakh,4,0.00475,61097,72.49976,84272
4173,yash30201,4,0.00475,61101,72.50451,84272
4174,yashwanth522,4,0.00475,61105,72.50926,84272
4175,yasithab-pf,4,0.00475,61109,72.51400,84272
4176,yasminfeitosa,4,0.00475,61113,72.51875,84272
4177,yavidor,4,0.00475,61117,72.52350,84272
4178,ycardon-pro,4,0.00475,61121,72.52824,84272
4179,yeqer,4,0.00475,61125,72.53299,84272
4180,yerixu,4,0.00475,61129,72.53773,84272
4181,yogeshkrbhat,4,0.00475,61133,72.54248,84272
4182,yoliangyoliang,4,0.00475,61137,72.54723,84272
4183,yorjaggy,4,0.00475,61141,72.55197,84272
4184,YoungHypo,4,0.00475,61145,72.55672,84272
4185,YoungY620,4,0.00475,61149,72.56147,84272
4186,younver,4,0.00475,61153,72.56621,84272
4187,Yourensensy,4,0.00475,61157,72.57096,84272
4188,yp969803,4,0.00475,61161,72.57571,84272
4189,y-sera,4,0.00475,61165,72.58045,84272
4190,yuanfu111,4,0.00475,61169,72.58520,84272
4191,yueyueaa,4,0.00475,61173,72.58995,84272
4192,yuezk,4,0.00475,61177,72.59469,84272
4193,YuliaMittova,4,0.00475,61181,72.59944,84272
4194,yunyanng,4,0.00475,61185,72.60419,84272
4195,yurybubnov,4,0.00475,61189,72.60893,84272
4196,YuWan1117,4,0.00475,61193,72.61368,84272
4197,zachariahcox,4,0.00475,61197,72.61843,84272
4198,zach-jablons-hinge,4,0.00475,61201,72.62317,84272
4199,ZackCai,4,0.00475,61205,72.62792,84272
4200,zapho,4,0.00475,61209,72.63267,84272
4201,zby-universal,4,0.00475,61213,72.63741,84272
4202,zel0rd,4,0.00475,61217,72.64216,84272
4203,zhaohongda1987,4,0.00475,61221,72.64691,84272
4204,zhenxuanxin,4,0.00475,61225,72.65165,84272
4205,zhiyuanhe-indeed,4,0.00475,61229,72.65640,84272
4206,zhoujun24,4,0.00475,61233,72.66114,84272
4207,ZhuohaoHe,4,0.00475,61237,72.66589,84272
4208,zmingxi,4,0.00475,61241,72.67064,84272
4209,Zoe0313,4,0.00475,61245,72.67538,84272
4210,zohar-arista,4,0.00475,61249,72.68013,84272
4211,zoroglu,4,0.00475,61253,72.68488,84272
4212,zs-ko,4,0.00475,61257,72.68962,84272
4213,Zubiii333,4,0.00475,61261,72.69437,84272
4214,zzzz-vincent,4,0.00475,61265,72.69912,84272
4215,0o001,3,0.00356,61268,72.70268,84272
4216,0width,3,0.00356,61271,72.70624,84272
4217,0xF0D0,3,0.00356,61274,72.70980,84272
4218,1369858268,3,0.00356,61277,72.71336,84272
4219,1747933957,3,0.00356,61280,72.71692,84272
4220,1990heidou,3,0.00356,61283,72.72048,84272
4221,19bcs2405,3,0.00356,61286,72.72404,84272
4222,1majom,3,0.00356,61289,72.72760,84272
4223,201220009,3,0.00356,61292,72.73116,84272
4224,201220049,3,0.00356,61295,72.73472,84272
4225,201220153,3,0.00356,61298,72.73828,84272
4226,33Fraise33,3,0.00356,61301,72.74184,84272
4227,46kumarshivam,3,0.00356,61304,72.74540,84272
4228,525bigword,3,0.00356,61307,72.74896,84272
4229,812142,3,0.00356,61310,72.75252,84272
4230,820678105,3,0.00356,61313,72.75608,84272
4231,a365541453,3,0.00356,61316,72.75964,84272
4232,a9ki21023,3,0.00356,61319,72.76320,84272
4233,aanchal88,3,0.00356,61322,72.76676,84272
4234,AasthaRai95,3,0.00356,61325,72.77032,84272
4235,aavbsouza,3,0.00356,61328,72.77388,84272
4236,aavhad1910,3,0.00356,61331,72.77743,84272
4237,abasha1,3,0.00356,61334,72.78099,84272
4238,abba5rangwala,3,0.00356,61337,72.78455,84272
4239,abgarg2022,3,0.00356,61340,72.78811,84272
4240,abhi-aws15,3,0.00356,61343,72.79167,84272
4241,Abhinavxox,3,0.00356,61346,72.79523,84272
4242,abhirajverm,3,0.00356,61349,72.79879,84272
4243,Abhishekghosh1998,3,0.00356,61352,72.80235,84272
4244,abhishek-g-joshi,3,0.00356,61355,72.80591,84272
4245,abhishek-jb,3,0.00356,61358,72.80947,84272
4246,abhishekkhanna2710,3,0.00356,61361,72.81303,84272
4247,abruyat,3,0.00356,61364,72.81659,84272
4248,absolutemikex,3,0.00356,61367,72.82015,84272
4249,adam-f5,3,0.00356,61370,72.82371,84272
4250,adamshawvipps,3,0.00356,61373,72.82727,84272
4251,adamsolomou,3,0.00356,61376,72.83083,84272
4252,adarshrajpathak,3,0.00356,61379,72.83439,84272
4253,adavid44,3,0.00356,61382,72.83795,84272
4254,ad-c2-ip58n4,3,0.00356,61385,72.84151,84272
4255,Adeccer,3,0.00356,61388,72.84507,84272
4256,adilwahla,3,0.00356,61391,72.84863,84272
4257,aditditto,3,0.00356,61394,72.85219,84272
4258,AdityaAgarwaal,3,0.00356,61397,72.85575,84272
4259,Aditya-oneadvanced,3,0.00356,61400,72.85931,84272
4260,Adonisbruno,3,0.00356,61403,72.86287,84272
4261,adrianrgould,3,0.00356,61406,72.86643,84272
4262,AdrianVasiliu,3,0.00356,61409,72.86999,84272
4263,adrvolan,3,0.00356,61412,72.87355,84272
4264,afernandez-01,3,0.00356,61415,72.87711,84272
4265,agarthetiger,3,0.00356,61418,72.88067,84272
4266,AggRag,3,0.00356,61421,72.88423,84272
4267,Aggtaa,3,0.00356,61424,72.88779,84272
4268,aharonYK,3,0.00356,61427,72.89135,84272
4269,AH-dark,3,0.00356,61430,72.89491,84272
4270,ahdda,3,0.00356,61433,72.89847,84272
4271,ahemnell,3,0.00356,61436,72.90203,84272
4272,aheyne,3,0.00356,61439,72.90559,84272
4273,ahkumar,3,0.00356,61442,72.90915,84272
4274,AHMatsWillemsen,3,0.00356,61445,72.91271,84272
4275,ahmetkucukoglu,3,0.00356,61448,72.91627,84272
4276,AHodell,3,0.00356,61451,72.91983,84272
4277,AidanHilt,3,0.00356,61454,72.92339,84272
4278,aishuijiaodeyu,3,0.00356,61457,72.92695,84272
4279,ajaykumarrc,3,0.00356,61460,72.93051,84272
4280,ajithkumar6,3,0.00356,61463,72.93407,84272
4281,akaloti,3,0.00356,61466,72.93763,84272
4282,akankshahulge,3,0.00356,61469,72.94119,84272
4283,AkashKumarMaha,3,0.00356,61472,72.94475,84272
4284,akashsuresh,3,0.00356,61475,72.94831,84272
4285,akhil888binoy,3,0.00356,61478,72.95187,84272
4286,akilkadiwal,3,0.00356,61481,72.95543,84272
4287,akingstonlas,3,0.00356,61484,72.95899,84272
4288,akj2018,3,0.00356,61487,72.96255,84272
4289,Aksox,3,0.00356,61490,72.96611,84272
4290,akunzai,3,0.00356,61493,72.96967,84272
4291,Akurata,3,0.00356,61496,72.97323,84272
4292,albnnc,3,0.00356,61499,72.97679,84272
4293,Aleem2,3,0.00356,61502,72.98035,84272
4294,alessiozatti,3,0.00356,61505,72.98391,84272
4295,aleuk0,3,0.00356,61508,72.98747,84272
4296,alexandreLamarre,3,0.00356,61511,72.99103,84272
4297,alex-basinov,3,0.00356,61514,72.99459,84272
4298,alexbozhenko,3,0.00356,61517,72.99815,84272
4299,alextricity25,3,0.00356,61520,73.00171,84272
4300,alfayez91,3,0.00356,61523,73.00527,84272
4301,AlHood77,3,0.00356,61526,73.00883,84272
4302,aliabbas-elastic,3,0.00356,61529,73.01239,84272
4303,alighdev,3,0.00356,61532,73.01595,84272
4304,aligolestan,3,0.00356,61535,73.01951,84272
4305,AliTahir2507,3,0.00356,61538,73.02307,84272
4306,allmightybob1,3,0.00356,61541,73.02663,84272
4307,alopezz,3,0.00356,61544,73.03019,84272
4308,alvarowolfx,3,0.00356,61547,73.03375,84272
4309,amalgamm,3,0.00356,61550,73.03731,84272
4310,amanning9,3,0.00356,61553,73.04087,84272
4311,amar1104,3,0.00356,61556,73.04443,84272
4312,amardeep2006,3,0.00356,61559,73.04799,84272
4313,amiramirifar2,3,0.00356,61562,73.05155,84272
4314,amirrezawh,3,0.00356,61565,73.05511,84272
4315,amitbhoraniya,3,0.00356,61568,73.05867,84272
4316,AMK9978,3,0.00356,61571,73.06223,84272
4317,amorozov,3,0.00356,61574,73.06579,84272
4318,amosehiguese,3,0.00356,61577,73.06935,84272
4319,amro-krg,3,0.00356,61580,73.07291,84272
4320,anagg929,3,0.00356,61583,73.07647,84272
4321,Anand-Munjuluri,3,0.00356,61586,73.08003,84272
4322,anandseshan,3,0.00356,61589,73.08359,84272
4323,anandshivam44,3,0.00356,61592,73.08715,84272
4324,anaysarkar7,3,0.00356,61595,73.09071,84272
4325,anderermark,3,0.00356,61598,73.09427,84272
4326,andfri1,3,0.00356,61601,73.09783,84272
4327,AndradeMaicon,3,0.00356,61604,73.10139,84272
4328,andre-adam-randoli,3,0.00356,61607,73.10495,84272
4329,andreapicaro,3,0.00356,61610,73.10851,84272
4330,andreas-kupries,3,0.00356,61613,73.11207,84272
4331,andreas-lindfalk,3,0.00356,61616,73.11563,84272
4332,andrebiegel,3,0.00356,61619,73.11919,84272
4333,andresm53,3,0.00356,61622,73.12275,84272
4334,andresterba,3,0.00356,61625,73.12631,84272
4335,andrewpak,3,0.00356,61628,73.12987,84272
4336,andrewreeman,3,0.00356,61631,73.13343,84272
4337,andrgras,3,0.00356,61634,73.13699,84272
4338,andwang130,3,0.00356,61637,73.14054,84272
4339,andypitcher,3,0.00356,61640,73.14410,84272
4340,angewcy,3,0.00356,61643,73.14766,84272
4341,anhthidao,3,0.00356,61646,73.15122,84272
4342,anirudhprabhakaran3,3,0.00356,61649,73.15478,84272
4343,ankit618,3,0.00356,61652,73.15834,84272
4344,ankitpanwar174,3,0.00356,61655,73.16190,84272
4345,ankush1233,3,0.00356,61658,73.16546,84272
4346,anshul-kh,3,0.00356,61661,73.16902,84272
4347,answerisu,3,0.00356,61664,73.17258,84272
4348,Ant0wan,3,0.00356,61667,73.17614,84272
4349,antdking,3,0.00356,61670,73.17970,84272
4350,anthony-dandrea,3,0.00356,61673,73.18326,84272
4351,antinova,3,0.00356,61676,73.18682,84272
4352,ANTRIKSH-GANJOO,3,0.00356,61679,73.19038,84272
4353,Antsypc,3,0.00356,61682,73.19394,84272
4354,anubhavgh023,3,0.00356,61685,73.19750,84272
4355,anuja-kulkarni,3,0.00356,61688,73.20106,84272
4356,anutator,3,0.00356,61691,73.20462,84272
4357,aodysseos,3,0.00356,61694,73.20818,84272
4358,aotenantadmin,3,0.00356,61697,73.21174,84272
4359,aparajon,3,0.00356,61700,73.21530,84272
4360,apescione,3,0.00356,61703,73.21886,84272
4361,apetrichkovich,3,0.00356,61706,73.22242,84272
4362,ApiaoSamaa,3,0.00356,61709,73.22598,84272
4363,applericepilaf,3,0.00356,61712,73.22954,84272
4364,ArafatAbdussalam,3,0.00356,61715,73.23310,84272
4365,archups,3,0.00356,61718,73.23666,84272
4366,aresnasa,3,0.00356,61721,73.24022,84272
4367,arjeong0,3,0.00356,61724,73.24378,84272
4368,ArmingLou,3,0.00356,61727,73.24734,84272
4369,arnabnandikgp,3,0.00356,61730,73.25090,84272
4370,arnoldokoth,3,0.00356,61733,73.25446,84272
4371,ARobertsCollibra,3,0.00356,61736,73.25802,84272
4372,ARPmt,3,0.00356,61739,73.26158,84272
4373,arssshhhk,3,0.00356,61742,73.26514,84272
4374,artemseleznev,3,0.00356,61745,73.26870,84272
4375,Artem-Zahumonnyi,3,0.00356,61748,73.27226,84272
4376,arthurala,3,0.00356,61751,73.27582,84272
4377,ArthurHenriqueBid,3,0.00356,61754,73.27938,84272
4378,Arturbarth,3,0.00356,61757,73.28294,84272
4379,ArturiaPendragon,3,0.00356,61760,73.28650,84272
4380,arvesolli,3,0.00356,61763,73.29006,84272
4381,ary1992,3,0.00356,61766,73.29362,84272
4382,aryab2003,3,0.00356,61769,73.29718,84272
4383,ARYANis0001,3,0.00356,61772,73.30074,84272
4384,ashestopalko,3,0.00356,61775,73.30430,84272
4385,ashish-chide,3,0.00356,61778,73.30786,84272
4386,ashish-dua,3,0.00356,61781,73.31142,84272
4387,Ash-KODES,3,0.00356,61784,73.31498,84272
4388,ashley-b,3,0.00356,61787,73.31854,84272
4389,ashutoshak5386,3,0.00356,61790,73.32210,84272
4390,asitha99x,3,0.00356,61793,73.32566,84272
4391,Asymptotez,3,0.00356,61796,73.32922,84272
4392,AtaraxiaRun,3,0.00356,61799,73.33278,84272
4393,ataxdr,3,0.00356,61802,73.33634,84272
4394,atomicman57,3,0.00356,61805,73.33990,84272
4395,attilamagyar89,3,0.00356,61808,73.34346,84272
4396,atul-bhardwaj-sp,3,0.00356,61811,73.34702,84272
4397,augustas1,3,0.00356,61814,73.35058,84272
4398,AuroraTwinkle,3,0.00356,61817,73.35414,84272
4399,austin-stytch,3,0.00356,61820,73.35770,84272
4400,auvn,3,0.00356,61823,73.36126,84272
4401,Auxin1296,3,0.00356,61826,73.36482,84272
4402,avelarix,3,0.00356,61829,73.36838,84272
4403,avi-jois,3,0.00356,61832,73.37194,84272
4404,avramovic,3,0.00356,61835,73.37550,84272
4405,awnion,3,0.00356,61838,73.37906,84272
4406,axhero,3,0.00356,61841,73.38262,84272
4407,axyut,3,0.00356,61844,73.38618,84272
4408,AYM1607,3,0.00356,61847,73.38974,84272
4409,ayroblu,3,0.00356,61850,73.39330,84272
4410,AyushSolanki158,3,0.00356,61853,73.39686,84272
4411,azenakhi,3,0.00356,61856,73.40042,84272
4412,azimari-toure-ikbal,3,0.00356,61859,73.40398,84272
4413,azizbaghirov,3,0.00356,61862,73.40754,84272
4414,azpaulp,3,0.00356,61865,73.41110,84272
4415,B3zaleel,3,0.00356,61868,73.41466,84272
4416,badams055,3,0.00356,61871,73.41822,84272
4417,baelter,3,0.00356,61874,73.42178,84272
4418,bagpipes924,3,0.00356,61877,73.42534,84272
4419,BaiMeow,3,0.00356,61880,73.42890,84272
4420,Bairou2001,3,0.00356,61883,73.43246,84272
4421,balki,3,0.00356,61886,73.43602,84272
4422,balmeida-nokia,3,0.00356,61889,73.43958,84272
4423,Balsir,3,0.00356,61892,73.44314,84272
4424,Bambii556,3,0.00356,61895,73.44670,84272
4425,bamorim,3,0.00356,61898,73.45026,84272
4426,bartosz822,3,0.00356,61901,73.45382,84272
4427,bartoszbryk,3,0.00356,61904,73.45738,84272
4428,bartosz-jarmuz,3,0.00356,61907,73.46094,84272
4429,bartoszp,3,0.00356,61910,73.46450,84272
4430,bashlion,3,0.00356,61913,73.46806,84272
4431,Basssiiie,3,0.00356,61916,73.47162,84272
4432,Bastichou,3,0.00356,61919,73.47518,84272
4433,bastienriviereocd,3,0.00356,61922,73.47874,84272
4434,basvodde,3,0.00356,61925,73.48230,84272
4435,baumann-t,3,0.00356,61928,73.48586,84272
4436,bawk3,3,0.00356,61931,73.48942,84272
4437,baz-bakerhughes,3,0.00356,61934,73.49298,84272
4438,bbaldino,3,0.00356,61937,73.49654,84272
4439,beejaygee,3,0.00356,61940,73.50009,84272
4440,bekefi-laszlo,3,0.00356,61943,73.50365,84272
4441,benhodgkiss,3,0.00356,61946,73.50721,84272
4442,benkelly12,3,0.00356,61949,73.51077,84272
4443,bensolo-io,3,0.00356,61952,73.51433,84272
4444,berghaus,3,0.00356,61955,73.51789,84272
4445,berkeli,3,0.00356,61958,73.52145,84272
4446,bernardyoung,3,0.00356,61961,73.52501,84272
4447,bharanitharanm,3,0.00356,61964,73.52857,84272
4448,BharatKJain,3,0.00356,61967,73.53213,84272
4449,bharatnainani,3,0.00356,61970,73.53569,84272
4450,bhavukkalra,3,0.00356,61973,73.53925,84272
4451,bigface0202,3,0.00356,61976,73.54281,84272
4452,bikram990,3,0.00356,61979,73.54637,84272
4453,bin-shi-mulesoft,3,0.00356,61982,73.54993,84272
4454,BinSquare,3,0.00356,61985,73.55349,84272
4455,bioinformatist,3,0.00356,61988,73.55705,84272
4456,biozit,3,0.00356,61991,73.56061,84272
4457,birenjack,3,0.00356,61994,73.56417,84272
4458,Bjyothi2023,3,0.00356,61997,73.56773,84272
4459,blackironj,3,0.00356,62000,73.57129,84272
4460,blaskovicz,3,0.00356,62003,73.57485,84272
4461,BlazeF35,3,0.00356,62006,73.57841,84272
4462,BlitzInternet,3,0.00356,62009,73.58197,84272
4463,blueforesticarus,3,0.00356,62012,73.58553,84272
4464,blueprismo,3,0.00356,62015,73.58909,84272
4465,BoboTheBarbar,3,0.00356,62018,73.59265,84272
4466,boiledfroginthewell,3,0.00356,62021,73.59621,84272
4467,bok11,3,0.00356,62024,73.59977,84272
4468,Borisakov,3,0.00356,62027,73.60333,84272
4469,borshopCZ,3,0.00356,62030,73.60689,84272
4470,borzoj,3,0.00356,62033,73.61045,84272
4471,boscard,3,0.00356,62036,73.61401,84272
4472,bqk-,3,0.00356,62039,73.61757,84272
4473,BrahamiRabah,3,0.00356,62042,73.62113,84272
4474,braminsign,3,0.00356,62045,73.62469,84272
4475,brandonsousa,3,0.00356,62048,73.62825,84272
4476,briandestura,3,0.00356,62051,73.63181,84272
4477,brismonis,3,0.00356,62054,73.63537,84272
4478,bruceoutdoors,3,0.00356,62057,73.63893,84272
4479,brvn0c,3,0.00356,62060,73.64249,84272
4480,b-thiswatch,3,0.00356,62063,73.64605,84272
4481,bthuilot,3,0.00356,62066,73.64961,84272
4482,Btwizzlerr,3,0.00356,62069,73.65317,84272
4483,budhisagar,3,0.00356,62072,73.65673,84272
4484,bulak,3,0.00356,62075,73.66029,84272
4485,bunicb,3,0.00356,62078,73.66385,84272
4486,BUPT-wxq,3,0.00356,62081,73.66741,84272
4487,bvv906,3,0.00356,62084,73.67097,84272
4488,bwieczorek88,3,0.00356,62087,73.67453,84272
4489,Ca20009,3,0.00356,62090,73.67809,84272
4490,cacosub7,3,0.00356,62093,73.68165,84272
4491,CaioAugustoo,3,0.00356,62096,73.68521,84272
4492,caiodelgadonew,3,0.00356,62099,73.68877,84272
4493,calbright98,3,0.00356,62102,73.69233,84272
4494,calebarcher,3,0.00356,62105,73.69589,84272
4495,callmediaomao,3,0.00356,62108,73.69945,84272
4496,calvin-puram,3,0.00356,62111,73.70301,84272
4497,cankush625,3,0.00356,62114,73.70657,84272
4498,carboneater,3,0.00356,62117,73.71013,84272
4499,carl007-max,3,0.00356,62120,73.71369,84272
4500,carloslima,3,0.00356,62123,73.71725,84272
4501,Carsten-Leue,3,0.00356,62126,73.72081,84272
4502,CBrothersCloud,3,0.00356,62129,73.72437,84272
4503,ccgurley,3,0.00356,62132,73.72793,84272
4504,ccpatrut,3,0.00356,62135,73.73149,84272
4505,cedenilla,3,0.00356,62138,73.73505,84272
4506,cerisue15,3,0.00356,62141,73.73861,84272
4507,ch3n9w,3,0.00356,62144,73.74217,84272
4508,chadxzs,3,0.00356,62147,73.74573,84272
4509,chaosssliu,3,0.00356,62150,73.74929,84272
4510,charles0830,3,0.00356,62153,73.75285,84272
4511,cheese39,3,0.00356,62156,73.75641,84272
4512,chenbo90,3,0.00356,62159,73.75997,84272
4513,chengliangli0918,3,0.00356,62162,73.76353,84272
4514,chenmancm,3,0.00356,62165,73.76709,84272
4515,chenshuai1995,3,0.00356,62168,73.77065,84272
4516,chenxy1988,3,0.00356,62171,73.77421,84272
4517,chenyao143,3,0.00356,62174,73.77777,84272
4518,chenzuozhou,3,0.00356,62177,73.78133,84272
4519,ChetRHosey,3,0.00356,62180,73.78489,84272
4520,cheungnj,3,0.00356,62183,73.78845,84272
4521,chewy02,3,0.00356,62186,73.79201,84272
4522,Chimise,3,0.00356,62189,73.79557,84272
4523,chinaldp,3,0.00356,62192,73.79913,84272
4524,chixianliangGithub,3,0.00356,62195,73.80269,84272
4525,ChnMig,3,0.00356,62198,73.80625,84272
4526,Chogos,3,0.00356,62201,73.80981,84272
4527,ChoummikhMeriam,3,0.00356,62204,73.81337,84272
4528,ChrisFart1ng,3,0.00356,62207,73.81693,84272
4529,christian-macedo,3,0.00356,62210,73.82049,84272
4530,christophe-f,3,0.00356,62213,73.82405,84272
4531,chris-void-777,3,0.00356,62216,73.82761,84272
4532,chronno4,3,0.00356,62219,73.83117,84272
4533,chupacabra71,3,0.00356,62222,73.83473,84272
4534,chxdeng,3,0.00356,62225,73.83829,84272
4535,cicada-lewis,3,0.00356,62228,73.84185,84272
4536,cipianpascu,3,0.00356,62231,73.84541,84272
4537,cirvladimir,3,0.00356,62234,73.84897,84272
4538,cjidboon94,3,0.00356,62237,73.85253,84272
4539,ckarwicki,3,0.00356,62240,73.85609,84272
4540,ckmeichs,3,0.00356,62243,73.85964,84272
4541,ckyriakos,3,0.00356,62246,73.86320,84272
4542,clarkholdham,3,0.00356,62249,73.86676,84272
4543,clemenkok,3,0.00356,62252,73.87032,84272
4544,clementrey-dev,3,0.00356,62255,73.87388,84272
4545,clifff,3,0.00356,62258,73.87744,84272
4546,clobrano,3,0.00356,62261,73.88100,84272
4547,CloudIkeme,3,0.00356,62264,73.88456,84272
4548,cloudziu,3,0.00356,62267,73.88812,84272
4549,cmcantalupo,3,0.00356,62270,73.89168,84272
4550,cmennens,3,0.00356,62273,73.89524,84272
4551,cnsgsz,3,0.00356,62276,73.89880,84272
4552,cntianci,3,0.00356,62279,73.90236,84272
4553,coandco,3,0.00356,62282,73.90592,84272
4554,Codasquieves,3,0.00356,62285,73.90948,84272
4555,code4Y,3,0.00356,62288,73.91304,84272
4556,coderchuan,3,0.00356,62291,73.91660,84272
4557,CodingMakeWordBetter,3,0.00356,62294,73.92016,84272
4558,CofinCup,3,0.00356,62297,73.92372,84272
4559,colinrippeyfinarne,3,0.00356,62300,73.92728,84272
4560,CollectiveUnicorn,3,0.00356,62303,73.93084,84272
4561,colmbrady,3,0.00356,62306,73.93440,84272
4562,CoMatu,3,0.00356,62309,73.93796,84272
4563,combbbinator,3,0.00356,62312,73.94152,84272
4564,complexspaces,3,0.00356,62315,73.94508,84272
4565,Connect2naga,3,0.00356,62318,73.94864,84272
4566,cooperwalter,3,0.00356,62321,73.95220,84272
4567,CoryBarney,3,0.00356,62324,73.95576,84272
4568,crcady,3,0.00356,62327,73.95932,84272
4569,CrisRonda,3,0.00356,62330,73.96288,84272
4570,cristinaaanguyen,3,0.00356,62333,73.96644,84272
4571,crowcrow,3,0.00356,62336,73.97000,84272
4572,csingh-a10,3,0.00356,62339,73.97356,84272
4573,ctradar,3,0.00356,62342,73.97712,84272
4574,ctzurcanu,3,0.00356,62345,73.98068,84272
4575,cuongpham2110,3,0.00356,62348,73.98424,84272
4576,cvallesi-kainos,3,0.00356,62351,73.98780,84272
4577,c-zoa,3,0.00356,62354,73.99136,84272
4578,d0m3n1cc,3,0.00356,62357,73.99492,84272
4579,D32SSV,3,0.00356,62360,73.99848,84272
4580,dac73,3,0.00356,62363,74.00204,84272
4581,dagri-hub,3,0.00356,62366,74.00560,84272
4582,dagstuan,3,0.00356,62369,74.00916,84272
4583,daijiezou,3,0.00356,62372,74.01272,84272
4584,dalcorta,3,0.00356,62375,74.01628,84272
4585,damienburke,3,0.00356,62378,74.01984,84272
4586,damienmckenna,3,0.00356,62381,74.02340,84272
4587,Damsien,3,0.00356,62384,74.02696,84272
4588,danapr,3,0.00356,62387,74.03052,84272
4589,Dancheg97,3,0.00356,62390,74.03408,84272
4590,dan-corneanu,3,0.00356,62393,74.03764,84272
4591,dangell7,3,0.00356,62396,74.04120,84272
4592,danielamar101,3,0.00356,62399,74.04476,84272
4593,DanielAntos90,3,0.00356,62402,74.04832,84272
4594,danielbanks,3,0.00356,62405,74.05188,84272
4595,danielmilanov,3,0.00356,62408,74.05544,84272
4596,daniel-tedra,3,0.00356,62411,74.05900,84272
4597,danLee3,3,0.00356,62414,74.06256,84272
4598,danvic712,3,0.00356,62417,74.06612,84272
4599,Danyelleac,3,0.00356,62420,74.06968,84272
4600,daodennis-ri,3,0.00356,62423,74.07324,84272
4601,daquan,3,0.00356,62426,74.07680,84272
4602,dasFlerchi,3,0.00356,62429,74.08036,84272
4603,daviddriggs,3,0.00356,62432,74.08392,84272
4604,Davidffry,3,0.00356,62435,74.08748,84272
4605,davidhewitt,3,0.00356,62438,74.09104,84272
4606,davidkl97,3,0.00356,62441,74.09460,84272
4607,davmin,3,0.00356,62444,74.09816,84272
4608,davorzuti88,3,0.00356,62447,74.10172,84272
4609,dawilk,3,0.00356,62450,74.10528,84272
4610,daydone,3,0.00356,62453,74.10884,84272
4611,dbarker,3,0.00356,62456,74.11240,84272
4612,dbrugger,3,0.00356,62459,74.11596,84272
4613,deadlydog,3,0.00356,62462,74.11952,84272
4614,deb0057,3,0.00356,62465,74.12308,84272
4615,deepanker13,3,0.00356,62468,74.12664,84272
4616,DeeptiGuptaP,3,0.00356,62471,74.13020,84272
4617,deftfitf,3,0.00356,62474,74.13376,84272
4618,Deimos177,3,0.00356,62477,74.13732,84272
4619,dejanbelusic,3,0.00356,62480,74.14088,84272
4620,depleur,3,0.00356,62483,74.14444,84272
4621,devampatel03,3,0.00356,62486,74.14800,84272
4622,devendra614,3,0.00356,62489,74.15156,84272
4623,dev-hack95,3,0.00356,62492,74.15512,84272
4624,devidask27,3,0.00356,62495,74.15868,84272
4625,devjos,3,0.00356,62498,74.16224,84272
4626,devopsInterviews,3,0.00356,62501,74.16580,84272
4627,dev-secloudit,3,0.00356,62504,74.16936,84272
4628,devshah1,3,0.00356,62507,74.17292,84272
4629,dhanusaputra,3,0.00356,62510,74.17648,84272
4630,dhanvsagar,3,0.00356,62513,74.18004,84272
4631,dhf22,3,0.00356,62516,74.18360,84272
4632,DimanChauncey,3,0.00356,62519,74.18716,84272
4633,Dimoniss,3,0.00356,62522,74.19072,84272
4634,dimsunv,3,0.00356,62525,74.19428,84272
4635,DinStamou,3,0.00356,62528,74.19784,84272
4636,dinutine,3,0.00356,62531,74.20140,84272
4637,diogenxs,3,0.00356,62534,74.20496,84272
4638,diogoteles08,3,0.00356,62537,74.20852,84272
4639,diracchehn,3,0.00356,62540,74.21208,84272
4640,dirrao,3,0.00356,62543,74.21564,84272
4641,dishankjindal1,3,0.00356,62546,74.21919,84272
4642,diva-21,3,0.00356,62549,74.22275,84272
4643,divyanshunegi,3,0.00356,62552,74.22631,84272
4644,DivyaYash,3,0.00356,62555,74.22987,84272
4645,DKbyo,3,0.00356,62558,74.23343,84272
4646,DK-DARKmatter,3,0.00356,62561,74.23699,84272
4647,dlirai,3,0.00356,62564,74.24055,84272
4648,dloewen2,3,0.00356,62567,74.24411,84272
4649,DmitryShonin,3,0.00356,62570,74.24767,84272
4650,doflamingo721,3,0.00356,62573,74.25123,84272
4651,dohnto-s1,3,0.00356,62576,74.25479,84272
4652,dominikkaminski,3,0.00356,62579,74.25835,84272
4653,dominikmueller,3,0.00356,62582,74.26191,84272
4654,domsew,3,0.00356,62585,74.26547,84272
4655,donaldm,3,0.00356,62588,74.26903,84272
4656,donggong,3,0.00356,62591,74.27259,84272
4657,donivvinod,3,0.00356,62594,74.27615,84272
4658,Doofus100500,3,0.00356,62597,74.27971,84272
4659,DoomAndLove,3,0.00356,62600,74.28327,84272
4660,Doommius,3,0.00356,62603,74.28683,84272
4661,doris-zhou,3,0.00356,62606,74.29039,84272
4662,dostonbek-andijonlik,3,0.00356,62609,74.29395,84272
4663,dotgreg,3,0.00356,62612,74.29751,84272
4664,dpasirst,3,0.00356,62615,74.30107,84272
4665,drensokoli,3,0.00356,62618,74.30463,84272
4666,drewwaranissonos,3,0.00356,62621,74.30819,84272
4667,d-scott-mmath,3,0.00356,62624,74.31175,84272
4668,dsoh,3,0.00356,62627,74.31531,84272
4669,dtrunk90,3,0.00356,62630,74.31887,84272
4670,duartesaraiva98,3,0.00356,62633,74.32243,84272
4671,duckboy81,3,0.00356,62636,74.32599,84272
4672,ducpx,3,0.00356,62639,74.32955,84272
4673,Duncaen,3,0.00356,62642,74.33311,84272
4674,DvdChe,3,0.00356,62645,74.33667,84272
4675,dvishniakov,3,0.00356,62648,74.34023,84272
4676,dvmdb,3,0.00356,62651,74.34379,84272
4677,dwillett,3,0.00356,62654,74.34735,84272
4678,EAimTY,3,0.00356,62657,74.35091,84272
4679,ebilisariavgd,3,0.00356,62660,74.35447,84272
4680,ebracho,3,0.00356,62663,74.35803,84272
4681,edelabar,3,0.00356,62666,74.36159,84272
4682,Edge-wanG,3,0.00356,62669,74.36515,84272
4683,eduzgun,3,0.00356,62672,74.36871,84272
4684,edwardccg,3,0.00356,62675,74.37227,84272
4685,eemurphy,3,0.00356,62678,74.37583,84272
4686,efntallaris,3,0.00356,62681,74.37939,84272
4687,Eggsy94,3,0.00356,62684,74.38295,84272
4688,egmar,3,0.00356,62687,74.38651,84272
4689,egor-kh,3,0.00356,62690,74.39007,84272
4690,E-GTiD,3,0.00356,62693,74.39363,84272
4691,Eido95,3,0.00356,62696,74.39719,84272
4692,ekfo33,3,0.00356,62699,74.40075,84272
4693,ekranjan23,3,0.00356,62702,74.40431,84272
4694,elad320011,3,0.00356,62705,74.40787,84272
4695,EladProject,3,0.00356,62708,74.41143,84272
4696,elgohr,3,0.00356,62711,74.41499,84272
4697,encbladexp,3,0.00356,62714,74.41855,84272
4698,engrzain,3,0.00356,62717,74.42211,84272
4699,enihcam,3,0.00356,62720,74.42567,84272
4700,enmanuelmoreira,3,0.00356,62723,74.42923,84272
4701,EnmanuelParedes,3,0.00356,62726,74.43279,84272
4702,eno-conan,3,0.00356,62729,74.43635,84272
4703,enryson,3,0.00356,62732,74.43991,84272
4704,epicbugs,3,0.00356,62735,74.44347,84272
4705,epichb,3,0.00356,62738,74.44703,84272
4706,epompeii,3,0.00356,62741,74.45059,84272
4707,eqinox76,3,0.00356,62744,74.45415,84272
4708,equinsuocha,3,0.00356,62747,74.45771,84272
4709,eraho,3,0.00356,62750,74.46127,84272
4710,ErenYeager80,3,0.00356,62753,74.46483,84272
4711,Eresear,3,0.00356,62756,74.46839,84272
4712,ericdatakelly,3,0.00356,62759,74.47195,84272
4713,erictanjn,3,0.00356,62762,74.47551,84272
4714,erikasby,3,0.00356,62765,74.47907,84272
4715,eriklogtenberg,3,0.00356,62768,74.48263,84272
4716,erikwoo,3,0.00356,62771,74.48619,84272
4717,esciuckas-bah,3,0.00356,62774,74.48975,84272
4718,Estherchen404,3,0.00356,62777,74.49331,84272
4719,EtienneM,3,0.00356,62780,74.49687,84272
4720,evemorgen,3,0.00356,62783,74.50043,84272
4721,everonline,3,0.00356,62786,74.50399,84272
4722,evg-tso,3,0.00356,62789,74.50755,84272
4723,ExplodingDragon,3,0.00356,62792,74.51111,84272
4724,eyalch,3,0.00356,62795,74.51467,84272
4725,fabszabo,3,0.00356,62798,74.51823,84272
4726,facusantillo,3,0.00356,62801,74.52179,84272
4727,fallen-up,3,0.00356,62804,74.52535,84272
4728,FamousL,3,0.00356,62807,74.52891,84272
4729,farmerx,3,0.00356,62810,74.53247,84272
4730,fb314159265,3,0.00356,62813,74.53603,84272
4731,fbpo23,3,0.00356,62816,74.53959,84272
4732,fcabrera23,3,0.00356,62819,74.54315,84272
4733,fcano-uz,3,0.00356,62822,74.54671,84272
4734,federicaciuffo,3,0.00356,62825,74.55027,84272
4735,fedy97,3,0.00356,62828,74.55383,84272
4736,felipebmendes,3,0.00356,62831,74.55739,84272
4737,fengluodb,3,0.00356,62834,74.56095,84272
4738,ferryferry,3,0.00356,62837,74.56451,84272
4739,feven-redhat,3,0.00356,62840,74.56807,84272
4740,fevrin,3,0.00356,62843,74.57163,84272
4741,fgattu,3,0.00356,62846,74.57519,84272
4742,fhaftmann,3,0.00356,62849,74.57875,84272
4743,fh-fritz,3,0.00356,62852,74.58230,84272
4744,fhm20,3,0.00356,62855,74.58586,84272
4745,filakhtov,3,0.00356,62858,74.58942,84272
4746,filipprosovsky,3,0.00356,62861,74.59298,84272
4747,findajay,3,0.00356,62864,74.59654,84272
4748,fkennedy1,3,0.00356,62867,74.60010,84272
4749,flamingcow66,3,0.00356,62870,74.60366,84272
4750,fleupold,3,0.00356,62873,74.60722,84272
4751,flolegsignicat,3,0.00356,62876,74.61078,84272
4752,FlorentMair80,3,0.00356,62879,74.61434,84272
4753,flpajany,3,0.00356,62882,74.61790,84272
4754,flyzstu,3,0.00356,62885,74.62146,84272
4755,foertel,3,0.00356,62888,74.62502,84272
4756,foreverrice,3,0.00356,62891,74.62858,84272
4757,Foxite,3,0.00356,62894,74.63214,84272
4758,fpopic,3,0.00356,62897,74.63570,84272
4759,fritz1149,3,0.00356,62900,74.63926,84272
4760,fshiga-01,3,0.00356,62903,74.64282,84272
4761,fsyyft,3,0.00356,62906,74.64638,84272
4762,fukuale,3,0.00356,62909,74.64994,84272
4763,fvichot,3,0.00356,62912,74.65350,84272
4764,fwininger,3,0.00356,62915,74.65706,84272
4765,g1lby,3,0.00356,62918,74.66062,84272
4766,galfrylich,3,0.00356,62921,74.66418,84272
4767,gameloser,3,0.00356,62924,74.66774,84272
4768,gangware72,3,0.00356,62927,74.67130,84272
4769,garryod,3,0.00356,62930,74.67486,84272
4770,Garved,3,0.00356,62933,74.67842,84272
4771,GarvitSinghal47,3,0.00356,62936,74.68198,84272
4772,GaryClarkElekta,3,0.00356,62939,74.68554,84272
4773,gastonfournier,3,0.00356,62942,74.68910,84272
4774,gaurang-ingale,3,0.00356,62945,74.69266,84272
4775,GauravDhak,3,0.00356,62948,74.69622,84272
4776,gaurav-dubey-gitspace,3,0.00356,62951,74.69978,84272
4777,gauravkumar9130,3,0.00356,62954,74.70334,84272
4778,gauravluckme,3,0.00356,62957,74.70690,84272
4779,Gauravvpnd,3,0.00356,62960,74.71046,84272
4780,gautamkongi,3,0.00356,62963,74.71402,84272
4781,gavin-jeong,3,0.00356,62966,74.71758,84272
4782,gbharadwaj,3,0.00356,62969,74.72114,84272
4783,gcsabbagh,3,0.00356,62972,74.72470,84272
4784,gdace829,3,0.00356,62975,74.72826,84272
4785,geet-h17,3,0.00356,62978,74.73182,84272
4786,gehal6,3,0.00356,62981,74.73538,84272
4787,Gekalash,3,0.00356,62984,74.73894,84272
4788,GeoK,3,0.00356,62987,74.74250,84272
4789,gerases,3,0.00356,62990,74.74606,84272
4790,germancecch,3,0.00356,62993,74.74962,84272
4791,ggingmin,3,0.00356,62996,74.75318,84272
4792,ggriffinorg,3,0.00356,62999,74.75674,84272
4793,ghatdev,3,0.00356,63002,74.76030,84272
4794,gianielsevier,3,0.00356,63005,74.76386,84272
4795,girish016,3,0.00356,63008,74.76742,84272
4796,girishsg24,3,0.00356,63011,74.77098,84272
4797,git-25179,3,0.00356,63014,74.77454,84272
4798,gitlilei2019,3,0.00356,63017,74.77810,84272
4799,gitmlynch,3,0.00356,63020,74.78166,84272
4800,gjajoo,3,0.00356,63023,74.78522,84272
4801,gkinsman,3,0.00356,63026,74.78878,84272
4802,glatrofa,3,0.00356,63029,74.79234,84272
4803,G-man83,3,0.00356,63032,74.79590,84272
4804,gopi-ceq,3,0.00356,63035,74.79946,84272
4805,gouravganguly,3,0.00356,63038,74.80302,84272
4806,gouravkrosx,3,0.00356,63041,74.80658,84272
4807,gourik22,3,0.00356,63044,74.81014,84272
4808,Gowtham369,3,0.00356,63047,74.81370,84272
4809,grahamprimm,3,0.00356,63050,74.81726,84272
4810,grayswander,3,0.00356,63053,74.82082,84272
4811,GreenCappuccino,3,0.00356,63056,74.82438,84272
4812,Grentanus,3,0.00356,63059,74.82794,84272
4813,grokdesigns,3,0.00356,63062,74.83150,84272
4814,gromaniuk,3,0.00356,63065,74.83506,84272
4815,grosa1,3,0.00356,63068,74.83862,84272
4816,GrzW,3,0.00356,63071,74.84218,84272
4817,gscalderonl,3,0.00356,63074,74.84574,84272
4818,gsharma-jiggzy,3,0.00356,63077,74.84930,84272
4819,gsl-ghassengabsi,3,0.00356,63080,74.85286,84272
4820,gsoec,3,0.00356,63083,74.85642,84272
4821,gsriniv,3,0.00356,63086,74.85998,84272
4822,gtjamesa,3,0.00356,63089,74.86354,84272
4823,guangzhengli,3,0.00356,63092,74.86710,84272
4824,guhanjie,3,0.00356,63095,74.87066,84272
4825,guipace,3,0.00356,63098,74.87422,84272
4826,gusumuzhe,3,0.00356,63101,74.87778,84272
4827,Gutaicheng,3,0.00356,63104,74.88134,84272
4828,guwenqing,3,0.00356,63107,74.88490,84272
4829,gviswalingam,3,0.00356,63110,74.88846,84272
4830,gwiesing,3,0.00356,63113,74.89202,84272
4831,gyurco,3,0.00356,63116,74.89558,84272
4832,H3Cki,3,0.00356,63119,74.89914,84272
4833,h3ct0rjs,3,0.00356,63122,74.90270,84272
4834,h3xcat,3,0.00356,63125,74.90626,84272
4835,h6mx,3,0.00356,63128,74.90982,84272
4836,HaHaKwy,3,0.00356,63131,74.91338,84272
4837,Hajimesik,3,0.00356,63134,74.91694,84272
4838,HalaharviPedda,3,0.00356,63137,74.92050,84272
4839,HanHoRang31,3,0.00356,63140,74.92406,84272
4840,HannTheSolo,3,0.00356,63143,74.92762,84272
4841,Hansyangxingxiang,3,0.00356,63146,74.93118,84272
4842,haowang-uber,3,0.00356,63149,74.93474,84272
4843,Happypig375,3,0.00356,63152,74.93830,84272
4844,hareeshdsinfo1,3,0.00356,63155,74.94185,84272
4845,harikant-lftt,3,0.00356,63158,74.94541,84272
4846,Harmeet25,3,0.00356,63161,74.94897,84272
4847,Harshal662,3,0.00356,63164,74.95253,84272
4848,harshchaurasia2020,3,0.00356,63167,74.95609,84272
4849,hart1dechu,3,0.00356,63170,74.95965,84272
4850,hatrg,3,0.00356,63173,74.96321,84272
4851,hawkinsw,3,0.00356,63176,74.96677,84272
4852,HazemAbdelmagid,3,0.00356,63179,74.97033,84272
4853,hbo,3,0.00356,63182,74.97389,84272
4854,HCarnegie,3,0.00356,63185,74.97745,84272
4855,hcderaad,3,0.00356,63188,74.98101,84272
4856,Hdz,3,0.00356,63191,74.98457,84272
4857,hedane,3,0.00356,63194,74.98813,84272
4858,helenrekha,3,0.00356,63197,74.99169,84272
4859,helloworld113,3,0.00356,63200,74.99525,84272
4860,helloworld-men,3,0.00356,63203,74.99881,84272
4861,helpta,3,0.00356,63206,75.00237,84272
4862,HemantDubey-ACS,3,0.00356,63209,75.00593,84272
4863,hemanth132,3,0.00356,63212,75.00949,84272
4864,heng4fun,3,0.00356,63215,75.01305,84272
4865,hexiaokang,3,0.00356,63218,75.01661,84272
4866,hh74,3,0.00356,63221,75.02017,84272
4867,hhheiaenia,3,0.00356,63224,75.02373,84272
4868,hhhhssjdh,3,0.00356,63227,75.02729,84272
4869,hiddehs,3,0.00356,63230,75.03085,84272
4870,hille721,3,0.00356,63233,75.03441,84272
4871,himanshuaggar,3,0.00356,63236,75.03797,84272
4872,Himral,3,0.00356,63239,75.04153,84272
4873,hirorogithub,3,0.00356,63242,75.04509,84272
4874,hjhill,3,0.00356,63245,75.04865,84272
4875,hleibenko-attentive,3,0.00356,63248,75.05221,84272
4876,hmouaad,3,0.00356,63251,75.05577,84272
4877,hmz-28,3,0.00356,63254,75.05933,84272
4878,honahuku,3,0.00356,63257,75.06289,84272
4879,hoppedmalt,3,0.00356,63260,75.06645,84272
4880,hpAB,3,0.00356,63263,75.07001,84272
4881,hpernu,3,0.00356,63266,75.07357,84272
4882,hreinking,3,0.00356,63269,75.07713,84272
4883,hsingli20,3,0.00356,63272,75.08069,84272
4884,hsteude,3,0.00356,63275,75.08425,84272
4885,huhouhua,3,0.00356,63278,75.08781,84272
4886,huiwanggo,3,0.00356,63281,75.09137,84272
4887,HuiyuanYan,3,0.00356,63284,75.09493,84272
4888,humaiyun,3,0.00356,63287,75.09849,84272
4889,husseinsakr,3,0.00356,63290,75.10205,84272
4890,HuyDo-95g,3,0.00356,63293,75.10561,84272
4891,hwang37,3,0.00356,63296,75.10917,84272
4892,hwang9u,3,0.00356,63299,75.11273,84272
4893,Hyperclaw79,3,0.00356,63302,75.11629,84272
4894,hyqhyq3,3,0.00356,63305,75.11985,84272
4895,ian659,3,0.00356,63308,75.12341,84272
4896,icot,3,0.00356,63311,75.12697,84272
4897,Idan-Lazar,3,0.00356,63314,75.13053,84272
4898,idkSteve,3,0.00356,63317,75.13409,84272
4899,ifofafk,3,0.00356,63320,75.13765,84272
4900,ig-leonov,3,0.00356,63323,75.14121,84272
4901,IgorSiilva,3,0.00356,63326,75.14477,84272
4902,iiamabby,3,0.00356,63329,75.14833,84272
4903,immavalls,3,0.00356,63332,75.15189,84272
4904,imprithwishghosh,3,0.00356,63335,75.15545,84272
4905,inakimalerba,3,0.00356,63338,75.15901,84272
4906,INF800,3,0.00356,63341,75.16257,84272
4907,insotriplesix,3,0.00356,63344,75.16613,84272
4908,intuibase,3,0.00356,63347,75.16969,84272
4909,ipetrov117,3,0.00356,63350,75.17325,84272
4910,iporsut,3,0.00356,63353,75.17681,84272
4911,irenesrl,3,0.00356,63356,75.18037,84272
4912,Ishujeet,3,0.00356,63359,75.18393,84272
4913,isinghabhishek,3,0.00356,63362,75.18749,84272
4914,IsQiao,3,0.00356,63365,75.19105,84272
4915,IstvanCsVarga,3,0.00356,63368,75.19461,84272
4916,iswangyi,3,0.00356,63371,75.19817,84272
4917,Itchimonji,3,0.00356,63374,75.20173,84272
4918,its-felix,3,0.00356,63377,75.20529,84272
4919,itsfinn,3,0.00356,63380,75.20885,84272
4920,Jaap2D2,3,0.00356,63383,75.21241,84272
4921,JackieLan,3,0.00356,63386,75.21597,84272
4922,jackpordi,3,0.00356,63389,75.21953,84272
4923,jacob-kuder,3,0.00356,63392,75.22309,84272
4924,JacobLey,3,0.00356,63395,75.22665,84272
4925,JadKHaddad,3,0.00356,63398,75.23021,84272
4926,jaen,3,0.00356,63401,75.23377,84272
4927,JAForbes,3,0.00356,63404,75.23733,84272
4928,jagannathomprakash,3,0.00356,63407,75.24089,84272
4929,jainasanthosh2023,3,0.00356,63410,75.24445,84272
4930,JakeDern,3,0.00356,63413,75.24801,84272
4931,jakeforge,3,0.00356,63416,75.25157,84272
4932,JakobMiksch,3,0.00356,63419,75.25513,84272
4933,Jakub-Kapusta,3,0.00356,63422,75.25869,84272
4934,jalavoy,3,0.00356,63425,75.26225,84272
4935,James6811,3,0.00356,63428,75.26581,84272
4936,jamesarbrown,3,0.00356,63431,75.26937,84272
4937,jammymalina,3,0.00356,63434,75.27293,84272
4938,JamsonSor-GBI,3,0.00356,63437,75.27649,84272
4939,jandbg,3,0.00356,63440,75.28005,84272
4940,janFlueckiger,3,0.00356,63443,75.28361,84272
4941,jankaacc,3,0.00356,63446,75.28717,84272
4942,jankatins,3,0.00356,63449,75.29073,84272
4943,janowskijak,3,0.00356,63452,75.29429,84272
4944,Jared0430,3,0.00356,63455,75.29785,84272
4945,jaredbwasserman,3,0.00356,63458,75.30140,84272
4946,jasiecky,3,0.00356,63461,75.30496,84272
4947,JasonWu0506,3,0.00356,63464,75.30852,84272
4948,jaswanthikolla,3,0.00356,63467,75.31208,84272
4949,javespi,3,0.00356,63470,75.31564,84272
4950,javilaadevinta,3,0.00356,63473,75.31920,84272
4951,jay0129,3,0.00356,63476,75.32276,84272
4952,jayadeep3,3,0.00356,63479,75.32632,84272
4953,JaycenChen,3,0.00356,63482,75.32988,84272
4954,Jayclifford345,3,0.00356,63485,75.33344,84272
4955,JAYESHBATRA,3,0.00356,63488,75.33700,84272
4956,Jay-ju,3,0.00356,63491,75.34056,84272
4957,jballentine-sharpen,3,0.00356,63494,75.34412,84272
4958,jbaris,3,0.00356,63497,75.34768,84272
4959,jbgcarnes,3,0.00356,63500,75.35124,84272
4960,jblsk,3,0.00356,63503,75.35480,84272
4961,jbrockett,3,0.00356,63506,75.35836,84272
4962,jcleng,3,0.00356,63509,75.36192,84272
4963,jcsobrino,3,0.00356,63512,75.36548,84272
4964,jdsdc,3,0.00356,63515,75.36904,84272
4965,JeannedArk,3,0.00356,63518,75.37260,84272
4966,JefferyLJ,3,0.00356,63521,75.37616,84272
4967,JensLoe,3,0.00356,63524,75.37972,84272
4968,jeppenejsum,3,0.00356,63527,75.38328,84272
4969,jeremyjpj0916,3,0.00356,63530,75.38684,84272
4970,jerry40214,3,0.00356,63533,75.39040,84272
4971,jevon1994,3,0.00356,63536,75.39396,84272
4972,jfusterm,3,0.00356,63539,75.39752,84272
4973,jiangduzi,3,0.00356,63542,75.40108,84272
4974,JiangLingJun,3,0.00356,63545,75.40464,84272
4975,jimmychen92,3,0.00356,63548,75.40820,84272
4976,jinshayumi,3,0.00356,63551,75.41176,84272
4977,jiyfhust,3,0.00356,63554,75.41532,84272
4978,jjiiee11,3,0.00356,63557,75.41888,84272
4979,jlestrada,3,0.00356,63560,75.42244,84272
4980,jmalloc,3,0.00356,63563,75.42600,84272
4981,jmiettinen,3,0.00356,63566,75.42956,84272
4982,jmolbach,3,0.00356,63569,75.43312,84272
4983,jmooring,3,0.00356,63572,75.43668,84272
4984,jmservera,3,0.00356,63575,75.44024,84272
4985,jnethery,3,0.00356,63578,75.44380,84272
4986,JoakimHagen,3,0.00356,63581,75.44736,84272
4987,joakimstrandberg,3,0.00356,63584,75.45092,84272
4988,joaquinfdez,3,0.00356,63587,75.45448,84272
4989,joebeernink,3,0.00356,63590,75.45804,84272
4990,joelbong,3,0.00356,63593,75.46160,84272
4991,joeleonjr,3,0.00356,63596,75.46516,84272
4992,JoeSchubert,3,0.00356,63599,75.46872,84272
4993,jogobella00,3,0.00356,63602,75.47228,84272
4994,johnbrown-yoti,3,0.00356,63605,75.47584,84272
4995,JohnDoneth,3,0.00356,63608,75.47940,84272
4996,johnmatthiggins,3,0.00356,63611,75.48296,84272
4997,JohnnyDa5,3,0.00356,63614,75.48652,84272
4998,johnson-earls,3,0.00356,63617,75.49008,84272
4999,johnwook,3,0.00356,63620,75.49364,84272
5000,jojo-schneider,3,0.00356,63623,75.49720,84272
