rank_number,actor,contributions,percent,cumulative_sum,cumulative_percent,all_contributions
1,openebs-pro-sa,534,1.73197,534,1.73197,30832
2,mbobrovskyi,511,1.65737,1045,3.38934,30832
3,aramissennyeydd,286,0.92761,1331,4.31694,30832
4,IRONICBo,282,0.91463,1613,5.23158,30832
5,henrybear327,207,0.67138,1820,5.90296,30832
6,steffen-karlsson,178,0.57732,1998,6.48028,30832
7,skoeva,166,0.53840,2164,7.01868,30832
8,balaharish7,160,0.51894,2324,7.53762,30832
9,AkhigbeEromo,159,0.51570,2483,8.05332,30832
10,ricardoamaro,157,0.50921,2640,8.56253,30832
11,TessaIO,152,0.49299,2792,9.05553,30832
12,LiYuhang9527,151,0.48975,2943,9.54528,30832
13,Edwinhr716,149,0.48326,3092,10.02854,30832
14,EduardGomezEscandell,143,0.46380,3235,10.49235,30832
15,Vishalreddy11,141,0.45732,3376,10.94966,30832
16,gabesaba,136,0.44110,3512,11.39076,30832
17,network-charles,130,0.42164,3642,11.81240,30832
18,sniok,130,0.42164,3772,12.23404,30832
19,NymanRobin,128,0.41515,3900,12.64920,30832
20,jedwins1998,119,0.38596,4019,13.03516,30832
21,HouqiyuA,108,0.35029,4127,13.38544,30832
22,NeerajNagure,106,0.34380,4233,13.72924,30832
23,smeadows-okta,106,0.34380,4339,14.07304,30832
24,anishbista60,100,0.32434,4439,14.39738,30832
25,arjan-bal,95,0.30812,4534,14.70550,30832
26,tariq-hasan,95,0.30812,4629,15.01362,30832
27,omerap12,92,0.29839,4721,15.31201,30832
28,pajakd,89,0.28866,4810,15.60067,30832
29,Kimbohlovette,88,0.28542,4898,15.88609,30832
30,lampajr,83,0.26920,4981,16.15529,30832
31,shruti2522,81,0.26271,5062,16.41801,30832
32,a110605,77,0.24974,5139,16.66775,30832
33,colebaileygit,77,0.24974,5216,16.91749,30832
34,franciscojavierarceo,75,0.24325,5291,17.16074,30832
35,adilmp1,74,0.24001,5365,17.40075,30832
36,AbdelatifAitBara,71,0.23028,5436,17.63103,30832
37,led0nk,64,0.20758,5500,17.83861,30832
38,mtrqq,63,0.20433,5563,18.04294,30832
39,pat-glitch,63,0.20433,5626,18.24728,30832
40,Enzujp,62,0.20109,5688,18.44837,30832
41,purnesh42H,61,0.19785,5749,18.64621,30832
42,apostasie,60,0.19460,5809,18.84081,30832
43,datacore-gthomas,59,0.19136,5868,19.03217,30832
44,sajjadrahman56,59,0.19136,5927,19.22353,30832
45,katiestruthers,57,0.18487,5984,19.40841,30832
46,mkarrmann,57,0.18487,6041,19.59328,30832
47,silvery1622,55,0.17839,6096,19.77167,30832
48,sean-r-williams,53,0.17190,6149,19.94357,30832
49,aoledk,51,0.16541,6200,20.10898,30832
50,arp-est,51,0.16541,6251,20.27439,30832
51,anfedotoff,50,0.16217,6301,20.43656,30832
52,besher-massri,49,0.15893,6350,20.59549,30832
53,betelgeuse-code,49,0.15893,6399,20.75441,30832
54,panoswoo,49,0.15893,6448,20.91334,30832
55,GFX9,47,0.15244,6495,21.06578,30832
56,fyp711,46,0.14920,6541,21.21497,30832
57,Nikunj0601,46,0.14920,6587,21.36417,30832
58,bhaskaramVaranasi,45,0.14595,6632,21.51012,30832
59,rashadism,44,0.14271,6676,21.65283,30832
60,azaynul10,43,0.13947,6719,21.79229,30832
61,DhairyaMajmudar,43,0.13947,6762,21.93176,30832
62,soGit,42,0.13622,6804,22.06798,30832
63,AllenXu93,41,0.13298,6845,22.20096,30832
64,JeevaRamanathan,41,0.13298,6886,22.33394,30832
65,Netail,41,0.13298,6927,22.46692,30832
66,alexandremahdhaoui,40,0.12974,6967,22.59665,30832
67,jenshenneberg,40,0.12974,7007,22.72639,30832
68,nasusoba,40,0.12974,7047,22.85612,30832
69,isinyaaa,39,0.12649,7086,22.98262,30832
70,rmehta19,39,0.12649,7125,23.10911,30832
71,alxckn,38,0.12325,7163,23.23236,30832
72,dgannon991,38,0.12325,7201,23.35560,30832
73,thepabloaguilar,38,0.12325,7239,23.47885,30832
74,ics091,37,0.12001,7276,23.59886,30832
75,lianglli,37,0.12001,7313,23.71886,30832
76,Manikiran88888,37,0.12001,7350,23.83887,30832
77,msune,37,0.12001,7387,23.95887,30832
78,peter-mcclonski,37,0.12001,7424,24.07888,30832
79,ammirator-administrator,36,0.11676,7460,24.19564,30832
80,Ashfinn,36,0.11676,7496,24.31240,30832
81,zhanluxianshen,36,0.11676,7532,24.42916,30832
82,champon1020,35,0.11352,7567,24.54268,30832
83,emdneto,35,0.11352,7602,24.65620,30832
84,AnomalRoil,34,0.11028,7636,24.76648,30832
85,ItielOlenick,34,0.11028,7670,24.87675,30832
86,utnim2,34,0.11028,7704,24.98703,30832
87,11happy,33,0.10703,7737,25.09406,30832
88,fhalde,33,0.10703,7770,25.20109,30832
89,sebalaini,33,0.10703,7803,25.30812,30832
90,codeKraken19,32,0.10379,7835,25.41191,30832
91,dandrucz,32,0.10379,7867,25.51570,30832
92,itsPronay,32,0.10379,7899,25.61949,30832
93,nipil,32,0.10379,7931,25.72327,30832
94,sangramrath,32,0.10379,7963,25.82706,30832
95,terry-chao,32,0.10379,7995,25.93085,30832
96,bddicken,31,0.10054,8026,26.03140,30832
97,MykolaRodin,31,0.10054,8057,26.13194,30832
98,barbacbd,30,0.09730,8087,26.22924,30832
99,dave-brace,30,0.09730,8117,26.32654,30832
100,john-gom,30,0.09730,8147,26.42385,30832
101,lets-call-n-walk,30,0.09730,8177,26.52115,30832
102,lkwronski,30,0.09730,8207,26.61845,30832
103,maciej-tatarski,30,0.09730,8237,26.71575,30832
104,max-melentyev,30,0.09730,8267,26.81305,30832
105,nlochschmidt,30,0.09730,8297,26.91035,30832
106,Aijeyomah,29,0.09406,8326,27.00441,30832
107,fonru,29,0.09406,8355,27.09847,30832
108,mmaoyu,29,0.09406,8384,27.19253,30832
109,uglyoldbob,29,0.09406,8413,27.28659,30832
110,EandrewJones,28,0.09081,8441,27.37740,30832
111,miltalex,28,0.09081,8469,27.46821,30832
112,moonorange,28,0.09081,8497,27.55903,30832
113,niftyhoot,28,0.09081,8525,27.64984,30832
114,SAShameem,28,0.09081,8553,27.74066,30832
115,sbahar619,28,0.09081,8581,27.83147,30832
116,Aryakoste,27,0.08757,8608,27.91905,30832
117,lkalaivanan,27,0.08757,8635,28.00662,30832
118,00chorch,26,0.08433,8661,28.09094,30832
119,akhilmhdh,26,0.08433,8687,28.17527,30832
120,BillyMichael,26,0.08433,8713,28.25960,30832
121,bszirtes,26,0.08433,8739,28.34393,30832
122,tylernix,26,0.08433,8765,28.42826,30832
123,evarga,25,0.08108,8790,28.50934,30832
124,sastryvp,25,0.08108,8815,28.59043,30832
125,SpencerTorres,25,0.08108,8840,28.67151,30832
126,EthanChangAED,24,0.07784,8864,28.74935,30832
127,jbtk,24,0.07784,8888,28.82719,30832
128,kuujis,24,0.07784,8912,28.90503,30832
129,rh-hemartin,24,0.07784,8936,28.98287,30832
130,sunny-g,24,0.07784,8960,29.06072,30832
131,wenxuan0923,24,0.07784,8984,29.13856,30832
132,Apteryks,23,0.07460,9007,29.21316,30832
133,erlan-z,23,0.07460,9030,29.28775,30832
134,grorge123,23,0.07460,9053,29.36235,30832
135,markbanierink,23,0.07460,9076,29.43695,30832
136,musklor,23,0.07460,9099,29.51155,30832
137,Qaplagzy,23,0.07460,9122,29.58614,30832
138,t00mas,23,0.07460,9145,29.66074,30832
139,vrsarin,23,0.07460,9168,29.73534,30832
140,weidalin,23,0.07460,9191,29.80994,30832
141,yerzham,23,0.07460,9214,29.88454,30832
142,Zaher1307,23,0.07460,9237,29.95913,30832
143,BruceAko,22,0.07135,9259,30.03049,30832
144,ctcarrier,22,0.07135,9281,30.10184,30832
145,FightingFox,22,0.07135,9303,30.17320,30832
146,harrisonturton,22,0.07135,9325,30.24455,30832
147,Homura222,22,0.07135,9347,30.31591,30832
148,jeswinkoshyninan,22,0.07135,9369,30.38726,30832
149,Muhammed-Moinuddin,22,0.07135,9391,30.45861,30832
150,SachinSahu431,22,0.07135,9413,30.52997,30832
151,shivas1516,22,0.07135,9435,30.60132,30832
152,stevez,22,0.07135,9457,30.67268,30832
153,adhurjaty,21,0.06811,9478,30.74079,30832
154,Baalekshan,21,0.06811,9499,30.80890,30832
155,bibibox,21,0.06811,9520,30.87701,30832
156,diegoavitorino,21,0.06811,9541,30.94512,30832
157,HyunSu1768,21,0.06811,9562,31.01323,30832
158,KentHsu,21,0.06811,9583,31.08134,30832
159,pikalovArtemN,21,0.06811,9604,31.14946,30832
160,sylvain-pierrot,21,0.06811,9625,31.21757,30832
161,townba,21,0.06811,9646,31.28568,30832
162,YamasouA,21,0.06811,9667,31.35379,30832
163,anhpatel,20,0.06487,9687,31.41866,30832
164,benskelker,20,0.06487,9707,31.48352,30832
165,Bslabe123,20,0.06487,9727,31.54839,30832
166,eddy-oum,20,0.06487,9747,31.61326,30832
167,hez2010,20,0.06487,9767,31.67813,30832
168,kaaass,20,0.06487,9787,31.74299,30832
169,MiahaCybersec,20,0.06487,9807,31.80786,30832
170,nhimanshujain,20,0.06487,9827,31.87273,30832
171,redabourial,20,0.06487,9847,31.93760,30832
172,Scotchman0,20,0.06487,9867,32.00246,30832
173,ShivamCoder23,20,0.06487,9887,32.06733,30832
174,tleed5,20,0.06487,9907,32.13220,30832
175,adamency,19,0.06162,9926,32.19382,30832
176,alexakreizinger,19,0.06162,9945,32.25545,30832
177,alfred-stokespace,19,0.06162,9964,32.31707,30832
178,andy-edvalson,19,0.06162,9983,32.37870,30832
179,DarikshaAnsari,19,0.06162,10002,32.44032,30832
180,Harsh1s,19,0.06162,10021,32.50195,30832
181,jameshorton2337,19,0.06162,10040,32.56357,30832
182,jekelo,19,0.06162,10059,32.62519,30832
183,kannanjgithub,19,0.06162,10078,32.68682,30832
184,LUK3ARK,19,0.06162,10097,32.74844,30832
185,Manoramsharma,19,0.06162,10116,32.81007,30832
186,MRH-Romit,19,0.06162,10135,32.87169,30832
187,NeuroticalT,19,0.06162,10154,32.93332,30832
188,PeterWrighten,19,0.06162,10173,32.99494,30832
189,radiumSodium,19,0.06162,10192,33.05656,30832
190,RomLecat,19,0.06162,10211,33.11819,30832
191,siegmund-heiss-ich,19,0.06162,10230,33.17981,30832
192,StuxxNet,19,0.06162,10249,33.24144,30832
193,tamaroning,19,0.06162,10268,33.30306,30832
194,TaoChenOSU,19,0.06162,10287,33.36469,30832
195,andrei-ivanovici,18,0.05838,10305,33.42307,30832
196,cjlee01,18,0.05838,10323,33.48145,30832
197,ctmphuongg,18,0.05838,10341,33.53983,30832
198,David-Jaeyoon-Lee,18,0.05838,10359,33.59821,30832
199,devopsdynamo,18,0.05838,10377,33.65659,30832
200,DineshkumarVG,18,0.05838,10395,33.71497,30832
201,jmpargana,18,0.05838,10413,33.77335,30832
202,k124k3n,18,0.05838,10431,33.83173,30832
203,ksgnextuple,18,0.05838,10449,33.89011,30832
204,molei20021,18,0.05838,10467,33.94850,30832
205,ovalice,18,0.05838,10485,34.00688,30832
206,rissh,18,0.05838,10503,34.06526,30832
207,rod4n4m1,18,0.05838,10521,34.12364,30832
208,rohansx,18,0.05838,10539,34.18202,30832
209,thelooter,18,0.05838,10557,34.24040,30832
210,t-katsumura,18,0.05838,10575,34.29878,30832
211,tuttheking81,18,0.05838,10593,34.35716,30832
212,aumetra,17,0.05514,10610,34.41230,30832
213,byhemechi,17,0.05514,10627,34.46744,30832
214,dsafdsa1,17,0.05514,10644,34.52257,30832
215,dsa-ferreira,17,0.05514,10661,34.57771,30832
216,JaxVN,17,0.05514,10678,34.63285,30832
217,jgu17,17,0.05514,10695,34.68799,30832
218,kthatipally,17,0.05514,10712,34.74312,30832
219,kunalvarpe,17,0.05514,10729,34.79826,30832
220,mfisher87,17,0.05514,10746,34.85340,30832
221,postsa,17,0.05514,10763,34.90854,30832
222,SullyMA,17,0.05514,10780,34.96367,30832
223,Umaaz,17,0.05514,10797,35.01881,30832
224,alexeysofin,16,0.05189,10813,35.07071,30832
225,BillXiang,16,0.05189,10829,35.12260,30832
226,denisbchrsk,16,0.05189,10845,35.17449,30832
227,gary-archer,16,0.05189,10861,35.22639,30832
228,imtsuki,16,0.05189,10877,35.27828,30832
229,LavredisG,16,0.05189,10893,35.33018,30832
230,maon-fp,16,0.05189,10909,35.38207,30832
231,n00bsi,16,0.05189,10925,35.43396,30832
232,raff897,16,0.05189,10941,35.48586,30832
233,sadique21hs,16,0.05189,10957,35.53775,30832
234,stormshield-fabs,16,0.05189,10973,35.58965,30832
235,Surajkumar98012,16,0.05189,10989,35.64154,30832
236,tyrone-wu,16,0.05189,11005,35.69344,30832
237,VolodiaHunkalo,16,0.05189,11021,35.74533,30832
238,chiragkyal,15,0.04865,11036,35.79398,30832
239,darshak-patel,15,0.04865,11051,35.84263,30832
240,ghedwards,15,0.04865,11066,35.89128,30832
241,hawwwdi,15,0.04865,11081,35.93993,30832
242,JChunyu,15,0.04865,11096,35.98858,30832
243,LiShuang-codes,15,0.04865,11111,36.03723,30832
244,michael2893,15,0.04865,11126,36.08588,30832
245,mtawaken,15,0.04865,11141,36.13454,30832
246,nkg-,15,0.04865,11156,36.18319,30832
247,s41m0n,15,0.04865,11171,36.23184,30832
248,sankar17,15,0.04865,11186,36.28049,30832
249,seanlaii,15,0.04865,11201,36.32914,30832
250,shashank381,15,0.04865,11216,36.37779,30832
251,Ssspade,15,0.04865,11231,36.42644,30832
252,ThalesValentim,15,0.04865,11246,36.47509,30832
253,tongshushan,15,0.04865,11261,36.52374,30832
254,trhthang,15,0.04865,11276,36.57239,30832
255,unitsvc,15,0.04865,11291,36.62104,30832
256,yashoza19,15,0.04865,11306,36.66969,30832
257,AllanOricil,14,0.04541,11320,36.71510,30832
258,Ashok-Varma,14,0.04541,11334,36.76051,30832
259,ChengenH,14,0.04541,11348,36.80592,30832
260,cuiHL,14,0.04541,11362,36.85132,30832
261,DaisukeHirabayashi,14,0.04541,11376,36.89673,30832
262,elhayef,14,0.04541,11390,36.94214,30832
263,erichevers,14,0.04541,11404,36.98755,30832
264,etiksouma,14,0.04541,11418,37.03295,30832
265,Fasibru,14,0.04541,11432,37.07836,30832
266,HusenHuang,14,0.04541,11446,37.12377,30832
267,ibrahimkedir10,14,0.04541,11460,37.16917,30832
268,Julien-Hery,14,0.04541,11474,37.21458,30832
269,Kuruyia,14,0.04541,11488,37.25999,30832
270,KyriosGN0,14,0.04541,11502,37.30540,30832
271,letweare,14,0.04541,11516,37.35080,30832
272,LG-Lopez,14,0.04541,11530,37.39621,30832
273,LiuQhahah,14,0.04541,11544,37.44162,30832
274,lj365,14,0.04541,11558,37.48703,30832
275,majorteach,14,0.04541,11572,37.53243,30832
276,mudhireddy,14,0.04541,11586,37.57784,30832
277,Nirzak,14,0.04541,11600,37.62325,30832
278,13241308289,13,0.04216,11613,37.66541,30832
279,arekay,13,0.04216,11626,37.70758,30832
280,atjn,13,0.04216,11639,37.74974,30832
281,atul-epam,13,0.04216,11652,37.79190,30832
282,bullshit,13,0.04216,11665,37.83407,30832
283,casewalker,13,0.04216,11678,37.87623,30832
284,chenyuanrun,13,0.04216,11691,37.91840,30832
285,david-garcia-garcia,13,0.04216,11704,37.96056,30832
286,davshen,13,0.04216,11717,38.00272,30832
287,dhofstetter,13,0.04216,11730,38.04489,30832
288,estenrye,13,0.04216,11743,38.08705,30832
289,flo-kn,13,0.04216,11756,38.12922,30832
290,graz-dev,13,0.04216,11769,38.17138,30832
291,Hayden-Chang,13,0.04216,11782,38.21354,30832
292,ibalat,13,0.04216,11795,38.25571,30832
293,johnathan-sq,13,0.04216,11808,38.29787,30832
294,kupmanyu,13,0.04216,11821,38.34004,30832
295,linuxfreakus,13,0.04216,11834,38.38220,30832
296,liransliveperson,13,0.04216,11847,38.42436,30832
297,LuMingYinDetect,13,0.04216,11860,38.46653,30832
298,matthagenbuch,13,0.04216,11873,38.50869,30832
299,NamanGajjar26,13,0.04216,11886,38.55086,30832
300,Nanmozhi22,13,0.04216,11899,38.59302,30832
301,NiekRossenInfoSupport,13,0.04216,11912,38.63518,30832
302,omni52,13,0.04216,11925,38.67735,30832
303,pkoutsovasilis,13,0.04216,11938,38.71951,30832
304,praduman8435,13,0.04216,11951,38.76168,30832
305,silaselisha,13,0.04216,11964,38.80384,30832
306,soharab-ic,13,0.04216,11977,38.84600,30832
307,starriver030515,13,0.04216,11990,38.88817,30832
308,thedtripp,13,0.04216,12003,38.93033,30832
309,Tobias-Pe,13,0.04216,12016,38.97250,30832
310,VamsiKrishna1211,13,0.04216,12029,39.01466,30832
311,346999452,12,0.03892,12041,39.05358,30832
312,benjagm,12,0.03892,12053,39.09250,30832
313,CalvinKrist,12,0.03892,12065,39.13142,30832
314,fernandozago,12,0.03892,12077,39.17034,30832
315,grandwizard28,12,0.03892,12089,39.20926,30832
316,gunaganji,12,0.03892,12101,39.24818,30832
317,hbisheng,12,0.03892,12113,39.28710,30832
318,huanghuihui0904,12,0.03892,12125,39.32602,30832
319,huangm777,12,0.03892,12137,39.36495,30832
320,innocentrda,12,0.03892,12149,39.40387,30832
321,IntegralProgrammer,12,0.03892,12161,39.44279,30832
322,jvanalstyne-mdsol,12,0.03892,12173,39.48171,30832
323,leepoplee,12,0.03892,12185,39.52063,30832
324,LuisOsta,12,0.03892,12197,39.55955,30832
325,mkow,12,0.03892,12209,39.59847,30832
326,nanyi545,12,0.03892,12221,39.63739,30832
327,nitinrana-deloitte,12,0.03892,12233,39.67631,30832
328,NotPranav0,12,0.03892,12245,39.71523,30832
329,Pravila00,12,0.03892,12257,39.75415,30832
330,rafey1104,12,0.03892,12269,39.79307,30832
331,sagardesai1,12,0.03892,12281,39.83199,30832
332,salvete2022,12,0.03892,12293,39.87091,30832
333,springCozyRock,12,0.03892,12305,39.90983,30832
334,ssharaev,12,0.03892,12317,39.94875,30832
335,TanyaSingh-espina,12,0.03892,12329,39.98768,30832
336,vicshi06,12,0.03892,12341,40.02660,30832
337,yasha145,12,0.03892,12353,40.06552,30832
338,Yseona,12,0.03892,12365,40.10444,30832
339,akrupien,11,0.03568,12376,40.14011,30832
340,AlexNik,11,0.03568,12387,40.17579,30832
341,Ali-Dalal,11,0.03568,12398,40.21147,30832
342,anuragkdi,11,0.03568,12409,40.24715,30832
343,Argannor,11,0.03568,12420,40.28282,30832
344,AxelNennker,11,0.03568,12431,40.31850,30832
345,bojanraic,11,0.03568,12442,40.35418,30832
346,brinnjoyce,11,0.03568,12453,40.38985,30832
347,Chenthilraj,11,0.03568,12464,40.42553,30832
348,cnorris-cs,11,0.03568,12475,40.46121,30832
349,connyay,11,0.03568,12486,40.49689,30832
350,DevProJSSV,11,0.03568,12497,40.53256,30832
351,dexter0195,11,0.03568,12508,40.56824,30832
352,DreamParadise,11,0.03568,12519,40.60392,30832
353,duthils,11,0.03568,12530,40.63960,30832
354,ejizba,11,0.03568,12541,40.67527,30832
355,gaborando,11,0.03568,12552,40.71095,30832
356,grepfruit19,11,0.03568,12563,40.74663,30832
357,HariCharan-001,11,0.03568,12574,40.78230,30832
358,hkarn-godaddy,11,0.03568,12585,40.81798,30832
359,imalasong,11,0.03568,12596,40.85366,30832
360,jasonkramberger,11,0.03568,12607,40.88934,30832
361,jobinmat,11,0.03568,12618,40.92501,30832
362,joeyyy09,11,0.03568,12629,40.96069,30832
363,Kailun2047,11,0.03568,12640,40.99637,30832
364,kunal642,11,0.03568,12651,41.03204,30832
365,marvin-steinke,11,0.03568,12662,41.06772,30832
366,msplival,11,0.03568,12673,41.10340,30832
367,MundaneImmortal,11,0.03568,12684,41.13908,30832
368,NitinRamnani,11,0.03568,12695,41.17475,30832
369,OpenX-Public,11,0.03568,12706,41.21043,30832
370,PavanNeerudu,11,0.03568,12717,41.24611,30832
371,photizzo,11,0.03568,12728,41.28179,30832
372,praphull-purohit,11,0.03568,12739,41.31746,30832
373,psilva-veeam,11,0.03568,12750,41.35314,30832
374,qswksp,11,0.03568,12761,41.38882,30832
375,rakeshpgr,11,0.03568,12772,41.42449,30832
376,RichieB2B,11,0.03568,12783,41.46017,30832
377,rishabkumar7,11,0.03568,12794,41.49585,30832
378,rockburning,11,0.03568,12805,41.53153,30832
379,rohitsrma,11,0.03568,12816,41.56720,30832
380,Sayanjones,11,0.03568,12827,41.60288,30832
381,Sivakajan-tech,11,0.03568,12838,41.63856,30832
382,TuanVu2504,11,0.03568,12849,41.67423,30832
383,wattmto,11,0.03568,12860,41.70991,30832
384,wikoion,11,0.03568,12871,41.74559,30832
385,wobito,11,0.03568,12882,41.78127,30832
386,wparr-circle,11,0.03568,12893,41.81694,30832
387,Yaxhveer,11,0.03568,12904,41.85262,30832
388,yeshl,11,0.03568,12915,41.88830,30832
389,zviratko,11,0.03568,12926,41.92398,30832
390,475556023,10,0.03243,12936,41.95641,30832
391,abstractOwl,10,0.03243,12946,41.98884,30832
392,a-c-dream,10,0.03243,12956,42.02128,30832
393,alexandrachakeres-wk,10,0.03243,12966,42.05371,30832
394,alvarocabanas,10,0.03243,12976,42.08614,30832
395,awatterson22,10,0.03243,12986,42.11858,30832
396,awsyshah,10,0.03243,12996,42.15101,30832
397,BKirov,10,0.03243,13006,42.18345,30832
398,bmichalkiewicz,10,0.03243,13016,42.21588,30832
399,brandon-powers,10,0.03243,13026,42.24831,30832
400,bunengxiu,10,0.03243,13036,42.28075,30832
401,caseyw,10,0.03243,13046,42.31318,30832
402,cd-fernando,10,0.03243,13056,42.34561,30832
403,CosmicToast,10,0.03243,13066,42.37805,30832
404,cx-joses,10,0.03243,13076,42.41048,30832
405,Dev-Destructor,10,0.03243,13086,42.44292,30832
406,developer1622,10,0.03243,13096,42.47535,30832
407,dufferzafar,10,0.03243,13106,42.50778,30832
408,etoster,10,0.03243,13116,42.54022,30832
409,ffz12,10,0.03243,13126,42.57265,30832
410,finalsecure,10,0.03243,13136,42.60509,30832
411,HFourier,10,0.03243,13146,42.63752,30832
412,IliaBrahinets,10,0.03243,13156,42.66995,30832
413,jackjii79,10,0.03243,13166,42.70239,30832
414,javamyth,10,0.03243,13176,42.73482,30832
415,jgascon-nx,10,0.03243,13186,42.76725,30832
416,jlrcontegix,10,0.03243,13196,42.79969,30832
417,jylee-mantech,10,0.03243,13206,42.83212,30832
418,khalidkhushal,10,0.03243,13216,42.86456,30832
419,kingEneru,10,0.03243,13226,42.89699,30832
420,kouki-miura2,10,0.03243,13236,42.92942,30832
421,kunal-511,10,0.03243,13246,42.96186,30832
422,kunalmehta-eve,10,0.03243,13256,42.99429,30832
423,Leonid99,10,0.03243,13266,43.02673,30832
424,leorinat,10,0.03243,13276,43.05916,30832
425,maakuth,10,0.03243,13286,43.09159,30832
426,masipauskas,10,0.03243,13296,43.12403,30832
427,mcdolding,10,0.03243,13306,43.15646,30832
428,Mehul-Kumar-27,10,0.03243,13316,43.18889,30832
429,Moazzem-Hossain-pixel,10,0.03243,13326,43.22133,30832
430,mustafa-be,10,0.03243,13336,43.25376,30832
431,mvtab,10,0.03243,13346,43.28620,30832
432,nataliagranato,10,0.03243,13356,43.31863,30832
433,neurotoxinvx,10,0.03243,13366,43.35106,30832
434,novellat,10,0.03243,13376,43.38350,30832
435,onurtemizkan,10,0.03243,13386,43.41593,30832
436,PatrickZeier-SAG,10,0.03243,13396,43.44837,30832
437,pjonsson,10,0.03243,13406,43.48080,30832
438,reclock,10,0.03243,13416,43.51323,30832
439,riedel,10,0.03243,13426,43.54567,30832
440,runesoerensen,10,0.03243,13436,43.57810,30832
441,saifulshark,10,0.03243,13446,43.61053,30832
442,sakshiarora13,10,0.03243,13456,43.64297,30832
443,sameerjoshinice,10,0.03243,13466,43.67540,30832
444,ShenFeng312,10,0.03243,13476,43.70784,30832
445,Stan370,10,0.03243,13486,43.74027,30832
446,SylvanasGr,10,0.03243,13496,43.77270,30832
447,Tanushriyt,10,0.03243,13506,43.80514,30832
448,Thompson1985,10,0.03243,13516,43.83757,30832
449,tm0nk,10,0.03243,13526,43.87001,30832
450,vickylikh,10,0.03243,13536,43.90244,30832
451,yasin-herken,10,0.03243,13546,43.93487,30832
452,YevhenLodovyi,10,0.03243,13556,43.96731,30832
453,3C4D,9,0.02919,13565,43.99650,30832
454,a-devops-guy,9,0.02919,13574,44.02569,30832
455,alex-mckay,9,0.02919,13583,44.05488,30832
456,alininja,9,0.02919,13592,44.08407,30832
457,A-LPHARM,9,0.02919,13601,44.11326,30832
458,anirudhAgniRedhat,9,0.02919,13610,44.14245,30832
459,aschei,9,0.02919,13619,44.17164,30832
460,benjidotsh,9,0.02919,13628,44.20083,30832
461,captainpro-eng,9,0.02919,13637,44.23002,30832
462,city2011,9,0.02919,13646,44.25921,30832
463,clezag,9,0.02919,13655,44.28840,30832
464,CRC-Mismatch,9,0.02919,13664,44.31759,30832
465,CzyerChen,9,0.02919,13673,44.34678,30832
466,eaudetcobello,9,0.02919,13682,44.37597,30832
467,Finomosec,9,0.02919,13691,44.40516,30832
468,ghbugfinder,9,0.02919,13700,44.43435,30832
469,griffindvs,9,0.02919,13709,44.46354,30832
470,hetvishastri,9,0.02919,13718,44.49273,30832
471,hirenko-v,9,0.02919,13727,44.52193,30832
472,hyoinandout,9,0.02919,13736,44.55112,30832
473,itodorova1,9,0.02919,13745,44.58031,30832
474,jfmontanaro,9,0.02919,13754,44.60950,30832
475,jholt96,9,0.02919,13763,44.63869,30832
476,jhouston1604,9,0.02919,13772,44.66788,30832
477,jmcrumb,9,0.02919,13781,44.69707,30832
478,jonnangle,9,0.02919,13790,44.72626,30832
479,jordanorc,9,0.02919,13799,44.75545,30832
480,jsedlak-microsoft,9,0.02919,13808,44.78464,30832
481,kevintatou,9,0.02919,13817,44.81383,30832
482,Killpit,9,0.02919,13826,44.84302,30832
483,l3acon,9,0.02919,13835,44.87221,30832
484,laglangyue,9,0.02919,13844,44.90140,30832
485,liangchen-liangchen,9,0.02919,13853,44.93059,30832
486,ljtfreitas,9,0.02919,13862,44.95978,30832
487,lunlund,9,0.02919,13871,44.98897,30832
488,max-allan-cgr,9,0.02919,13880,45.01816,30832
489,mvrk69,9,0.02919,13889,45.04735,30832
490,nagarajuv-jfrog,9,0.02919,13898,45.07654,30832
491,naroraindeed,9,0.02919,13907,45.10573,30832
492,navneet-we,9,0.02919,13916,45.13492,30832
493,Neoclassic,9,0.02919,13925,45.16412,30832
494,NickJosevski,9,0.02919,13934,45.19331,30832
495,nsikorskiy,9,0.02919,13943,45.22250,30832
496,Osamaabdalsabour,9,0.02919,13952,45.25169,30832
497,PandeoF1,9,0.02919,13961,45.28088,30832
498,Pierre-Brunelle,9,0.02919,13970,45.31007,30832
499,Raazor,9,0.02919,13979,45.33926,30832
500,senges,9,0.02919,13988,45.36845,30832
501,shalphaaslam,9,0.02919,13997,45.39764,30832
502,suthagarht,9,0.02919,14006,45.42683,30832
503,thewolt,9,0.02919,14015,45.45602,30832
504,tjosepo,9,0.02919,14024,45.48521,30832
505,tnn-simon,9,0.02919,14033,45.51440,30832
506,yshch,9,0.02919,14042,45.54359,30832
507,2007harf,8,0.02595,14050,45.56954,30832
508,AceTheCreator,8,0.02595,14058,45.59549,30832
509,ajay1135,8,0.02595,14066,45.62143,30832
510,akorzynski,8,0.02595,14074,45.64738,30832
511,alanta,8,0.02595,14082,45.67333,30832
512,albertofaria,8,0.02595,14090,45.69927,30832
513,anajsana,8,0.02595,14098,45.72522,30832
514,Anderen2,8,0.02595,14106,45.75117,30832
515,anfechtung,8,0.02595,14114,45.77711,30832
516,AntiBargu,8,0.02595,14122,45.80306,30832
517,baildagq,8,0.02595,14130,45.82901,30832
518,benediktwerner,8,0.02595,14138,45.85496,30832
519,brendenehlers,8,0.02595,14146,45.88090,30832
520,bscaleb,8,0.02595,14154,45.90685,30832
521,coderjojo,8,0.02595,14162,45.93280,30832
522,d1nuc0m,8,0.02595,14170,45.95874,30832
523,daniel-palmer-gu,8,0.02595,14178,45.98469,30832
524,dariolstella,8,0.02595,14186,46.01064,30832
525,Deathstr0ke1,8,0.02595,14194,46.03659,30832
526,DimitriPapadopoulos,8,0.02595,14202,46.06253,30832
527,dkmats,8,0.02595,14210,46.08848,30832
528,duc00,8,0.02595,14218,46.11443,30832
529,EchoStone1101,8,0.02595,14226,46.14037,30832
530,errier,8,0.02595,14234,46.16632,30832
531,fformica,8,0.02595,14242,46.19227,30832
532,FlamingSaint,8,0.02595,14250,46.21821,30832
533,fowlerlee,8,0.02595,14258,46.24416,30832
534,FUTURETECH7700,8,0.02595,14266,46.27011,30832
535,genfemme,8,0.02595,14274,46.29606,30832
536,GhostBoyBoy,8,0.02595,14282,46.32200,30832
537,GregSutcliffe,8,0.02595,14290,46.34795,30832
538,henviso,8,0.02595,14298,46.37390,30832
539,HiranmoyChowdhury,8,0.02595,14306,46.39984,30832
540,hlawrence-cn,8,0.02595,14314,46.42579,30832
541,HunterSherms,8,0.02595,14322,46.45174,30832
542,husa570,8,0.02595,14330,46.47769,30832
543,hwzengzy,8,0.02595,14338,46.50363,30832
544,iag,8,0.02595,14346,46.52958,30832
545,imwuwei,8,0.02595,14354,46.55553,30832
546,isc-rsaptars,8,0.02595,14362,46.58147,30832
547,izuca,8,0.02595,14370,46.60742,30832
548,jash2105,8,0.02595,14378,46.63337,30832
549,Jayashree-Rajendran,8,0.02595,14386,46.65931,30832
550,jjamroga,8,0.02595,14394,46.68526,30832
551,jjkjjk23,8,0.02595,14402,46.71121,30832
552,jkomoda,8,0.02595,14410,46.73716,30832
553,jleeh,8,0.02595,14418,46.76310,30832
554,Kellen275,8,0.02595,14426,46.78905,30832
555,leekathy,8,0.02595,14434,46.81500,30832
556,legalimpurity,8,0.02595,14442,46.84094,30832
557,lsxliron,8,0.02595,14450,46.86689,30832
558,manashbob,8,0.02595,14458,46.89284,30832
559,mikk2168,8,0.02595,14466,46.91879,30832
560,MissedTheMark,8,0.02595,14474,46.94473,30832
561,my5cents,8,0.02595,14482,46.97068,30832
562,nd-at-globetel,8,0.02595,14490,46.99663,30832
563,netvolart,8,0.02595,14498,47.02257,30832
564,nicktelford,8,0.02595,14506,47.04852,30832
565,OliverChmelicky,8,0.02595,14514,47.07447,30832
566,OneWithoutName,8,0.02595,14522,47.10042,30832
567,pnxs,8,0.02595,14530,47.12636,30832
568,preshit1505,8,0.02595,14538,47.15231,30832
569,qnik2,8,0.02595,14546,47.17826,30832
570,QuillPusher,8,0.02595,14554,47.20420,30832
571,rajagopalrao,8,0.02595,14562,47.23015,30832
572,Ravikapadne,8,0.02595,14570,47.25610,30832
573,RishabhKumarGupta,8,0.02595,14578,47.28204,30832
574,ro1hep,8,0.02595,14586,47.30799,30832
575,roceb,8,0.02595,14594,47.33394,30832
576,rostik404,8,0.02595,14602,47.35989,30832
577,Ruhi-Khan,8,0.02595,14610,47.38583,30832
578,salilsub,8,0.02595,14618,47.41178,30832
579,sbmrvv,8,0.02595,14626,47.43773,30832
580,SeanoNET,8,0.02595,14634,47.46367,30832
581,senojj,8,0.02595,14642,47.48962,30832
582,shinjichan,8,0.02595,14650,47.51557,30832
583,shuji-2019,8,0.02595,14658,47.54152,30832
584,SlavikCA,8,0.02595,14666,47.56746,30832
585,sochackid,8,0.02595,14674,47.59341,30832
586,ssunotz,8,0.02595,14682,47.61936,30832
587,suhas-chikkanna,8,0.02595,14690,47.64530,30832
588,tizki,8,0.02595,14698,47.67125,30832
589,torvald,8,0.02595,14706,47.69720,30832
590,ultram4rine,8,0.02595,14714,47.72314,30832
591,vash,8,0.02595,14722,47.74909,30832
592,vtharmalingam,8,0.02595,14730,47.77504,30832
593,windy1,8,0.02595,14738,47.80099,30832
594,yangling94116,8,0.02595,14746,47.82693,30832
595,yedidyar-ni,8,0.02595,14754,47.85288,30832
596,YuriJin-Unity,8,0.02595,14762,47.87883,30832
597,zibinpan,8,0.02595,14770,47.90477,30832
598,zzn2,8,0.02595,14778,47.93072,30832
599,120L020430,7,0.02270,14785,47.95343,30832
600,abtom,7,0.02270,14792,47.97613,30832
601,aetertinas9,7,0.02270,14799,47.99883,30832
602,ag6221254,7,0.02270,14806,48.02154,30832
603,ahna92,7,0.02270,14813,48.04424,30832
604,aldiyar04,7,0.02270,14820,48.06694,30832
605,aleeriz,7,0.02270,14827,48.08965,30832
606,AleJo2995,7,0.02270,14834,48.11235,30832
607,alexosumi,7,0.02270,14841,48.13505,30832
608,almightykid,7,0.02270,14848,48.15776,30832
609,ALPHA-1503,7,0.02270,14855,48.18046,30832
610,amalthundiyil,7,0.02270,14862,48.20317,30832
611,aminafshar,7,0.02270,14869,48.22587,30832
612,anthisfan,7,0.02270,14876,48.24857,30832
613,antoniomaria,7,0.02270,14883,48.27128,30832
614,anuraags,7,0.02270,14890,48.29398,30832
615,araamini,7,0.02270,14897,48.31668,30832
616,archliu321,7,0.02270,14904,48.33939,30832
617,ArtyomGabeev,7,0.02270,14911,48.36209,30832
618,basundhara-c,7,0.02270,14918,48.38480,30832
619,bharathappali,7,0.02270,14925,48.40750,30832
620,blmitkc,7,0.02270,14932,48.43020,30832
621,caguiclajmg,7,0.02270,14939,48.45291,30832
622,carnageX,7,0.02270,14946,48.47561,30832
623,carojkov,7,0.02270,14953,48.49831,30832
624,chap,7,0.02270,14960,48.52102,30832
625,chenglinli0,7,0.02270,14967,48.54372,30832
626,danish9039,7,0.02270,14974,48.56642,30832
627,dcerbino,7,0.02270,14981,48.58913,30832
628,devhimanshuu,7,0.02270,14988,48.61183,30832
629,dhempel,7,0.02270,14995,48.63454,30832
630,dipti-pai,7,0.02270,15002,48.65724,30832
631,Dispersia,7,0.02270,15009,48.67994,30832
632,DougManton,7,0.02270,15016,48.70265,30832
633,ederign,7,0.02270,15023,48.72535,30832
634,ek24014,7,0.02270,15030,48.74805,30832
635,fanchibaoLiu,7,0.02270,15037,48.77076,30832
636,Forchapeatl,7,0.02270,15044,48.79346,30832
637,gliljas,7,0.02270,15051,48.81617,30832
638,guozheng-shen,7,0.02270,15058,48.83887,30832
639,harelmo-lumigo,7,0.02270,15065,48.86157,30832
640,hasan-alkama,7,0.02270,15072,48.88428,30832
641,Hundred-Killer,7,0.02270,15079,48.90698,30832
642,idlecodinggoats,7,0.02270,15086,48.92968,30832
643,Ivandemidov00,7,0.02270,15093,48.95239,30832
644,jainkh,7,0.02270,15100,48.97509,30832
645,Jayden-Lind,7,0.02270,15107,48.99779,30832
646,jdaftari-confluent,7,0.02270,15114,49.02050,30832
647,Joerit,7,0.02270,15121,49.04320,30832
648,jonasrichard,7,0.02270,15128,49.06591,30832
649,jouvin,7,0.02270,15135,49.08861,30832
650,js3692,7,0.02270,15142,49.11131,30832
651,justsomecorporateuser,7,0.02270,15149,49.13402,30832
652,kangzemin,7,0.02270,15156,49.15672,30832
653,kirankumarkn,7,0.02270,15163,49.17942,30832
654,koumdev,7,0.02270,15170,49.20213,30832
655,kzks3001,7,0.02270,15177,49.22483,30832
656,langankazuha,7,0.02270,15184,49.24754,30832
657,laseanb,7,0.02270,15191,49.27024,30832
658,laurentheirendt,7,0.02270,15198,49.29294,30832
659,liushaoxiong10,7,0.02270,15205,49.31565,30832
660,manojrayar,7,0.02270,15212,49.33835,30832
661,martinwang2002,7,0.02270,15219,49.36105,30832
662,MaXal,7,0.02270,15226,49.38376,30832
663,microsec-ambrose,7,0.02270,15233,49.40646,30832
664,milind-u,7,0.02270,15240,49.42916,30832
665,minjunjiang,7,0.02270,15247,49.45187,30832
666,molejnik88,7,0.02270,15254,49.47457,30832
667,ms-hujia,7,0.02270,15261,49.49728,30832
668,mwduarte,7,0.02270,15268,49.51998,30832
669,NamiKazu,7,0.02270,15275,49.54268,30832
670,NayeemShaMd,7,0.02270,15282,49.56539,30832
671,nenoNaninu,7,0.02270,15289,49.58809,30832
672,nesty92,7,0.02270,15296,49.61079,30832
673,nielsreijers,7,0.02270,15303,49.63350,30832
674,orion160,7,0.02270,15310,49.65620,30832
675,PabloSebastian,7,0.02270,15317,49.67891,30832
676,payneInTheBrian,7,0.02270,15324,49.70161,30832
677,phantom943,7,0.02270,15331,49.72431,30832
678,PinappleUnderTheSea,7,0.02270,15338,49.74702,30832
679,pojith,7,0.02270,15345,49.76972,30832
680,pwhitehead-splunk,7,0.02270,15352,49.79242,30832
681,R4ZZB3RRY,7,0.02270,15359,49.81513,30832
682,rainingdaewoo,7,0.02270,15366,49.83783,30832
683,raskyld,7,0.02270,15373,49.86053,30832
684,Raven6681,7,0.02270,15380,49.88324,30832
685,ritesh58,7,0.02270,15387,49.90594,30832
686,Rjected,7,0.02270,15394,49.92865,30832
687,rkschamer,7,0.02270,15401,49.95135,30832
688,rolfbartels,7,0.02270,15408,49.97405,30832
689,ruoibmt,7,0.02270,15415,49.99676,30832
690,RyanZotti,7,0.02270,15422,50.01946,30832
691,S3LL1G28,7,0.02270,15429,50.04216,30832
692,saravanakumara,7,0.02270,15436,50.06487,30832
693,satsrini,7,0.02270,15443,50.08757,30832
694,schodemeiss,7,0.02270,15450,50.11028,30832
695,SergeiPavlitz,7,0.02270,15457,50.13298,30832
696,sheldygg,7,0.02270,15464,50.15568,30832
697,Shingo-Nakayama,7,0.02270,15471,50.17839,30832
698,Shubham1320,7,0.02270,15478,50.20109,30832
699,Stogas,7,0.02270,15485,50.22379,30832
700,subbu-raj,7,0.02270,15492,50.24650,30832
701,sundegan,7,0.02270,15499,50.26920,30832
702,suyash-811,7,0.02270,15506,50.29190,30832
703,svix-jplatte,7,0.02270,15513,50.31461,30832
704,SwathiEnugula202,7,0.02270,15520,50.33731,30832
705,tk-nguyen,7,0.02270,15527,50.36002,30832
706,tomergayer,7,0.02270,15534,50.38272,30832
707,UsingCoding,7,0.02270,15541,50.40542,30832
708,VansamaZWT,7,0.02270,15548,50.42813,30832
709,varaynya,7,0.02270,15555,50.45083,30832
710,vtomilov,7,0.02270,15562,50.47353,30832
711,Wareload,7,0.02270,15569,50.49624,30832
712,wudongwang,7,0.02270,15576,50.51894,30832
713,YangXin-Sheep,7,0.02270,15583,50.54165,30832
714,yeonhooy,7,0.02270,15590,50.56435,30832
715,yuri-rs,7,0.02270,15597,50.58705,30832
716,zhushuaifeifei,7,0.02270,15604,50.60976,30832
717,1ms-ms,6,0.01946,15610,50.62922,30832
718,24online24,6,0.01946,15616,50.64868,30832
719,abdelazizSalah,6,0.01946,15622,50.66814,30832
720,acodeninja,6,0.01946,15628,50.68760,30832
721,a-crate,6,0.01946,15634,50.70706,30832
722,aiwhj,6,0.01946,15640,50.72652,30832
723,AjaySDwivedi1,6,0.01946,15646,50.74598,30832
724,AkhilJ321,6,0.01946,15652,50.76544,30832
725,akumari144088,6,0.01946,15658,50.78490,30832
726,AllenOps08,6,0.01946,15664,50.80436,30832
727,amcamina,6,0.01946,15670,50.82382,30832
728,AncientMariner,6,0.01946,15676,50.84328,30832
729,andreo,6,0.01946,15682,50.86274,30832
730,andrewn617,6,0.01946,15688,50.88220,30832
731,AndreyPavlovFlant,6,0.01946,15694,50.90166,30832
732,andycoates,6,0.01946,15700,50.92112,30832
733,angad-singhh,6,0.01946,15706,50.94058,30832
734,aobt,6,0.01946,15712,50.96004,30832
735,aurel4oxand,6,0.01946,15718,50.97950,30832
736,awoie,6,0.01946,15724,50.99896,30832
737,aymanhouadria,6,0.01946,15730,51.01842,30832
738,Azmisov,6,0.01946,15736,51.03788,30832
739,BajuMcBites,6,0.01946,15742,51.05734,30832
740,baot20,6,0.01946,15748,51.07680,30832
741,belo4ya,6,0.01946,15754,51.09626,30832
742,Blarc,6,0.01946,15760,51.11572,30832
743,blueacidification,6,0.01946,15766,51.13518,30832
744,Boyplease24,6,0.01946,15772,51.15464,30832
745,BrodaNoel,6,0.01946,15778,51.17410,30832
746,bryanrossUK,6,0.01946,15784,51.19357,30832
747,bukington,6,0.01946,15790,51.21303,30832
748,chathuryaadapa,6,0.01946,15796,51.23249,30832
749,choudellier-1A,6,0.01946,15802,51.25195,30832
750,christopherzli,6,0.01946,15808,51.27141,30832
751,ChuksGrinage,6,0.01946,15814,51.29087,30832
752,codespearhead,6,0.01946,15820,51.31033,30832
753,createyourpersonalaccount,6,0.01946,15826,51.32979,30832
754,czxin788,6,0.01946,15832,51.34925,30832
755,dabump,6,0.01946,15838,51.36871,30832
756,Dantoes,6,0.01946,15844,51.38817,30832
757,davidlawrencer,6,0.01946,15850,51.40763,30832
758,davidzhao,6,0.01946,15856,51.42709,30832
759,dbeilin,6,0.01946,15862,51.44655,30832
760,dglushenok,6,0.01946,15868,51.46601,30832
761,Didier-SimpleCommeDev,6,0.01946,15874,51.48547,30832
762,DIFRIN,6,0.01946,15880,51.50493,30832
763,dimidevops,6,0.01946,15886,51.52439,30832
764,doom,6,0.01946,15892,51.54385,30832
765,dsingh-nl,6,0.01946,15898,51.56331,30832
766,duydo-ct,6,0.01946,15904,51.58277,30832
767,duyiwei7w,6,0.01946,15910,51.60223,30832
768,eddymoulton,6,0.01946,15916,51.62169,30832
769,eduardoSalazarCarrillo,6,0.01946,15922,51.64115,30832
770,eilonash92,6,0.01946,15928,51.66061,30832
771,EricGao888,6,0.01946,15934,51.68007,30832
772,esmerel,6,0.01946,15940,51.69953,30832
773,evanmcneal,6,0.01946,15946,51.71899,30832
774,fabjesus,6,0.01946,15952,51.73845,30832
775,FarmerChillax,6,0.01946,15958,51.75791,30832
776,fengwang-db,6,0.01946,15964,51.77737,30832
777,fengys1996,6,0.01946,15970,51.79683,30832
778,ferrelucas,6,0.01946,15976,51.81629,30832
779,feym78,6,0.01946,15982,51.83576,30832
780,firov,6,0.01946,15988,51.85522,30832
781,freva,6,0.01946,15994,51.87468,30832
782,fuchendou,6,0.01946,16000,51.89414,30832
783,fulldeck,6,0.01946,16006,51.91360,30832
784,g7nguym,6,0.01946,16012,51.93306,30832
785,Gartium,6,0.01946,16018,51.95252,30832
786,gavin-nia,6,0.01946,16024,51.97198,30832
787,Geordam,6,0.01946,16030,51.99144,30832
788,GG2002,6,0.01946,16036,52.01090,30832
789,Ghost-Cavendish,6,0.01946,16042,52.03036,30832
790,git-hulk,6,0.01946,16048,52.04982,30832
791,gnufred,6,0.01946,16054,52.06928,30832
792,GondaliaKaran,6,0.01946,16060,52.08874,30832
793,grateful345,6,0.01946,16066,52.10820,30832
794,harmathy,6,0.01946,16072,52.12766,30832
795,harshvijaythakkar,6,0.01946,16078,52.14712,30832
796,heeyoungEom-K,6,0.01946,16084,52.16658,30832
797,hihumikan,6,0.01946,16090,52.18604,30832
798,hintcnuie,6,0.01946,16096,52.20550,30832
799,HT0403,6,0.01946,16102,52.22496,30832
800,igorestevanjasinski,6,0.01946,16108,52.24442,30832
801,imhof-marco,6,0.01946,16114,52.26388,30832
802,indiepopart,6,0.01946,16120,52.28334,30832
803,Irvingwangjr,6,0.01946,16126,52.30280,30832
804,Isla-top,6,0.01946,16132,52.32226,30832
805,JacobLi11,6,0.01946,16138,52.34172,30832
806,jankotulak,6,0.01946,16144,52.36118,30832
807,jarededwards,6,0.01946,16150,52.38064,30832
808,jithin-zac,6,0.01946,16156,52.40010,30832
809,JoKacar,6,0.01946,16162,52.41956,30832
810,jokerbaibai,6,0.01946,16168,52.43902,30832
811,kaanyalti,6,0.01946,16174,52.45848,30832
812,KafkaProServerless,6,0.01946,16180,52.47794,30832
813,Kang3498,6,0.01946,16186,52.49741,30832
814,knkedlaya,6,0.01946,16192,52.51687,30832
815,kolonist,6,0.01946,16198,52.53633,30832
816,KyutakLim,6,0.01946,16204,52.55579,30832
817,lauren-hinge,6,0.01946,16210,52.57525,30832
818,LauYoung7,6,0.01946,16216,52.59471,30832
819,lforst,6,0.01946,16222,52.61417,30832
820,loomkoom,6,0.01946,16228,52.63363,30832
821,Lzj2306,6,0.01946,16234,52.65309,30832
822,manan1979,6,0.01946,16240,52.67255,30832
823,mangeshhambarde,6,0.01946,16246,52.69201,30832
824,manojks1999,6,0.01946,16252,52.71147,30832
825,markuskirch,6,0.01946,16258,52.73093,30832
826,maxkaemmerer,6,0.01946,16264,52.75039,30832
827,MdSadiqMd,6,0.01946,16270,52.76985,30832
828,meijing123,6,0.01946,16276,52.78931,30832
829,mikel-jason,6,0.01946,16282,52.80877,30832
830,milers0,6,0.01946,16288,52.82823,30832
831,mjameswh,6,0.01946,16294,52.84769,30832
832,moffoso,6,0.01946,16300,52.86715,30832
833,mrinalkumarthakur,6,0.01946,16306,52.88661,30832
834,MSA0208,6,0.01946,16312,52.90607,30832
835,Nathan-Nesbitt,6,0.01946,16318,52.92553,30832
836,neilalberg,6,0.01946,16324,52.94499,30832
837,nitintecg,6,0.01946,16330,52.96445,30832
838,NitishRawat123,6,0.01946,16336,52.98391,30832
839,obrocki,6,0.01946,16342,53.00337,30832
840,olexii4,6,0.01946,16348,53.02283,30832
841,orchestd,6,0.01946,16354,53.04229,30832
842,pavelvodrazka,6,0.01946,16360,53.06175,30832
843,pfeifferj,6,0.01946,16366,53.08121,30832
844,PietroPasotti,6,0.01946,16372,53.10067,30832
845,prashant9394,6,0.01946,16378,53.12013,30832
846,qyzxcswbll,6,0.01946,16384,53.13960,30832
847,r0cketdyne,6,0.01946,16390,53.15906,30832
848,R4iny917,6,0.01946,16396,53.17852,30832
849,RadOctocode,6,0.01946,16402,53.19798,30832
850,RafeArnold,6,0.01946,16408,53.21744,30832
851,RaheelJaved,6,0.01946,16414,53.23690,30832
852,RayAravind,6,0.01946,16420,53.25636,30832
853,Ray-D-Song,6,0.01946,16426,53.27582,30832
854,rdkumavat1,6,0.01946,16432,53.29528,30832
855,Rishikesh01,6,0.01946,16438,53.31474,30832
856,rmanjusha,6,0.01946,16444,53.33420,30832
857,rmiki,6,0.01946,16450,53.35366,30832
858,robincw,6,0.01946,16456,53.37312,30832
859,ruzmuh,6,0.01946,16462,53.39258,30832
860,sambitr,6,0.01946,16468,53.41204,30832
861,SantoshAvaji,6,0.01946,16474,53.43150,30832
862,Satakshijain,6,0.01946,16480,53.45096,30832
863,sc20tcl,6,0.01946,16486,53.47042,30832
864,schanzel,6,0.01946,16492,53.48988,30832
865,sekar-saravanan,6,0.01946,16498,53.50934,30832
866,sethstuart,6,0.01946,16504,53.52880,30832
867,shakiyal,6,0.01946,16510,53.54826,30832
868,shivamnarula,6,0.01946,16516,53.56772,30832
869,shreya0910,6,0.01946,16522,53.58718,30832
870,singhkeshav510,6,0.01946,16528,53.60664,30832
871,skoenig,6,0.01946,16534,53.62610,30832
872,smoehrle,6,0.01946,16540,53.64556,30832
873,soumyamlhk,6,0.01946,16546,53.66502,30832
874,SparshDusad,6,0.01946,16552,53.68448,30832
875,starryeyez024,6,0.01946,16558,53.70394,30832
876,stitchcula,6,0.01946,16564,53.72340,30832
877,studystill,6,0.01946,16570,53.74286,30832
878,SwanHtetAung,6,0.01946,16576,53.76232,30832
879,tasiorek27,6,0.01946,16582,53.78179,30832
880,tedaford,6,0.01946,16588,53.80125,30832
881,teocns,6,0.01946,16594,53.82071,30832
882,tgolang,6,0.01946,16600,53.84017,30832
883,thurianknight,6,0.01946,16606,53.85963,30832
884,timfish,6,0.01946,16612,53.87909,30832
885,tjqc0512,6,0.01946,16618,53.89855,30832
886,Tokynet,6,0.01946,16624,53.91801,30832
887,toserk,6,0.01946,16630,53.93747,30832
888,trevezani,6,0.01946,16636,53.95693,30832
889,TronSkywalker,6,0.01946,16642,53.97639,30832
890,tyhill3,6,0.01946,16648,53.99585,30832
891,umjoshua,6,0.01946,16654,54.01531,30832
892,urbandan,6,0.01946,16660,54.03477,30832
893,VDliveson,6,0.01946,16666,54.05423,30832
894,Vishalk91-4,6,0.01946,16672,54.07369,30832
895,Wangyiwei-So,6,0.01946,16678,54.09315,30832
896,waring92,6,0.01946,16684,54.11261,30832
897,woky,6,0.01946,16690,54.13207,30832
898,wongds,6,0.01946,16696,54.15153,30832
899,Xeway,6,0.01946,16702,54.17099,30832
900,XiaooHu2002,6,0.01946,16708,54.19045,30832
901,yashoswalyo,6,0.01946,16714,54.20991,30832
902,ysymi,6,0.01946,16720,54.22937,30832
903,Zippo-Wang,6,0.01946,16726,54.24883,30832
904,abkhan5,5,0.01622,16731,54.26505,30832
905,aboukhal,5,0.01622,16736,54.28127,30832
906,adussarps,5,0.01622,16741,54.29748,30832
907,alex-gunning,5,0.01622,16746,54.31370,30832
908,alexlionnel,5,0.01622,16751,54.32992,30832
909,aliaksei-imi,5,0.01622,16756,54.34613,30832
910,amirvejahat,5,0.01622,16761,54.36235,30832
911,amogh-dambal,5,0.01622,16766,54.37857,30832
912,amraupward,5,0.01622,16771,54.39478,30832
913,andreiZiminovCodinental,5,0.01622,16776,54.41100,30832
914,andreybutenko,5,0.01622,16781,54.42722,30832
915,anirudhsudhir,5,0.01622,16786,54.44344,30832
916,Anish-M,5,0.01622,16791,54.45965,30832
917,ANJANA-A-R-K,5,0.01622,16796,54.47587,30832
918,ankursgupta87,5,0.01622,16801,54.49209,30832
919,antonhornquist,5,0.01622,16806,54.50830,30832
920,anu356,5,0.01622,16811,54.52452,30832
921,arun-annamalai,5,0.01622,16816,54.54074,30832
922,Backdraft2100,5,0.01622,16821,54.55695,30832
923,bak-fts,5,0.01622,16826,54.57317,30832
924,bartv,5,0.01622,16831,54.58939,30832
925,BeardInASuit,5,0.01622,16836,54.60560,30832
926,beholdenkey,5,0.01622,16841,54.62182,30832
927,benklett,5,0.01622,16846,54.63804,30832
928,bens545,5,0.01622,16851,54.65426,30832
929,bhamon,5,0.01622,16856,54.67047,30832
930,borjamunozf,5,0.01622,16861,54.68669,30832
931,braieralves,5,0.01622,16866,54.70291,30832
932,brodo,5,0.01622,16871,54.71912,30832
933,brunosmartin,5,0.01622,16876,54.73534,30832
934,BrunoTarijon,5,0.01622,16881,54.75156,30832
935,bsponge,5,0.01622,16886,54.76777,30832
936,BurakCetin3129,5,0.01622,16891,54.78399,30832
937,bwaldrep,5,0.01622,16896,54.80021,30832
938,catinbag,5,0.01622,16901,54.81642,30832
939,ccortinhas-pmi,5,0.01622,16906,54.83264,30832
940,Chahdro,5,0.01622,16911,54.84886,30832
941,chenhong805,5,0.01622,16916,54.86508,30832
942,chrislalos,5,0.01622,16921,54.88129,30832
943,clairemcginty,5,0.01622,16926,54.89751,30832
944,cleeland,5,0.01622,16931,54.91373,30832
945,cmackenthun,5,0.01622,16936,54.92994,30832
946,codehubmanish,5,0.01622,16941,54.94616,30832
947,ContainerNerd,5,0.01622,16946,54.96238,30832
948,corffee,5,0.01622,16951,54.97859,30832
949,coursar,5,0.01622,16956,54.99481,30832
950,Csaba1205,5,0.01622,16961,55.01103,30832
951,csakyzsolt,5,0.01622,16966,55.02724,30832
952,DanchoIvanov,5,0.01622,16971,55.04346,30832
953,Daseinlux,5,0.01622,16976,55.05968,30832
954,daveknapik,5,0.01622,16981,55.07590,30832
955,davidcorrigan714,5,0.01622,16986,55.09211,30832
956,david-m-m,5,0.01622,16991,55.10833,30832
957,David-Wobrock,5,0.01622,16996,55.12455,30832
958,derekwin,5,0.01622,17001,55.14076,30832
959,devops-utils-tools,5,0.01622,17006,55.15698,30832
960,divyank-lakhera,5,0.01622,17011,55.17320,30832
961,dong8650,5,0.01622,17016,55.18941,30832
962,Dr-Emann,5,0.01622,17021,55.20563,30832
963,dtm2451,5,0.01622,17026,55.22185,30832
964,ebma16,5,0.01622,17031,55.23806,30832
965,EduardoSemanas,5,0.01622,17036,55.25428,30832
966,eeintech,5,0.01622,17041,55.27050,30832
967,element-of-surprise,5,0.01622,17046,55.28672,30832
968,emilkor1,5,0.01622,17051,55.30293,30832
969,EndlessSeeker,5,0.01622,17056,55.31915,30832
970,EoinMan,5,0.01622,17061,55.33537,30832
971,EricaJ6,5,0.01622,17066,55.35158,30832
972,est-it,5,0.01622,17071,55.36780,30832
973,faszhang,5,0.01622,17076,55.38402,30832
974,fatsolko,5,0.01622,17081,55.40023,30832
975,fcfangcc,5,0.01622,17086,55.41645,30832
976,fengjian1129,5,0.01622,17091,55.43267,30832
977,fheck,5,0.01622,17096,55.44888,30832
978,fschlager,5,0.01622,17101,55.46510,30832
979,Fube,5,0.01622,17106,55.48132,30832
980,galahad098,5,0.01622,17111,55.49754,30832
981,gareththackeray,5,0.01622,17116,55.51375,30832
982,G-Despacito,5,0.01622,17121,55.52997,30832
983,GeorgViehoever,5,0.01622,17126,55.54619,30832
984,ggaudeau,5,0.01622,17131,55.56240,30832
985,gilbertalgordo,5,0.01622,17136,55.57862,30832
986,goshkis,5,0.01622,17141,55.59484,30832
987,greensong,5,0.01622,17146,55.61105,30832
988,g-roliveira,5,0.01622,17151,55.62727,30832
989,gururajsrk,5,0.01622,17156,55.64349,30832
990,hansinikarunarathne,5,0.01622,17161,55.65970,30832
991,HarikaManchukonda,5,0.01622,17166,55.67592,30832
992,harsha-konda,5,0.01622,17171,55.69214,30832
993,harshnasitcrest,5,0.01622,17176,55.70835,30832
994,Hasithayhs,5,0.01622,17181,55.72457,30832
995,hesamhamdarsi,5,0.01622,17186,55.74079,30832
996,hhallman,5,0.01622,17191,55.75701,30832
997,hippo03,5,0.01622,17196,55.77322,30832
998,HolgerHees,5,0.01622,17201,55.78944,30832
999,hongweipeng,5,0.01622,17206,55.80566,30832
1000,hvadehra,5,0.01622,17211,55.82187,30832
1001,hyfj44255,5,0.01622,17216,55.83809,30832
1002,jadedeane,5,0.01622,17221,55.85431,30832
1003,Jana-Ravi,5,0.01622,17226,55.87052,30832
1004,JarunMadhesh,5,0.01622,17231,55.88674,30832
1005,jashan05,5,0.01622,17236,55.90296,30832
1006,JasmineCA,5,0.01622,17241,55.91917,30832
1007,javedfaruquee1,5,0.01622,17246,55.93539,30832
1008,Jayanth-Parthsarathy,5,0.01622,17251,55.95161,30832
1009,jbla62,5,0.01622,17256,55.96783,30832
1010,jdicami,5,0.01622,17261,55.98404,30832
1011,jeduardo,5,0.01622,17266,56.00026,30832
1012,jeetparte,5,0.01622,17271,56.01648,30832
1013,jgranstrom,5,0.01622,17276,56.03269,30832
1014,jkleinkauff,5,0.01622,17281,56.04891,30832
1015,jmtingey,5,0.01622,17286,56.06513,30832
1016,johnrozen,5,0.01622,17291,56.08134,30832
1017,jonmv,5,0.01622,17296,56.09756,30832
1018,jonsch318,5,0.01622,17301,56.11378,30832
1019,josh-thisisbud,5,0.01622,17306,56.12999,30832
1020,JOUNAIDSoufiane,5,0.01622,17311,56.14621,30832
1021,jrp-enf,5,0.01622,17316,56.16243,30832
1022,JulieChenadec,5,0.01622,17321,56.17865,30832
1023,jwilder,5,0.01622,17326,56.19486,30832
1024,karaktaka,5,0.01622,17331,56.21108,30832
1025,KarlKeu00,5,0.01622,17336,56.22730,30832
1026,KashishLakhara,5,0.01622,17341,56.24351,30832
1027,kejrak,5,0.01622,17346,56.25973,30832
1028,kimchaeri,5,0.01622,17351,56.27595,30832
1029,KKonak,5,0.01622,17356,56.29216,30832
1030,krodger5759,5,0.01622,17361,56.30838,30832
1031,kuafu-run,5,0.01622,17366,56.32460,30832
1032,kumaran99,5,0.01622,17371,56.34081,30832
1033,kwehen,5,0.01622,17376,56.35703,30832
1034,Lamak121,5,0.01622,17381,56.37325,30832
1035,LaurentMarchelli,5,0.01622,17386,56.38947,30832
1036,leobenkel,5,0.01622,17391,56.40568,30832
1037,Lev1ty,5,0.01622,17396,56.42190,30832
1038,linusyong,5,0.01622,17401,56.43812,30832
1039,lionas32,5,0.01622,17406,56.45433,30832
1040,LomadaManasa,5,0.01622,17411,56.47055,30832
1041,lordebj,5,0.01622,17416,56.48677,30832
1042,lukasauk,5,0.01622,17421,56.50298,30832
1043,madawa-wso2,5,0.01622,17426,56.51920,30832
1044,madihy,5,0.01622,17431,56.53542,30832
1045,madmurl0c,5,0.01622,17436,56.55163,30832
1046,mahenrique94,5,0.01622,17441,56.56785,30832
1047,mananmongia,5,0.01622,17446,56.58407,30832
1048,MarkPollmann,5,0.01622,17451,56.60029,30832
1049,marvkis,5,0.01622,17456,56.61650,30832
1050,MaryJulian17,5,0.01622,17461,56.63272,30832
1051,matchseller,5,0.01622,17466,56.64894,30832
1052,matheusde,5,0.01622,17471,56.66515,30832
1053,mathias,5,0.01622,17476,56.68137,30832
1054,matt3o,5,0.01622,17481,56.69759,30832
1055,MatthieuPeyrot,5,0.01622,17486,56.71380,30832
1056,maxl99,5,0.01622,17491,56.73002,30832
1057,mayuehit,5,0.01622,17496,56.74624,30832
1058,mike2194,5,0.01622,17501,56.76245,30832
1059,millwheel,5,0.01622,17506,56.77867,30832
1060,minigamkreddy,5,0.01622,17511,56.79489,30832
1061,mirza-src,5,0.01622,17516,56.81111,30832
1062,MovieMaker93,5,0.01622,17521,56.82732,30832
1063,mpastyl,5,0.01622,17526,56.84354,30832
1064,mqu,5,0.01622,17531,56.85976,30832
1065,Mu-Magdy,5,0.01622,17536,56.87597,30832
1066,mxsph,5,0.01622,17541,56.89219,30832
1067,MykolaDzhamQC,5,0.01622,17546,56.90841,30832
1068,myyc,5,0.01622,17551,56.92462,30832
1069,nagraj321,5,0.01622,17556,56.94084,30832
1070,NAMANIND,5,0.01622,17561,56.95706,30832
1071,navas-op,5,0.01622,17566,56.97327,30832
1072,neel5481,5,0.01622,17571,56.98949,30832
1073,nekobrain,5,0.01622,17576,57.00571,30832
1074,nia-potato,5,0.01622,17581,57.02193,30832
1075,nic-hartley,5,0.01622,17586,57.03814,30832
1076,nicolaschotard,5,0.01622,17591,57.05436,30832
1077,nikpivkin,5,0.01622,17596,57.07058,30832
1078,NilsEngelbach,5,0.01622,17601,57.08679,30832
1079,nitame,5,0.01622,17606,57.10301,30832
1080,NJU211220157,5,0.01622,17611,57.11923,30832
1081,noelenwenede,5,0.01622,17616,57.13544,30832
1082,Ommkwn2001,5,0.01622,17621,57.15166,30832
1083,opticabjohannsen,5,0.01622,17626,57.16788,30832
1084,OriBenHur-akeyless,5,0.01622,17631,57.18409,30832
1085,ozmoroz,5,0.01622,17636,57.20031,30832
1086,pandvag,5,0.01622,17641,57.21653,30832
1087,Pangzhihong,5,0.01622,17646,57.23275,30832
1088,Paukageo10,5,0.01622,17651,57.24896,30832
1089,paulparke,5,0.01622,17656,57.26518,30832
1090,pedroignacio13,5,0.01622,17661,57.28140,30832
1091,PerSundstr8m,5,0.01622,17666,57.29761,30832
1092,petr202261,5,0.01622,17671,57.31383,30832
1093,phillipdriver,5,0.01622,17676,57.33005,30832
1094,pjking07,5,0.01622,17681,57.34626,30832
1095,PMacho,5,0.01622,17686,57.36248,30832
1096,pmoosman,5,0.01622,17691,57.37870,30832
1097,prabhulc,5,0.01622,17696,57.39491,30832
1098,pranavkumar74980,5,0.01622,17701,57.41113,30832
1099,pratik-mahalle,5,0.01622,17706,57.42735,30832
1100,Praveen-98cs,5,0.01622,17711,57.44357,30832
1101,priyanshsao,5,0.01622,17716,57.45978,30832
1102,ProbstenHias,5,0.01622,17721,57.47600,30832
1103,purushred,5,0.01622,17726,57.49222,30832
1104,pySilver,5,0.01622,17731,57.50843,30832
1105,qcattez,5,0.01622,17736,57.52465,30832
1106,qincwang,5,0.01622,17741,57.54087,30832
1107,Raen123,5,0.01622,17746,57.55708,30832
1108,rafal-dudek,5,0.01622,17751,57.57330,30832
1109,raihan1khan,5,0.01622,17756,57.58952,30832
1110,RaMaTHA,5,0.01622,17761,57.60573,30832
1111,rc-bryanlinebaugh,5,0.01622,17766,57.62195,30832
1112,realpg,5,0.01622,17771,57.63817,30832
1113,reindlt,5,0.01622,17776,57.65439,30832
1114,rewixe,5,0.01622,17781,57.67060,30832
1115,richardjq,5,0.01622,17786,57.68682,30832
1116,RobertBergman,5,0.01622,17791,57.70304,30832
1117,rodeaboli,5,0.01622,17796,57.71925,30832
1118,rohangupta231,5,0.01622,17801,57.73547,30832
1119,rohit-satya,5,0.01622,17806,57.75169,30832
1120,rprichard,5,0.01622,17811,57.76790,30832
1121,rtadepalli,5,0.01622,17816,57.78412,30832
1122,RTann,5,0.01622,17821,57.80034,30832
1123,ryad-eldajani,5,0.01622,17826,57.81655,30832
1124,RyanMnM,5,0.01622,17831,57.83277,30832
1125,s4nji,5,0.01622,17836,57.84899,30832
1126,s76527,5,0.01622,17841,57.86520,30832
1127,Saahiti402,5,0.01622,17846,57.88142,30832
1128,safayatborhan,5,0.01622,17851,57.89764,30832
1129,sagar-accacia,5,0.01622,17856,57.91386,30832
1130,saitonakamura,5,0.01622,17861,57.93007,30832
1131,sandeephans,5,0.01622,17866,57.94629,30832
1132,Sandeepsac,5,0.01622,17871,57.96251,30832
1133,Saya47,5,0.01622,17876,57.97872,30832
1134,schmidax,5,0.01622,17881,57.99494,30832
1135,schogges,5,0.01622,17886,58.01116,30832
1136,sc-yan,5,0.01622,17891,58.02737,30832
1137,sehmbimanvir,5,0.01622,17896,58.04359,30832
1138,sergeiromanchuk,5,0.01622,17901,58.05981,30832
1139,ShaylanDias,5,0.01622,17906,58.07602,30832
1140,sheng0123,5,0.01622,17911,58.09224,30832
1141,shkup,5,0.01622,17916,58.10846,30832
1142,simoncrowe,5,0.01622,17921,58.12468,30832
1143,SimonDR-Boltzmann,5,0.01622,17926,58.14089,30832
1144,smandlavdiya,5,0.01622,17931,58.15711,30832
1145,Sreeja1725,5,0.01622,17936,58.17333,30832
1146,Sriramkashyapks,5,0.01622,17941,58.18954,30832
1147,sshumaker,5,0.01622,17946,58.20576,30832
1148,stephen-galea-weavr,5,0.01622,17951,58.22198,30832
1149,stoerig,5,0.01622,17956,58.23819,30832
1150,subeom7,5,0.01622,17961,58.25441,30832
1151,sudol,5,0.01622,17966,58.27063,30832
1152,surajkottayi,5,0.01622,17971,58.28684,30832
1153,syss6948,5,0.01622,17976,58.30306,30832
1154,tdn21,5,0.01622,17981,58.31928,30832
1155,tdx,5,0.01622,17986,58.33550,30832
1156,tgoodwin,5,0.01622,17991,58.35171,30832
1157,thamilselvam-source,5,0.01622,17996,58.36793,30832
1158,thirdkeyword,5,0.01622,18001,58.38415,30832
1159,tijder,5,0.01622,18006,58.40036,30832
1160,tlevesque-ueat,5,0.01622,18011,58.41658,30832
1161,tlubz,5,0.01622,18016,58.43280,30832
1162,tsgsh,5,0.01622,18021,58.44901,30832
1163,tuesdayinsighter,5,0.01622,18026,58.46523,30832
1164,tugasakhirai21,5,0.01622,18031,58.48145,30832
1165,Tusharjain123,5,0.01622,18036,58.49766,30832
1166,tylerhyang,5,0.01622,18041,58.51388,30832
1167,ukumar155,5,0.01622,18046,58.53010,30832
1168,vincentkelleher,5,0.01622,18051,58.54632,30832
1169,VincentSchmid,5,0.01622,18056,58.56253,30832
1170,vishalbidwe,5,0.01622,18061,58.57875,30832
1171,vishal-groww,5,0.01622,18066,58.59497,30832
1172,vladikkuzn,5,0.01622,18071,58.61118,30832
1173,vsivas,5,0.01622,18076,58.62740,30832
1174,vvash94,5,0.01622,18081,58.64362,30832
1175,Wolverine65,5,0.01622,18086,58.65983,30832
1176,wookookie,5,0.01622,18091,58.67605,30832
1177,wpi86,5,0.01622,18096,58.69227,30832
1178,xpi,5,0.01622,18101,58.70848,30832
1179,XSR-WatchPioneer,5,0.01622,18106,58.72470,30832
1180,xxbtwxx,5,0.01622,18111,58.74092,30832
1181,xyzmurali,5,0.01622,18116,58.75714,30832
1182,yaegashi,5,0.01622,18121,58.77335,30832
1183,yuki-akiba,5,0.01622,18126,58.78957,30832
1184,Zachary-Lemoine,5,0.01622,18131,58.80579,30832
1185,zakk616,5,0.01622,18136,58.82200,30832
1186,ZanderPittari,5,0.01622,18141,58.83822,30832
1187,zhangzx1996,5,0.01622,18146,58.85444,30832
1188,zhenliangliang,5,0.01622,18151,58.87065,30832
1189,zkarpinski,5,0.01622,18156,58.88687,30832
1190,0994Cn,4,0.01297,18160,58.89984,30832
1191,0luwaj0x1,4,0.01297,18164,58.91282,30832
1192,43061b4a,4,0.01297,18168,58.92579,30832
1193,adavis10006,4,0.01297,18172,58.93876,30832
1194,adgaultier,4,0.01297,18176,58.95174,30832
1195,adil-sultan,4,0.01297,18180,58.96471,30832
1196,AdiyanAbdurRahman,4,0.01297,18184,58.97769,30832
1197,adrianhr91,4,0.01297,18188,58.99066,30832
1198,afreakk,4,0.01297,18192,59.00363,30832
1199,ajgupta42,4,0.01297,18196,59.01661,30832
1200,akumaburn,4,0.01297,18200,59.02958,30832
1201,Akvanvig,4,0.01297,18204,59.04255,30832
1202,alessandrobologna,4,0.01297,18208,59.05553,30832
1203,Alezzzander,4,0.01297,18212,59.06850,30832
1204,alifemove,4,0.01297,18216,59.08147,30832
1205,AliMehraji,4,0.01297,18220,59.09445,30832
1206,allen0099,4,0.01297,18224,59.10742,30832
1207,amalvivek,4,0.01297,18228,59.12039,30832
1208,Amrooo161,4,0.01297,18232,59.13337,30832
1209,anandhasudhan,4,0.01297,18236,59.14634,30832
1210,andraxin,4,0.01297,18240,59.15931,30832
1211,andyp-uw,4,0.01297,18244,59.17229,30832
1212,aniketmasule,4,0.01297,18248,59.18526,30832
1213,anthony-S93,4,0.01297,18252,59.19824,30832
1214,AntoineFr,4,0.01297,18256,59.21121,30832
1215,aofodo,4,0.01297,18260,59.22418,30832
1216,aparandian,4,0.01297,18264,59.23716,30832
1217,ArcoKim,4,0.01297,18268,59.25013,30832
1218,arska,4,0.01297,18272,59.26310,30832
1219,arturmelanchyk,4,0.01297,18276,59.27608,30832
1220,arvganesh,4,0.01297,18280,59.28905,30832
1221,ashish121092,4,0.01297,18284,59.30202,30832
1222,ashishkurian,4,0.01297,18288,59.31500,30832
1223,asr2003,4,0.01297,18292,59.32797,30832
1224,assafseif,4,0.01297,18296,59.34094,30832
1225,atreat,4,0.01297,18300,59.35392,30832
1226,auroraberry,4,0.01297,18304,59.36689,30832
1227,ayoyu,4,0.01297,18308,59.37987,30832
1228,aytullahdev,4,0.01297,18312,59.39284,30832
1229,BarAshkenazi,4,0.01297,18316,59.40581,30832
1230,bbit8,4,0.01297,18320,59.41879,30832
1231,bell-lev,4,0.01297,18324,59.43176,30832
1232,benetis,4,0.01297,18328,59.44473,30832
1233,benginow,4,0.01297,18332,59.45771,30832
1234,ben-nelson-nbcuni,4,0.01297,18336,59.47068,30832
1235,berryboylb,4,0.01297,18340,59.48365,30832
1236,bhussain91,4,0.01297,18344,59.49663,30832
1237,Bigdrea6,4,0.01297,18348,59.50960,30832
1238,BingYanlx,4,0.01297,18352,59.52257,30832
1239,blackholll,4,0.01297,18356,59.53555,30832
1240,Borillion,4,0.01297,18360,59.54852,30832
1241,boris-senapt,4,0.01297,18364,59.56149,30832
1242,boytunp,4,0.01297,18368,59.57447,30832
1243,b-reich,4,0.01297,18372,59.58744,30832
1244,brettjrea,4,0.01297,18376,59.60042,30832
1245,brfrn169,4,0.01297,18380,59.61339,30832
1246,BrianHawley,4,0.01297,18384,59.62636,30832
1247,bsurber,4,0.01297,18388,59.63934,30832
1248,bsyonline,4,0.01297,18392,59.65231,30832
1249,bugbounce,4,0.01297,18396,59.66528,30832
1250,bullmastiffo,4,0.01297,18400,59.67826,30832
1251,BumpeiShimada,4,0.01297,18404,59.69123,30832
1252,camclay,4,0.01297,18408,59.70420,30832
1253,carlosrodfern,4,0.01297,18412,59.71718,30832
1254,cc14514,4,0.01297,18416,59.73015,30832
1255,CCH0124,4,0.01297,18420,59.74312,30832
1256,cdowning-betterup,4,0.01297,18424,59.75610,30832
1257,cest-pas-faux,4,0.01297,18428,59.76907,30832
1258,charles-liming,4,0.01297,18432,59.78204,30832
1259,chezgi,4,0.01297,18436,59.79502,30832
1260,chunhui1012,4,0.01297,18440,59.80799,30832
1261,clickersmudge,4,0.01297,18444,59.82097,30832
1262,cliffAtOsaic,4,0.01297,18448,59.83394,30832
1263,Clint-Chester,4,0.01297,18452,59.84691,30832
1264,clintonpi,4,0.01297,18456,59.85989,30832
1265,cloud-thought,4,0.01297,18460,59.87286,30832
1266,cloudwithtanvir,4,0.01297,18464,59.88583,30832
1267,cmarqu,4,0.01297,18468,59.89881,30832
1268,codecae,4,0.01297,18472,59.91178,30832
1269,Codiy-Huang,4,0.01297,18476,59.92475,30832
1270,congvan1,4,0.01297,18480,59.93773,30832
1271,cpatti97100,4,0.01297,18484,59.95070,30832
1272,craftsman18,4,0.01297,18488,59.96367,30832
1273,criticic,4,0.01297,18492,59.97665,30832
1274,cyc0l4b,4,0.01297,18496,59.98962,30832
1275,daily2den,4,0.01297,18500,60.00259,30832
1276,danqixu,4,0.01297,18504,60.01557,30832
1277,danschultzer,4,0.01297,18508,60.02854,30832
1278,dansimko,4,0.01297,18512,60.04152,30832
1279,darkfritz2,4,0.01297,18516,60.05449,30832
1280,DASPRiD,4,0.01297,18520,60.06746,30832
1281,Davo911,4,0.01297,18524,60.08044,30832
1282,dawsonc623,4,0.01297,18528,60.09341,30832
1283,dealer426,4,0.01297,18532,60.10638,30832
1284,deekshith-n,4,0.01297,18536,60.11936,30832
1285,deep-iimjobs,4,0.01297,18540,60.13233,30832
1286,denschub,4,0.01297,18544,60.14530,30832
1287,DepickereSven,4,0.01297,18548,60.15828,30832
1288,Destiro,4,0.01297,18552,60.17125,30832
1289,Devendranathashok,4,0.01297,18556,60.18422,30832
1290,Dev-JoyA,4,0.01297,18560,60.19720,30832
1291,dev-travelex,4,0.01297,18564,60.21017,30832
1292,dferber90,4,0.01297,18568,60.22314,30832
1293,diamond-504,4,0.01297,18572,60.23612,30832
1294,Dibyanshuaman,4,0.01297,18576,60.24909,30832
1295,dies,4,0.01297,18580,60.26207,30832
1296,Dkrismile81,4,0.01297,18584,60.27504,30832
1297,dmlloyd,4,0.01297,18588,60.28801,30832
1298,echalegre,4,0.01297,18592,60.30099,30832
1299,Echo-Head-Wall,4,0.01297,18596,60.31396,30832
1300,echo-machile,4,0.01297,18600,60.32693,30832
1301,edfincham,4,0.01297,18604,60.33991,30832
1302,efficacy38,4,0.01297,18608,60.35288,30832
1303,Eisenhower,4,0.01297,18612,60.36585,30832
1304,elabedo,4,0.01297,18616,60.37883,30832
1305,EllenChoe,4,0.01297,18620,60.39180,30832
1306,El-o-heka,4,0.01297,18624,60.40477,30832
1307,emirsaidh,4,0.01297,18628,60.41775,30832
1308,epetry30,4,0.01297,18632,60.43072,30832
1309,ER-EPR,4,0.01297,18636,60.44369,30832
1310,erickbitso,4,0.01297,18640,60.45667,30832
1311,ericyyyang,4,0.01297,18644,60.46964,30832
1312,erik-adsk,4,0.01297,18648,60.48262,30832
1313,Erikvv,4,0.01297,18652,60.49559,30832
1314,estoneman,4,0.01297,18656,60.50856,30832
1315,fabiomarinetti,4,0.01297,18660,60.52154,30832
1316,Fallonma,4,0.01297,18664,60.53451,30832
1317,FeepingCreature,4,0.01297,18668,60.54748,30832
1318,finefuture,4,0.01297,18672,60.56046,30832
1319,flamboyantBox,4,0.01297,18676,60.57343,30832
1320,FlorianGrimm,4,0.01297,18680,60.58640,30832
1321,flostadler,4,0.01297,18684,60.59938,30832
1322,foriner-phryne,4,0.01297,18688,60.61235,30832
1323,Founderbn2014,4,0.01297,18692,60.62532,30832
1324,freeella,4,0.01297,18696,60.63830,30832
1325,freemansoft,4,0.01297,18700,60.65127,30832
1326,froblestecval,4,0.01297,18704,60.66424,30832
1327,f-rouwen,4,0.01297,18708,60.67722,30832
1328,fs2016l,4,0.01297,18712,60.69019,30832
1329,Gageperrin,4,0.01297,18716,60.70317,30832
1330,gasparev,4,0.01297,18720,60.71614,30832
1331,gbernady,4,0.01297,18724,60.72911,30832
1332,gbrochard-pro,4,0.01297,18728,60.74209,30832
1333,georgian-micsa-form3,4,0.01297,18732,60.75506,30832
1334,germonprez,4,0.01297,18736,60.76803,30832
1335,giaku,4,0.01297,18740,60.78101,30832
1336,gitck-scch,4,0.01297,18744,60.79398,30832
1337,gsc2001,4,0.01297,18748,60.80695,30832
1338,Gtharan10,4,0.01297,18752,60.81993,30832
1339,GuillermoDLCO,4,0.01297,18756,60.83290,30832
1340,halkony,4,0.01297,18760,60.84587,30832
1341,halleystar,4,0.01297,18764,60.85885,30832
1342,handsomecheung,4,0.01297,18768,60.87182,30832
1343,hanpen24,4,0.01297,18772,60.88480,30832
1344,harshal-choudhari-9393,4,0.01297,18776,60.89777,30832
1345,harshithbelagur,4,0.01297,18780,60.91074,30832
1346,HasithaAthukorala,4,0.01297,18784,60.92372,30832
1347,HelloDylan,4,0.01297,18788,60.93669,30832
1348,hgupta12,4,0.01297,18792,60.94966,30832
1349,hibobmaster,4,0.01297,18796,60.96264,30832
1350,HJX-zhanS,4,0.01297,18800,60.97561,30832
1351,hobbesuk,4,0.01297,18804,60.98858,30832
1352,hoo29,4,0.01297,18808,61.00156,30832
1353,hulizhe,4,0.01297,18812,61.01453,30832
1354,Hussain-Ruhullah,4,0.01297,18816,61.02750,30832
1355,ialexi-bl,4,0.01297,18820,61.04048,30832
1356,IAmOWh,4,0.01297,18824,61.05345,30832
1357,ideahitme-github,4,0.01297,18828,61.06642,30832
1358,iemjitendra,4,0.01297,18832,61.07940,30832
1359,igor-drozdov,4,0.01297,18836,61.09237,30832
1360,Imadus00,4,0.01297,18840,61.10535,30832
1361,IndCheung,4,0.01297,18844,61.11832,30832
1362,InDieTasten,4,0.01297,18848,61.13129,30832
1363,Infinoid,4,0.01297,18852,61.14427,30832
1364,inklesspen1rus,4,0.01297,18856,61.15724,30832
1365,irjohn,4,0.01297,18860,61.17021,30832
1366,ishivanshgoel,4,0.01297,18864,61.18319,30832
1367,is-it-ayush,4,0.01297,18868,61.19616,30832
1368,issue-account,4,0.01297,18872,61.20913,30832
1369,IulianApostol,4,0.01297,18876,61.22211,30832
1370,ivanallen,4,0.01297,18880,61.23508,30832
1371,iwan-oracle,4,0.01297,18884,61.24805,30832
1372,jagoner,4,0.01297,18888,61.26103,30832
1373,Jahadul-Rakib,4,0.01297,18892,61.27400,30832
1374,jakegt1,4,0.01297,18896,61.28697,30832
1375,ja-pavi,4,0.01297,18900,61.29995,30832
1376,jay-steyn,4,0.01297,18904,61.31292,30832
1377,JcGKitten,4,0.01297,18908,61.32590,30832
1378,jchen05-yh,4,0.01297,18912,61.33887,30832
1379,jdetroyes,4,0.01297,18916,61.35184,30832
1380,jegadesh-google,4,0.01297,18920,61.36482,30832
1381,jhaprins,4,0.01297,18924,61.37779,30832
1382,JitenderUDecrypt,4,0.01297,18928,61.39076,30832
1383,jjkobe,4,0.01297,18932,61.40374,30832
1384,jkilzi,4,0.01297,18936,61.41671,30832
1385,jmeyers35,4,0.01297,18940,61.42968,30832
1386,jochenr,4,0.01297,18944,61.44266,30832
1387,JohnChen-K,4,0.01297,18948,61.45563,30832
1388,joostd,4,0.01297,18952,61.46860,30832
1389,jsto,4,0.01297,18956,61.48158,30832
1390,jtymes,4,0.01297,18960,61.49455,30832
1391,juliusmh,4,0.01297,18964,61.50752,30832
1392,Kaeldara-ru,4,0.01297,18968,61.52050,30832
1393,karthikscale3,4,0.01297,18972,61.53347,30832
1394,kavyavvv,4,0.01297,18976,61.54645,30832
1395,kd-labs,4,0.01297,18980,61.55942,30832
1396,kennedn,4,0.01297,18984,61.57239,30832
1397,kenytux,4,0.01297,18988,61.58537,30832
1398,keruitan-wk,4,0.01297,18992,61.59834,30832
1399,keywinf,4,0.01297,18996,61.61131,30832
1400,Khaos66,4,0.01297,19000,61.62429,30832
1401,kiblik,4,0.01297,19004,61.63726,30832
1402,kimsondrup,4,0.01297,19008,61.65023,30832
1403,kinnyk2,4,0.01297,19012,61.66321,30832
1404,Kizoku-Dev,4,0.01297,19016,61.67618,30832
1405,kizzie,4,0.01297,19020,61.68915,30832
1406,KM3dd,4,0.01297,19024,61.70213,30832
1407,kohshi54,4,0.01297,19028,61.71510,30832
1408,krasin-ga,4,0.01297,19032,61.72807,30832
1409,Kurt212,4,0.01297,19036,61.74105,30832
1410,kvedes,4,0.01297,19040,61.75402,30832
1411,laipz8200,4,0.01297,19044,61.76700,30832
1412,LanMingjin,4,0.01297,19048,61.77997,30832
1413,laserpedro,4,0.01297,19052,61.79294,30832
1414,LBF38,4,0.01297,19056,61.80592,30832
1415,lbowe,4,0.01297,19060,61.81889,30832
1416,liam-howe-maersk,4,0.01297,19064,61.83186,30832
1417,LiangquanLi930,4,0.01297,19068,61.84484,30832
1418,lijiuxing1,4,0.01297,19072,61.85781,30832
1419,lnksz,4,0.01297,19076,61.87078,30832
1420,lockwobr,4,0.01297,19080,61.88376,30832
1421,Loic-des-Rochettes,4,0.01297,19084,61.89673,30832
1422,lucamolteni,4,0.01297,19088,61.90970,30832
1423,lucasjct,4,0.01297,19092,61.92268,30832
1424,lucasvscosta96,4,0.01297,19096,61.93565,30832
1425,lucsoft,4,0.01297,19100,61.94862,30832
1426,lukasboettcher,4,0.01297,19104,61.96160,30832
1427,lukekraus45,4,0.01297,19108,61.97457,30832
1428,lyubomirk,4,0.01297,19112,61.98755,30832
1429,manhnt98,4,0.01297,19116,62.00052,30832
1430,marcocaronna,4,0.01297,19120,62.01349,30832
1431,martin-redmaple,4,0.01297,19124,62.02647,30832
1432,marychatte,4,0.01297,19128,62.03944,30832
1433,MathiasRudolphSec,4,0.01297,19132,62.05241,30832
1434,matthewrossi,4,0.01297,19136,62.06539,30832
1435,MaxTownley,4,0.01297,19140,62.07836,30832
1436,MBelkhechine,4,0.01297,19144,62.09133,30832
1437,meatballhat,4,0.01297,19148,62.10431,30832
1438,median-dxz,4,0.01297,19152,62.11728,30832
1439,mengru-lotusflare,4,0.01297,19156,62.13025,30832
1440,migruiz4,4,0.01297,19160,62.14323,30832
1441,mihirvadalia,4,0.01297,19164,62.15620,30832
1442,mikezsin,4,0.01297,19168,62.16917,30832
1443,MilesChou,4,0.01297,19172,62.18215,30832
1444,MinalAC,4,0.01297,19176,62.19512,30832
1445,mitchty,4,0.01297,19180,62.20810,30832
1446,mkoyan44,4,0.01297,19184,62.22107,30832
1447,mmouru,4,0.01297,19188,62.23404,30832
1448,Mnaaz,4,0.01297,19192,62.24702,30832
1449,MondayCha,4,0.01297,19196,62.25999,30832
1450,MoneshKumar,4,0.01297,19200,62.27296,30832
1451,mrazimi99,4,0.01297,19204,62.28594,30832
1452,mrvalterhugo,4,0.01297,19208,62.29891,30832
1453,msamper,4,0.01297,19212,62.31188,30832
1454,mstichweh,4,0.01297,19216,62.32486,30832
1455,MStogisDVT,4,0.01297,19220,62.33783,30832
1456,myaser,4,0.01297,19224,62.35080,30832
1457,Nafisa-Tabassum-Mim,4,0.01297,19228,62.36378,30832
1458,NaokiIkesaka,4,0.01297,19232,62.37675,30832
1459,nascarsayan,4,0.01297,19236,62.38972,30832
1460,nddq,4,0.01297,19240,62.40270,30832
1461,nic-godz,4,0.01297,19244,62.41567,30832
1462,nick123pig,4,0.01297,19248,62.42865,30832
1463,nickpassarella,4,0.01297,19252,62.44162,30832
1464,nico-famedly,4,0.01297,19256,62.45459,30832
1465,nikokirilenko,4,0.01297,19260,62.46757,30832
1466,NITHIN-JOHN-GEORGE,4,0.01297,19264,62.48054,30832
1467,NithishKumar-4,4,0.01297,19268,62.49351,30832
1468,Nitin-pgmr,4,0.01297,19272,62.50649,30832
1469,nmalocic,4,0.01297,19276,62.51946,30832
1470,noam-zweig,4,0.01297,19280,62.53243,30832
1471,norisk87,4,0.01297,19284,62.54541,30832
1472,ntqp97,4,0.01297,19288,62.55838,30832
1473,odeinjul,4,0.01297,19292,62.57135,30832
1474,Odinaka-git,4,0.01297,19296,62.58433,30832
1475,OhJuhun,4,0.01297,19300,62.59730,30832
1476,OlehPalanskyi,4,0.01297,19304,62.61028,30832
1477,olistu,4,0.01297,19308,62.62325,30832
1478,onhate,4,0.01297,19312,62.63622,30832
1479,OpenPie-DTXLab,4,0.01297,19316,62.64920,30832
1480,organic-scholar,4,0.01297,19320,62.66217,30832
1481,ostapkostyk,4,0.01297,19324,62.67514,30832
1482,p0lipo,4,0.01297,19328,62.68812,30832
1483,pac0rro,4,0.01297,19332,62.70109,30832
1484,paco-sparta,4,0.01297,19336,62.71406,30832
1485,paibok,4,0.01297,19340,62.72704,30832
1486,pantao24,4,0.01297,19344,62.74001,30832
1487,paulzhang97,4,0.01297,19348,62.75298,30832
1488,peter-emil,4,0.01297,19352,62.76596,30832
1489,petreeftime,4,0.01297,19356,62.77893,30832
1490,PGpmg,4,0.01297,19360,62.79190,30832
1491,Philly-B,4,0.01297,19364,62.80488,30832
1492,popalav,4,0.01297,19368,62.81785,30832
1493,ppourali,4,0.01297,19372,62.83083,30832
1494,prasannak-ra,4,0.01297,19376,62.84380,30832
1495,praveen-rikhari,4,0.01297,19380,62.85677,30832
1496,pregenRobot,4,0.01297,19384,62.86975,30832
1497,przemek-kieszkowski,4,0.01297,19388,62.88272,30832
1498,psdonas,4,0.01297,19392,62.89569,30832
1499,pv2r,4,0.01297,19396,62.90867,30832
1500,pvbouwel,4,0.01297,19400,62.92164,30832
1501,qds-x,4,0.01297,19404,62.93461,30832
1502,qinghon,4,0.01297,19408,62.94759,30832
1503,Qookyozy,4,0.01297,19412,62.96056,30832
1504,QuirkyMarc,4,0.01297,19416,62.97353,30832
1505,Qwiko,4,0.01297,19420,62.98651,30832
1506,RafaelJohn9,4,0.01297,19424,62.99948,30832
1507,rajesamp,4,0.01297,19428,63.01245,30832
1508,rama-akbar,4,0.01297,19432,63.02543,30832
1509,RamanVaskevich1984,4,0.01297,19436,63.03840,30832
1510,rambert-okestro,4,0.01297,19440,63.05138,30832
1511,raminderis,4,0.01297,19444,63.06435,30832
1512,ratmore,4,0.01297,19448,63.07732,30832
1513,raunakkapoor,4,0.01297,19452,63.09030,30832
1514,realzero0,4,0.01297,19456,63.10327,30832
1515,reed-hanger,4,0.01297,19460,63.11624,30832
1516,rettuna,4,0.01297,19464,63.12922,30832
1517,RiversJin,4,0.01297,19468,63.14219,30832
1518,rlindner5,4,0.01297,19472,63.15516,30832
1519,robatwilliams,4,0.01297,19476,63.16814,30832
1520,rossgrambo,4,0.01297,19480,63.18111,30832
1521,ruimhu1201,4,0.01297,19484,63.19408,30832
1522,ruiscosta,4,0.01297,19488,63.20706,30832
1523,rus-99-pk,4,0.01297,19492,63.22003,30832
1524,rwilson-release,4,0.01297,19496,63.23300,30832
1525,rwinieski,4,0.01297,19500,63.24598,30832
1526,r-yabyab,4,0.01297,19504,63.25895,30832
1527,s4s7,4,0.01297,19508,63.27193,30832
1528,salpalmer,4,0.01297,19512,63.28490,30832
1529,saman2000hoseini,4,0.01297,19516,63.29787,30832
1530,SamIsTheFBI,4,0.01297,19520,63.31085,30832
1531,samsson,4,0.01297,19524,63.32382,30832
1532,samsu-lb,4,0.01297,19528,63.33679,30832
1533,sanchesoon,4,0.01297,19532,63.34977,30832
1534,sarialalem1,4,0.01297,19536,63.36274,30832
1535,Sax388,4,0.01297,19540,63.37571,30832
1536,scheinbash,4,0.01297,19544,63.38869,30832
1537,schoetbi,4,0.01297,19548,63.40166,30832
1538,sebastiean,4,0.01297,19552,63.41463,30832
1539,Selvamraju007,4,0.01297,19556,63.42761,30832
1540,sempex,4,0.01297,19560,63.44058,30832
1541,SerDigital,4,0.01297,19564,63.45355,30832
1542,sergeibelov113,4,0.01297,19568,63.46653,30832
1543,sergiymomot,4,0.01297,19572,63.47950,30832
1544,sfc-gh-gshe,4,0.01297,19576,63.49248,30832
1545,shashikumar09,4,0.01297,19580,63.50545,30832
1546,shefmarkh,4,0.01297,19584,63.51842,30832
1547,shenying1023,4,0.01297,19588,63.53140,30832
1548,shoneefd,4,0.01297,19592,63.54437,30832
1549,shrutinipane,4,0.01297,19596,63.55734,30832
1550,shuchu,4,0.01297,19600,63.57032,30832
1551,Sieboldianus,4,0.01297,19604,63.58329,30832
1552,sishwarya,4,0.01297,19608,63.59626,30832
1553,siudeks,4,0.01297,19612,63.60924,30832
1554,skyzy06,4,0.01297,19616,63.62221,30832
1555,soalexmn,4,0.01297,19620,63.63518,30832
1556,SoSonoFuriren,4,0.01297,19624,63.64816,30832
1557,sourad,4,0.01297,19628,63.66113,30832
1558,SpiffyEight77,4,0.01297,19632,63.67410,30832
1559,sre-is-abrahms,4,0.01297,19636,63.68708,30832
1560,SriGitHubSri,4,0.01297,19640,63.70005,30832
1561,srikanthjeeva,4,0.01297,19644,63.71303,30832
1562,srinivas-bode,4,0.01297,19648,63.72600,30832
1563,stalemate3,4,0.01297,19652,63.73897,30832
1564,step-team-jf,4,0.01297,19656,63.75195,30832
1565,summahto,4,0.01297,19660,63.76492,30832
1566,suntala,4,0.01297,19664,63.77789,30832
1567,sushaanttb,4,0.01297,19668,63.79087,30832
1568,swhitake81,4,0.01297,19672,63.80384,30832
1569,syscl,4,0.01297,19676,63.81681,30832
1570,SZG-first,4,0.01297,19680,63.82979,30832
1571,tabishz,4,0.01297,19684,63.84276,30832
1572,tazarov,4,0.01297,19688,63.85573,30832
1573,Tejasri12,4,0.01297,19692,63.86871,30832
1574,TenzDelek,4,0.01297,19696,63.88168,30832
1575,teocrispy91,4,0.01297,19700,63.89465,30832
1576,thampiotr,4,0.01297,19704,63.90763,30832
1577,thamurepo,4,0.01297,19708,63.92060,30832
1578,theabrar,4,0.01297,19712,63.93358,30832
1579,TheDan64,4,0.01297,19716,63.94655,30832
1580,thejaykobe,4,0.01297,19720,63.95952,30832
1581,thejefflarson,4,0.01297,19724,63.97250,30832
1582,thejurysays,4,0.01297,19728,63.98547,30832
1583,thilak009,4,0.01297,19732,63.99844,30832
1584,Timelessprod,4,0.01297,19736,64.01142,30832
1585,tomernetes,4,0.01297,19740,64.02439,30832
1586,ToniXWD,4,0.01297,19744,64.03736,30832
1587,ttthree,4,0.01297,19748,64.05034,30832
1588,tvorogme,4,0.01297,19752,64.06331,30832
1589,tzwo,4,0.01297,19756,64.07628,30832
1590,uover822,4,0.01297,19760,64.08926,30832
1591,upsaurav12,4,0.01297,19764,64.10223,30832
1592,Vaishnavi-BH,4,0.01297,19768,64.11520,30832
1593,vector-mj,4,0.01297,19772,64.12818,30832
1594,venkatest,4,0.01297,19776,64.14115,30832
1595,vermabhaskar99,4,0.01297,19780,64.15413,30832
1596,versat,4,0.01297,19784,64.16710,30832
1597,vkoori,4,0.01297,19788,64.18007,30832
1598,v-novytskyi,4,0.01297,19792,64.19305,30832
1599,VVX7,4,0.01297,19796,64.20602,30832
1600,vvyushmanov,4,0.01297,19800,64.21899,30832
1601,vzhao12,4,0.01297,19804,64.23197,30832
1602,wahtique,4,0.01297,19808,64.24494,30832
1603,wajrcs-dk,4,0.01297,19812,64.25791,30832
1604,watchfromms,4,0.01297,19816,64.27089,30832
1605,winkrs,4,0.01297,19820,64.28386,30832
1606,wolvery,4,0.01297,19824,64.29683,30832
1607,wss-dogara,4,0.01297,19828,64.30981,30832
1608,wustus,4,0.01297,19832,64.32278,30832
1609,xgdmrk,4,0.01297,19836,64.33576,30832
1610,xho22,4,0.01297,19840,64.34873,30832
1611,xiaoen-liu,4,0.01297,19844,64.36170,30832
1612,xiaoxuanyo,4,0.01297,19848,64.37468,30832
1613,xingcici,4,0.01297,19852,64.38765,30832
1614,xkabylgSICKAG,4,0.01297,19856,64.40062,30832
1615,xqi-nr,4,0.01297,19860,64.41360,30832
1616,xr-dev-saurabh,4,0.01297,19864,64.42657,30832
1617,xuchangqun,4,0.01297,19868,64.43954,30832
1618,xuxiaofan1203,4,0.01297,19872,64.45252,30832
1619,xuyongsan,4,0.01297,19876,64.46549,30832
1620,yaihui,4,0.01297,19880,64.47846,30832
1621,yairrw,4,0.01297,19884,64.49144,30832
1622,yangchnet,4,0.01297,19888,64.50441,30832
1623,yashprakashsharma,4,0.01297,19892,64.51738,30832
1624,yihaodong1,4,0.01297,19896,64.53036,30832
1625,YKL2436542696,4,0.01297,19900,64.54333,30832
1626,ypopovych,4,0.01297,19904,64.55631,30832
1627,yugeeklab,4,0.01297,19908,64.56928,30832
1628,z8n24,4,0.01297,19912,64.58225,30832
1629,zatlodan,4,0.01297,19916,64.59523,30832
1630,zawadimario,4,0.01297,19920,64.60820,30832
1631,zhulei-pacvue,4,0.01297,19924,64.62117,30832
1632,zimonc,4,0.01297,19928,64.63415,30832
1633,zombieleet,4,0.01297,19932,64.64712,30832
1634,Zombiepancake23,4,0.01297,19936,64.66009,30832
1635,ztqsteve,4,0.01297,19940,64.67307,30832
1636,Zvezdoreel,4,0.01297,19944,64.68604,30832
1637,zzhu158,4,0.01297,19948,64.69901,30832
1638,0Bumblebee,3,0.00973,19951,64.70874,30832
1639,2008sahil,3,0.00973,19954,64.71847,30832
1640,aadit-chugh,3,0.00973,19957,64.72820,30832
1641,aagrxyz,3,0.00973,19960,64.73793,30832
1642,aams-eam,3,0.00973,19963,64.74766,30832
1643,aariv1,3,0.00973,19966,64.75739,30832
1644,abbshr,3,0.00973,19969,64.76713,30832
1645,abdaziz,3,0.00973,19972,64.77686,30832
1646,abelmatos,3,0.00973,19975,64.78659,30832
1647,Abhimanyu9988,3,0.00973,19978,64.79632,30832
1648,AbhishekSharma55,3,0.00973,19981,64.80605,30832
1649,abirfo,3,0.00973,19984,64.81578,30832
1650,Abrynos,3,0.00973,19987,64.82551,30832
1651,abwelt,3,0.00973,19990,64.83524,30832
1652,acamposruiz,3,0.00973,19993,64.84497,30832
1653,acar-ctpe,3,0.00973,19996,64.85470,30832
1654,acha1os,3,0.00973,19999,64.86443,30832
1655,acheong08,3,0.00973,20002,64.87416,30832
1656,acurtiz,3,0.00973,20005,64.88389,30832
1657,acutis-expeditus,3,0.00973,20008,64.89362,30832
1658,Aden-Q,3,0.00973,20011,64.90335,30832
1659,adhoc-am,3,0.00973,20014,64.91308,30832
1660,aditi5926,3,0.00973,20017,64.92281,30832
1661,Adityashar,3,0.00973,20020,64.93254,30832
1662,AdrianoKF,3,0.00973,20023,64.94227,30832
1663,ady642,3,0.00973,20026,64.95200,30832
1664,afifurrohman-id,3,0.00973,20029,64.96173,30832
1665,agterdenbos,3,0.00973,20032,64.97146,30832
1666,Ahmedsamymahrous,3,0.00973,20035,64.98119,30832
1667,ahoubenvarian,3,0.00973,20038,64.99092,30832
1668,Ahsan-Aziz-Ishan,3,0.00973,20041,65.00065,30832
1669,AiHaibara,3,0.00973,20044,65.01038,30832
1670,ajax-surovskyi-y,3,0.00973,20047,65.02011,30832
1671,aj-ya,3,0.00973,20050,65.02984,30832
1672,akanimesh7,3,0.00973,20053,65.03957,30832
1673,AkankshaHegde,3,0.00973,20056,65.04930,30832
1674,akruglikov,3,0.00973,20059,65.05903,30832
1675,akshat-io,3,0.00973,20062,65.06876,30832
1676,akshat-kaushik,3,0.00973,20065,65.07849,30832
1677,alexinfoblox,3,0.00973,20068,65.08822,30832
1678,alexmanie,3,0.00973,20071,65.09795,30832
1679,aleyrizvi,3,0.00973,20074,65.10768,30832
1680,alhasan00000000,3,0.00973,20077,65.11741,30832
1681,alizademhdi,3,0.00973,20080,65.12714,30832
1682,allan-pires,3,0.00973,20083,65.13687,30832
1683,alma-pixie,3,0.00973,20086,65.14660,30832
1684,aloosnetmatch,3,0.00973,20089,65.15633,30832
1685,alvin-su,3,0.00973,20092,65.16606,30832
1686,amanmishra0211,3,0.00973,20095,65.17579,30832
1687,amarjeet000,3,0.00973,20098,65.18552,30832
1688,amila77kashyapa,3,0.00973,20101,65.19525,30832
1689,amimas,3,0.00973,20104,65.20498,30832
1690,amirakhmedov,3,0.00973,20107,65.21471,30832
1691,Anakrod,3,0.00973,20110,65.22444,30832
1692,andeke07,3,0.00973,20113,65.23417,30832
1693,AndreiBarbuOz,3,0.00973,20116,65.24390,30832
1694,Andrei-sys,3,0.00973,20119,65.25363,30832
1695,andresbeltranmsft,3,0.00973,20122,65.26336,30832
1696,AndresNico,3,0.00973,20125,65.27309,30832
1697,andreycha,3,0.00973,20128,65.28282,30832
1698,andym5,3,0.00973,20131,65.29255,30832
1699,AnirudhPenmatcha,3,0.00973,20134,65.30228,30832
1700,ankittk,3,0.00973,20137,65.31201,30832
1701,AnnKatrinBecker,3,0.00973,20140,65.32174,30832
1702,AnshuByte,3,0.00973,20143,65.33147,30832
1703,AnshulMalik,3,0.00973,20146,65.34120,30832
1704,ansmann-at-google,3,0.00973,20149,65.35093,30832
1705,aph3rson,3,0.00973,20152,65.36066,30832
1706,apoorvkapil,3,0.00973,20155,65.37039,30832
1707,apreifsteck,3,0.00973,20158,65.38012,30832
1708,arathy-minerva,3,0.00973,20161,65.38985,30832
1709,aravindsagar,3,0.00973,20164,65.39958,30832
1710,arazdolski,3,0.00973,20167,65.40931,30832
1711,architgarg95,3,0.00973,20170,65.41905,30832
1712,ardixit-msft-la,3,0.00973,20173,65.42878,30832
1713,ArnaudCHT,3,0.00973,20176,65.43851,30832
1714,artaleks9,3,0.00973,20179,65.44824,30832
1715,arunp0,3,0.00973,20182,65.45797,30832
1716,asger-noer,3,0.00973,20185,65.46770,30832
1717,AShengQiang,3,0.00973,20188,65.47743,30832
1718,ashishkumar256,3,0.00973,20191,65.48716,30832
1719,Ashittu21,3,0.00973,20194,65.49689,30832
1720,asimrehman92,3,0.00973,20197,65.50662,30832
1721,asmigala,3,0.00973,20200,65.51635,30832
1722,Auser448,3,0.00973,20203,65.52608,30832
1723,awong-evoiq,3,0.00973,20206,65.53581,30832
1724,awwroni,3,0.00973,20209,65.54554,30832
1725,axliupore,3,0.00973,20212,65.55527,30832
1726,aydinnyunus,3,0.00973,20215,65.56500,30832
1727,Aynamic,3,0.00973,20218,65.57473,30832
1728,azeemchauhan,3,0.00973,20221,65.58446,30832
1729,B4itsG,3,0.00973,20224,65.59419,30832
1730,balaji-dongare,3,0.00973,20227,65.60392,30832
1731,balazsnyitray-seon,3,0.00973,20230,65.61365,30832
1732,bantyK,3,0.00973,20233,65.62338,30832
1733,behradiy,3,0.00973,20236,65.63311,30832
1734,bguo-figma,3,0.00973,20239,65.64284,30832
1735,bhaskarbanerjee,3,0.00973,20242,65.65257,30832
1736,bhupendra-vaishnav,3,0.00973,20245,65.66230,30832
1737,BiancaTofan,3,0.00973,20248,65.67203,30832
1738,BinaryPhinary,3,0.00973,20251,65.68176,30832
1739,bing568186255,3,0.00973,20254,65.69149,30832
1740,biningo,3,0.00973,20257,65.70122,30832
1741,birbirsbirbirs,3,0.00973,20260,65.71095,30832
1742,biscout42,3,0.00973,20263,65.72068,30832
1743,bitemarcz,3,0.00973,20266,65.73041,30832
1744,biya-bi,3,0.00973,20269,65.74014,30832
1745,bjeSSAdev,3,0.00973,20272,65.74987,30832
1746,bjornpijnacker,3,0.00973,20275,65.75960,30832
1747,blas-rodriguez-edo,3,0.00973,20278,65.76933,30832
1748,BlueHorn07,3,0.00973,20281,65.77906,30832
1749,Bod-R,3,0.00973,20284,65.78879,30832
1750,bongleeEveri,3,0.00973,20287,65.79852,30832
1751,brenoepics,3,0.00973,20290,65.80825,30832
1752,brizaldi,3,0.00973,20293,65.81798,30832
1753,bstasz,3,0.00973,20296,65.82771,30832
1754,burkematthew,3,0.00973,20299,65.83744,30832
1755,busterswt,3,0.00973,20302,65.84717,30832
1756,butschi84,3,0.00973,20305,65.85690,30832
1757,canon-cmre-benoit-lecardonnel,3,0.00973,20308,65.86663,30832
1758,capaca,3,0.00973,20311,65.87636,30832
1759,carolinecgilbert,3,0.00973,20314,65.88609,30832
1760,caveman280,3,0.00973,20317,65.89582,30832
1761,cbid71,3,0.00973,20320,65.90555,30832
1762,ccfish2,3,0.00973,20323,65.91528,30832
1763,cgawron,3,0.00973,20326,65.92501,30832
1764,chc5,3,0.00973,20329,65.93474,30832
1765,chen-levkovich,3,0.00973,20332,65.94447,30832
1766,ChetRam,3,0.00973,20335,65.95420,30832
1767,christiangil,3,0.00973,20338,65.96393,30832
1768,cjfinnell,3,0.00973,20341,65.97366,30832
1769,ckav370,3,0.00973,20344,65.98339,30832
1770,C-ld,3,0.00973,20347,65.99312,30832
1771,cleanet,3,0.00973,20350,66.00285,30832
1772,compf,3,0.00973,20353,66.01258,30832
1773,Confetti-lxy,3,0.00973,20356,66.02231,30832
1774,ConstantRohmer,3,0.00973,20359,66.03204,30832
1775,cristhercastro,3,0.00973,20362,66.04177,30832
1776,csilence918,3,0.00973,20365,66.05150,30832
1777,csongnr,3,0.00973,20368,66.06124,30832
1778,csuich2,3,0.00973,20371,66.07097,30832
1779,ctdfo,3,0.00973,20374,66.08070,30832
1780,cunyat,3,0.00973,20377,66.09043,30832
1781,Curious-x,3,0.00973,20380,66.10016,30832
1782,CViniciusSDias,3,0.00973,20383,66.10989,30832
1783,d4n1sh404,3,0.00973,20386,66.11962,30832
1784,damiancalabresi,3,0.00973,20389,66.12935,30832
1785,daniel-crouch,3,0.00973,20392,66.13908,30832
1786,DanielKucal,3,0.00973,20395,66.14881,30832
1787,DanielLaberge,3,0.00973,20398,66.15854,30832
1788,daniel-maganto,3,0.00973,20401,66.16827,30832
1789,DanielQ-CV,3,0.00973,20404,66.17800,30832
1790,danielyaba,3,0.00973,20407,66.18773,30832
1791,dankilman,3,0.00973,20410,66.19746,30832
1792,darksoft2021,3,0.00973,20413,66.20719,30832
1793,dataops1948-2,3,0.00973,20416,66.21692,30832
1794,datbeohbbh,3,0.00973,20419,66.22665,30832
1795,DaveO-Home,3,0.00973,20422,66.23638,30832
1796,david-rusnak,3,0.00973,20425,66.24611,30832
1797,davidshur,3,0.00973,20428,66.25584,30832
1798,davidumea,3,0.00973,20431,66.26557,30832
1799,david-wu-octopus,3,0.00973,20434,66.27530,30832
1800,dciangot,3,0.00973,20437,66.28503,30832
1801,dcjulian29,3,0.00973,20440,66.29476,30832
1802,de3,3,0.00973,20443,66.30449,30832
1803,debrupf2946,3,0.00973,20446,66.31422,30832
1804,deepakdeore2004,3,0.00973,20449,66.32395,30832
1805,Delta1977,3,0.00973,20452,66.33368,30832
1806,demian91,3,0.00973,20455,66.34341,30832
1807,demondevilhades,3,0.00973,20458,66.35314,30832
1808,Dennis8274,3,0.00973,20461,66.36287,30832
1809,dennymao,3,0.00973,20464,66.37260,30832
1810,DenysSkrytskyi,3,0.00973,20467,66.38233,30832
1811,devendrasr,3,0.00973,20470,66.39206,30832
1812,devharsh2k4,3,0.00973,20473,66.40179,30832
1813,devopserio,3,0.00973,20476,66.41152,30832
1814,dfi470,3,0.00973,20479,66.42125,30832
1815,dgur-outbrain,3,0.00973,20482,66.43098,30832
1816,dieter-aerit,3,0.00973,20485,66.44071,30832
1817,dileep9490,3,0.00973,20488,66.45044,30832
1818,Dima-crm28423,3,0.00973,20491,66.46017,30832
1819,DimiF4W,3,0.00973,20494,66.46990,30832
1820,dinhlockt02,3,0.00973,20497,66.47963,30832
1821,ditogam,3,0.00973,20500,66.48936,30832
1822,DivyaNayaka,3,0.00973,20503,66.49909,30832
1823,dmehala,3,0.00973,20506,66.50882,30832
1824,DmitryAE,3,0.00973,20509,66.51855,30832
1825,dmitryrogov,3,0.00973,20512,66.52828,30832
1826,dmosesson,3,0.00973,20515,66.53801,30832
1827,dnayar9,3,0.00973,20518,66.54774,30832
1828,Dominic1DL,3,0.00973,20521,66.55747,30832
1829,dotwaffle,3,0.00973,20524,66.56720,30832
1830,dougcooper,3,0.00973,20527,66.57693,30832
1831,drewnoakes,3,0.00973,20530,66.58666,30832
1832,drzewiec,3,0.00973,20533,66.59639,30832
1833,dsgli,3,0.00973,20536,66.60612,30832
1834,dtlight,3,0.00973,20539,66.61585,30832
1835,dupbr01,3,0.00973,20542,66.62558,30832
1836,dylanbstorey,3,0.00973,20545,66.63531,30832
1837,DYYQ-SA,3,0.00973,20548,66.64504,30832
1838,dzacball,3,0.00973,20551,66.65477,30832
1839,EddeCCC,3,0.00973,20554,66.66450,30832
1840,eduyubero,3,0.00973,20557,66.67423,30832
1841,einsli,3,0.00973,20560,66.68396,30832
1842,eitan-papaya,3,0.00973,20563,66.69369,30832
1843,ejiek,3,0.00973,20566,66.70343,30832
1844,electricjesus,3,0.00973,20569,66.71316,30832
1845,EliyahuSternDAI,3,0.00973,20572,66.72289,30832
1846,elouanjef,3,0.00973,20575,66.73262,30832
1847,emeg1,3,0.00973,20578,66.74235,30832
1848,emonical,3,0.00973,20581,66.75208,30832
1849,emzxcv,3,0.00973,20584,66.76181,30832
1850,epessina,3,0.00973,20587,66.77154,30832
1851,eqfarhad,3,0.00973,20590,66.78127,30832
1852,erma07,3,0.00973,20593,66.79100,30832
1853,ernstvonoelsen,3,0.00973,20596,66.80073,30832
1854,esdrasdl,3,0.00973,20599,66.81046,30832
1855,essembeh,3,0.00973,20602,66.82019,30832
1856,EswarS,3,0.00973,20605,66.82992,30832
1857,etchevef,3,0.00973,20608,66.83965,30832
1858,EternalSuno,3,0.00973,20611,66.84938,30832
1859,evensolberg,3,0.00973,20614,66.85911,30832
1860,evertondmorais,3,0.00973,20617,66.86884,30832
1861,evgenii-avdiukhin,3,0.00973,20620,66.87857,30832
1862,Exzrgs,3,0.00973,20623,66.88830,30832
1863,eyazici90,3,0.00973,20626,66.89803,30832
1864,Ezzahhh,3,0.00973,20629,66.90776,30832
1865,fabian-paus,3,0.00973,20632,66.91749,30832
1866,faizan35,3,0.00973,20635,66.92722,30832
1867,FelipeYepez,3,0.00973,20638,66.93695,30832
1868,ferdinandmehlan,3,0.00973,20641,66.94668,30832
1869,fhertzwo,3,0.00973,20644,66.95641,30832
1870,finij-kkr,3,0.00973,20647,66.96614,30832
1871,Firelods,3,0.00973,20650,66.97587,30832
1872,florian-feicht,3,0.00973,20653,66.98560,30832
1873,flyfishzy,3,0.00973,20656,66.99533,30832
1874,foehammer127,3,0.00973,20659,67.00506,30832
1875,frkouokam,3,0.00973,20662,67.01479,30832
1876,fwx5618177,3,0.00973,20665,67.02452,30832
1877,fzj55,3,0.00973,20668,67.03425,30832
1878,GabSnow24,3,0.00973,20671,67.04398,30832
1879,galoitsu,3,0.00973,20674,67.05371,30832
1880,GarbhanK,3,0.00973,20677,67.06344,30832
1881,GarethEgerton,3,0.00973,20680,67.07317,30832
1882,gen-user1,3,0.00973,20683,67.08290,30832
1883,Geun-Oh,3,0.00973,20686,67.09263,30832
1884,gfarcas,3,0.00973,20689,67.10236,30832
1885,ghormoon,3,0.00973,20692,67.11209,30832
1886,gilfthde,3,0.00973,20695,67.12182,30832
1887,gilljon,3,0.00973,20698,67.13155,30832
1888,girlbossceo,3,0.00973,20701,67.14128,30832
1889,github2134243,3,0.00973,20704,67.15101,30832
1890,Githubant123,3,0.00973,20707,67.16074,30832
1891,git-saj,3,0.00973,20710,67.17047,30832
1892,giuliano-scassaioli,3,0.00973,20713,67.18020,30832
1893,glooms,3,0.00973,20716,67.18993,30832
1894,gmhomb,3,0.00973,20719,67.19966,30832
1895,Gmin2,3,0.00973,20722,67.20939,30832
1896,gmurray-8372,3,0.00973,20725,67.21912,30832
1897,g-obasi,3,0.00973,20728,67.22885,30832
1898,gogbog,3,0.00973,20731,67.23858,30832
1899,Gon-Infosum,3,0.00973,20734,67.24831,30832
1900,gpelouze,3,0.00973,20737,67.25804,30832
1901,GrapefruitCat030,3,0.00973,20740,67.26777,30832
1902,green2jello,3,0.00973,20743,67.27750,30832
1903,GreySpike,3,0.00973,20746,67.28723,30832
1904,GrgDev,3,0.00973,20749,67.29696,30832
1905,grigoni,3,0.00973,20752,67.30669,30832
1906,grosenba,3,0.00973,20755,67.31642,30832
1907,gserpentino,3,0.00973,20758,67.32615,30832
1908,gsingh737,3,0.00973,20761,67.33588,30832
1909,gsmini,3,0.00973,20764,67.34561,30832
1910,Guilamb,3,0.00973,20767,67.35535,30832
1911,guozhiheng0123,3,0.00973,20770,67.36508,30832
1912,guppyfish123,3,0.00973,20773,67.37481,30832
1913,gustavooferreira,3,0.00973,20776,67.38454,30832
1914,gwendollyn,3,0.00973,20779,67.39427,30832
1915,Gygrus,3,0.00973,20782,67.40400,30832
1916,habibifa,3,0.00973,20785,67.41373,30832
1917,HadleyReis,3,0.00973,20788,67.42346,30832
1918,haim-bp,3,0.00973,20791,67.43319,30832
1919,halvorstein,3,0.00973,20794,67.44292,30832
1920,hamzisco,3,0.00973,20797,67.45265,30832
1921,hanife-Orthopy,3,0.00973,20800,67.46238,30832
1922,hanifshahy,3,0.00973,20803,67.47211,30832
1923,happyhunter7,3,0.00973,20806,67.48184,30832
1924,harshguptaserver,3,0.00973,20809,67.49157,30832
1925,Harshu1441,3,0.00973,20812,67.50130,30832
1926,hb0730,3,0.00973,20815,67.51103,30832
1927,hbeberman,3,0.00973,20818,67.52076,30832
1928,hborchardt,3,0.00973,20821,67.53049,30832
1929,heckradr,3,0.00973,20824,67.54022,30832
1930,Hectorsong,3,0.00973,20827,67.54995,30832
1931,her-cat,3,0.00973,20830,67.55968,30832
1932,herlo,3,0.00973,20833,67.56941,30832
1933,HeyChiang,3,0.00973,20836,67.57914,30832
1934,hfern,3,0.00973,20839,67.58887,30832
1935,hijodeputa133,3,0.00973,20842,67.59860,30832
1936,HikaruSadashi,3,0.00973,20845,67.60833,30832
1937,himasagaratluri,3,0.00973,20848,67.61806,30832
1938,hmellor,3,0.00973,20851,67.62779,30832
1939,hoangsvit,3,0.00973,20854,67.63752,30832
1940,honarkhah,3,0.00973,20857,67.64725,30832
1941,hotjump,3,0.00973,20860,67.65698,30832
1942,htgurukul,3,0.00973,20863,67.66671,30832
1943,hth,3,0.00973,20866,67.67644,30832
1944,hungryengineer,3,0.00973,20869,67.68617,30832
1945,HungrySharkNet,3,0.00973,20872,67.69590,30832
1946,HuShaoRu,3,0.00973,20875,67.70563,30832
1947,hustlihaifeng,3,0.00973,20878,67.71536,30832
1948,huv95,3,0.00973,20881,67.72509,30832
1949,i386kernel,3,0.00973,20884,67.73482,30832
1950,iamanmolm,3,0.00973,20887,67.74455,30832
1951,iamdempa,3,0.00973,20890,67.75428,30832
1952,idrajeev12,3,0.00973,20893,67.76401,30832
1953,iishitahaha,3,0.00973,20896,67.77374,30832
1954,imoore76,3,0.00973,20899,67.78347,30832
1955,inkuu2998,3,0.00973,20902,67.79320,30832
1956,insaaniManav,3,0.00973,20905,67.80293,30832
1957,irnurzaman,3,0.00973,20908,67.81266,30832
1958,Irshu786,3,0.00973,20911,67.82239,30832
1959,isaaccarrington,3,0.00973,20914,67.83212,30832
1960,ishikawa-pro,3,0.00973,20917,67.84185,30832
1961,iv1111,3,0.00973,20920,67.85158,30832
1962,ivalba,3,0.00973,20923,67.86131,30832
1963,IvanProdaiko94,3,0.00973,20926,67.87104,30832
1964,ivylu888,3,0.00973,20929,67.88077,30832
1965,j1m-ryan,3,0.00973,20932,67.89050,30832
1966,jafarsaad,3,0.00973,20935,67.90023,30832
1967,jamar-criteo,3,0.00973,20938,67.90996,30832
1968,jangrui,3,0.00973,20941,67.91969,30832
1969,JanGutter,3,0.00973,20944,67.92942,30832
1970,Janik-Haag,3,0.00973,20947,67.93915,30832
1971,janogonzalez,3,0.00973,20950,67.94888,30832
1972,jaskarnshergillCE,3,0.00973,20953,67.95861,30832
1973,jasondroz,3,0.00973,20956,67.96834,30832
1974,jasonmokk,3,0.00973,20959,67.97807,30832
1975,javiermartingonzalez,3,0.00973,20962,67.98780,30832
1976,jcnewmanunilink,3,0.00973,20965,67.99754,30832
1977,JDMooreMN,3,0.00973,20968,68.00727,30832
1978,jeanchpt,3,0.00973,20971,68.01700,30832
1979,jediminer543,3,0.00973,20974,68.02673,30832
1980,jeffcshapiro,3,0.00973,20977,68.03646,30832
1981,JellyWX,3,0.00973,20980,68.04619,30832
1982,jeremylowery,3,0.00973,20983,68.05592,30832
1983,jeromy-cannon,3,0.00973,20986,68.06565,30832
1984,jerviscui,3,0.00973,20989,68.07538,30832
1985,JesperAP,3,0.00973,20992,68.08511,30832
1986,jgimenez,3,0.00973,20995,68.09484,30832
1987,jgrady15,3,0.00973,20998,68.10457,30832
1988,jhannink,3,0.00973,21001,68.11430,30832
1989,jharriga,3,0.00973,21004,68.12403,30832
1990,Jicming,3,0.00973,21007,68.13376,30832
1991,jinyang-dev,3,0.00973,21010,68.14349,30832
1992,JLont,3,0.00973,21013,68.15322,30832
1993,jlrgraham23,3,0.00973,21016,68.16295,30832
1994,jmahlman,3,0.00973,21019,68.17268,30832
1995,jmbaur,3,0.00973,21022,68.18241,30832
1996,jmurrayrs,3,0.00973,21025,68.19214,30832
1997,jochenkirstaetter,3,0.00973,21028,68.20187,30832
1998,joelmathew003,3,0.00973,21031,68.21160,30832
1999,johannaojeling,3,0.00973,21034,68.22133,30832
2000,JohannesHuster,3,0.00973,21037,68.23106,30832
2001,JohnTseng1012,3,0.00973,21040,68.24079,30832
2002,JonasBak,3,0.00973,21043,68.25052,30832
2003,JonasStjerne,3,0.00973,21046,68.26025,30832
2004,jonathanbaker7,3,0.00973,21049,68.26998,30832
2005,joselitofilho,3,0.00973,21052,68.27971,30832
2006,joseph-netog,3,0.00973,21055,68.28944,30832
2007,josephshanak,3,0.00973,21058,68.29917,30832
2008,Josh-Tracy,3,0.00973,21061,68.30890,30832
2009,josxha,3,0.00973,21064,68.31863,30832
2010,jseide,3,0.00973,21067,68.32836,30832
2011,jsilva,3,0.00973,21070,68.33809,30832
2012,JSmith-Aura,3,0.00973,21073,68.34782,30832
2013,jtaparo,3,0.00973,21076,68.35755,30832
2014,juanes30,3,0.00973,21079,68.36728,30832
2015,just3ws,3,0.00973,21082,68.37701,30832
2016,justfalter,3,0.00973,21085,68.38674,30832
2017,juwei008,3,0.00973,21088,68.39647,30832
2018,jwmay2012,3,0.00973,21091,68.40620,30832
2019,k1r8r0wn,3,0.00973,21094,68.41593,30832
2020,k3rn31,3,0.00973,21097,68.42566,30832
2021,kaaax0815,3,0.00973,21100,68.43539,30832
2022,kagami4243,3,0.00973,21103,68.44512,30832
2023,karenntayy,3,0.00973,21106,68.45485,30832
2024,karentu2,3,0.00973,21109,68.46458,30832
2025,karol-pawlowski,3,0.00973,21112,68.47431,30832
2026,KashMoneyMillionaire,3,0.00973,21115,68.48404,30832
2027,kastl-ars,3,0.00973,21118,68.49377,30832
2028,kasun-bandara,3,0.00973,21121,68.50350,30832
2029,keeganwhite,3,0.00973,21124,68.51323,30832
2030,keeplearning20221,3,0.00973,21127,68.52296,30832
2031,kenzliang,3,0.00973,21130,68.53269,30832
2032,Kheiden,3,0.00973,21133,68.54242,30832
2033,killerkenobi,3,0.00973,21136,68.55215,30832
2034,kirankumar-grootan,3,0.00973,21139,68.56188,30832
2035,kirmadaa,3,0.00973,21142,68.57161,30832
2036,kolayne,3,0.00973,21145,68.58134,30832
2037,konmedia-devops,3,0.00973,21148,68.59107,30832
2038,kot0dama,3,0.00973,21151,68.60080,30832
2039,kpaulisse,3,0.00973,21154,68.61053,30832
2040,kpradp,3,0.00973,21157,68.62026,30832
2041,KP-story,3,0.00973,21160,68.62999,30832
2042,krfricke,3,0.00973,21163,68.63972,30832
2043,krlittle,3,0.00973,21166,68.64946,30832
2044,kshitijdshah99,3,0.00973,21169,68.65919,30832
2045,Kshitiz1403,3,0.00973,21172,68.66892,30832
2046,ktruy,3,0.00973,21175,68.67865,30832
2047,kumaran525,3,0.00973,21178,68.68838,30832
2048,KunalSaini,3,0.00973,21181,68.69811,30832
2049,ladybugz2,3,0.00973,21184,68.70784,30832
2050,lalexander07,3,0.00973,21187,68.71757,30832
2051,langchain4j,3,0.00973,21190,68.72730,30832
2052,larsenqec,3,0.00973,21193,68.73703,30832
2053,LawiK974,3,0.00973,21196,68.74676,30832
2054,LCM2421,3,0.00973,21199,68.75649,30832
2055,lednerb1,3,0.00973,21202,68.76622,30832
2056,leesungbin,3,0.00973,21205,68.77595,30832
2057,leodahal4,3,0.00973,21208,68.78568,30832
2058,leoswaldo,3,0.00973,21211,68.79541,30832
2059,leryn1122,3,0.00973,21214,68.80514,30832
2060,levaitamas,3,0.00973,21217,68.81487,30832
2061,leviem1,3,0.00973,21220,68.82460,30832
2062,levu74,3,0.00973,21223,68.83433,30832
2063,lht2017,3,0.00973,21226,68.84406,30832
2064,Li-Or-Amir,3,0.00973,21229,68.85379,30832
2065,live2awesome,3,0.00973,21232,68.86352,30832
2066,lixinyan00,3,0.00973,21235,68.87325,30832
2067,lngoquy1,3,0.00973,21238,68.88298,30832
2068,lodewijkvankeizerswaard,3,0.00973,21241,68.89271,30832
2069,lostb-sr,3,0.00973,21244,68.90244,30832
2070,LucasAndFlores,3,0.00973,21247,68.91217,30832
2071,lucaspeng12138,3,0.00973,21250,68.92190,30832
2072,lucasrattz,3,0.00973,21253,68.93163,30832
2073,lv10,3,0.00973,21256,68.94136,30832
2074,lwxin0805,3,0.00973,21259,68.95109,30832
2075,lyesbit,3,0.00973,21262,68.96082,30832
2076,lyonsy,3,0.00973,21265,68.97055,30832
2077,M1lk4fr3553r,3,0.00973,21268,68.98028,30832
2078,MACOMGCLOUD,3,0.00973,21271,68.99001,30832
2079,madcitymultimedia,3,0.00973,21274,68.99974,30832
2080,maheshrajrp,3,0.00973,21277,69.00947,30832
2081,maimuderizi,3,0.00973,21280,69.01920,30832
2082,makrushin-evgenii,3,0.00973,21283,69.02893,30832
2083,malodie,3,0.00973,21286,69.03866,30832
2084,mamacmm,3,0.00973,21289,69.04839,30832
2085,manalshaikh,3,0.00973,21292,69.05812,30832
2086,ManfredLange,3,0.00973,21295,69.06785,30832
2087,mani3887,3,0.00973,21298,69.07758,30832
2088,manish222agr,3,0.00973,21301,69.08731,30832
2089,manishym,3,0.00973,21304,69.09704,30832
2090,ManojKumar1611,3,0.00973,21307,69.10677,30832
2091,markbosch,3,0.00973,21310,69.11650,30832
2092,markhoratiowalmsley,3,0.00973,21313,69.12623,30832
2093,martinlolek,3,0.00973,21316,69.13596,30832
2094,MatteoPiovanelli-Laser,3,0.00973,21319,69.14569,30832
2095,MatthiasValvekens,3,0.00973,21322,69.15542,30832
2096,MattiL,3,0.00973,21325,69.16515,30832
2097,mdecimus,3,0.00973,21328,69.17488,30832
2098,m-dm,3,0.00973,21331,69.18461,30832
2099,melroy89,3,0.00973,21334,69.19434,30832
2100,mengqing20101212,3,0.00973,21337,69.20407,30832
2101,Menni27,3,0.00973,21340,69.21380,30832
2102,MernaMustafa,3,0.00973,21343,69.22353,30832
2103,metalwhale,3,0.00973,21346,69.23326,30832
2104,mglazenborg,3,0.00973,21349,69.24299,30832
2105,mgutierrez-wavefin,3,0.00973,21352,69.25272,30832
2106,mhrheaume,3,0.00973,21355,69.26245,30832
2107,mhvelplund,3,0.00973,21358,69.27218,30832
2108,michael-burakov,3,0.00973,21361,69.28191,30832
2109,michaelchristopher-ui,3,0.00973,21364,69.29165,30832
2110,MichaelMayer-askui,3,0.00973,21367,69.30138,30832
2111,MichelSkr,3,0.00973,21370,69.31111,30832
2112,Mikaayenson,3,0.00973,21373,69.32084,30832
2113,mikeloguay,3,0.00973,21376,69.33057,30832
2114,mikemcd3912,3,0.00973,21379,69.34030,30832
2115,milkpirate,3,0.00973,21382,69.35003,30832
2116,mintLiquor,3,0.00973,21385,69.35976,30832
2117,Mintycats,3,0.00973,21388,69.36949,30832
2118,miqueet,3,0.00973,21391,69.37922,30832
2119,mjnowen,3,0.00973,21394,69.38895,30832
2120,mog422,3,0.00973,21397,69.39868,30832
2121,MohammedShetaya,3,0.00973,21400,69.40841,30832
2122,mohan023,3,0.00973,21403,69.41814,30832
2123,momilo,3,0.00973,21406,69.42787,30832
2124,montywi,3,0.00973,21409,69.43760,30832
2125,morning810,3,0.00973,21412,69.44733,30832
2126,mostafa,3,0.00973,21415,69.45706,30832
2127,mousimin,3,0.00973,21418,69.46679,30832
2128,mpatou,3,0.00973,21421,69.47652,30832
2129,mpeters0n,3,0.00973,21424,69.48625,30832
2130,mrmx,3,0.00973,21427,69.49598,30832
2131,mschroering,3,0.00973,21430,69.50571,30832
2132,mshashi0306,3,0.00973,21433,69.51544,30832
2133,mshustov,3,0.00973,21436,69.52517,30832
2134,mstoops,3,0.00973,21439,69.53490,30832
2135,Mufaddal5253110,3,0.00973,21442,69.54463,30832
2136,mukshe01,3,0.00973,21445,69.55436,30832
2137,mustdiechik,3,0.00973,21448,69.56409,30832
2138,mwangersjo,3,0.00973,21451,69.57382,30832
2139,Mxdon123,3,0.00973,21454,69.58355,30832
2140,naga2222,3,0.00973,21457,69.59328,30832
2141,namachan10777,3,0.00973,21460,69.60301,30832
2142,naman47vyas,3,0.00973,21463,69.61274,30832
2143,nandishnagaraj,3,0.00973,21466,69.62247,30832
2144,nanoandvim,3,0.00973,21469,69.63220,30832
2145,nanxing7,3,0.00973,21472,69.64193,30832
2146,naqeebghazi,3,0.00973,21475,69.65166,30832
2147,nasuiyile,3,0.00973,21478,69.66139,30832
2148,nathanscully,3,0.00973,21481,69.67112,30832
2149,nchitimilla,3,0.00973,21484,69.68085,30832
2150,NeethithevanR,3,0.00973,21487,69.69058,30832
2151,neitsab,3,0.00973,21490,69.70031,30832
2152,NETertainer,3,0.00973,21493,69.71004,30832
2153,neugartf,3,0.00973,21496,69.71977,30832
2154,newcoderlife,3,0.00973,21499,69.72950,30832
2155,ngarafol,3,0.00973,21502,69.73923,30832
2156,nguyennick197,3,0.00973,21505,69.74896,30832
2157,Nickelth,3,0.00973,21508,69.75869,30832
2158,nidotls,3,0.00973,21511,69.76842,30832
2159,nikitakurakinGit,3,0.00973,21514,69.77815,30832
2160,Nilesh1206,3,0.00973,21517,69.78788,30832
2161,nipunalways,3,0.00973,21520,69.79761,30832
2162,NishinoAsuka0,3,0.00973,21523,69.80734,30832
2163,nmapx,3,0.00973,21526,69.81707,30832
2164,nmatsukiyo,3,0.00973,21529,69.82680,30832
2165,nomanyaqub,3,0.00973,21532,69.83653,30832
2166,nooperpudd,3,0.00973,21535,69.84626,30832
2167,nsauter,3,0.00973,21538,69.85599,30832
2168,ohault,3,0.00973,21541,69.86572,30832
2169,oleghalin,3,0.00973,21544,69.87545,30832
2170,oliverplann,3,0.00973,21547,69.88518,30832
2171,OMS-ZH,3,0.00973,21550,69.89491,30832
2172,oneanime,3,0.00973,21553,69.90464,30832
2173,OneFlyingBanana,3,0.00973,21556,69.91437,30832
2174,OptimusPi,3,0.00973,21559,69.92410,30832
2175,oripka,3,0.00973,21562,69.93383,30832
2176,OrlandoWhite88,3,0.00973,21565,69.94357,30832
2177,osamakh96,3,0.00973,21568,69.95330,30832
2178,oshangalwaduge,3,0.00973,21571,69.96303,30832
2179,Ousret,3,0.00973,21574,69.97276,30832
2180,outscale-hmi,3,0.00973,21577,69.98249,30832
2181,oxfn,3,0.00973,21580,69.99222,30832
2182,pablofilgueira91,3,0.00973,21583,70.00195,30832
2183,paigeruppel-upstart,3,0.00973,21586,70.01168,30832
2184,Paradise-lu,3,0.00973,21589,70.02141,30832
2185,parekhcoder,3,0.00973,21592,70.03114,30832
2186,parvuselephantus,3,0.00973,21595,70.04087,30832
2187,PascalHelbig,3,0.00973,21598,70.05060,30832
2188,pascalrobert,3,0.00973,21601,70.06033,30832
2189,patilgirish2300,3,0.00973,21604,70.07006,30832
2190,paula-fc,3,0.00973,21607,70.07979,30832
2191,pauliusg,3,0.00973,21610,70.08952,30832
2192,paul-wellstand,3,0.00973,21613,70.09925,30832
2193,payam-zahedi,3,0.00973,21616,70.10898,30832
2194,pd93,3,0.00973,21619,70.11871,30832
2195,peakforever,3,0.00973,21622,70.12844,30832
2196,PeterOscarsson,3,0.00973,21625,70.13817,30832
2197,phenomrascalov,3,0.00973,21628,70.14790,30832
2198,phgeraldeli,3,0.00973,21631,70.15763,30832
2199,philipgen,3,0.00973,21634,70.16736,30832
2200,PichuChen,3,0.00973,21637,70.17709,30832
2201,PickleTicklewithnospace,3,0.00973,21640,70.18682,30832
2202,pipika110,3,0.00973,21643,70.19655,30832
2203,pistol-gao,3,0.00973,21646,70.20628,30832
2204,Piwero,3,0.00973,21649,70.21601,30832
2205,piyush5566,3,0.00973,21652,70.22574,30832
2206,podger,3,0.00973,21655,70.23547,30832
2207,porjo,3,0.00973,21658,70.24520,30832
2208,ppalsingh,3,0.00973,21661,70.25493,30832
2209,p-pautov,3,0.00973,21664,70.26466,30832
2210,ppff,3,0.00973,21667,70.27439,30832
2211,prakashramal,3,0.00973,21670,70.28412,30832
2212,pratapkumarnanda,3,0.00973,21673,70.29385,30832
2213,pratikparshetti,3,0.00973,21676,70.30358,30832
2214,PROFeNoM,3,0.00973,21679,70.31331,30832
2215,protima-banerjee,3,0.00973,21682,70.32304,30832
2216,psammarco,3,0.00973,21685,70.33277,30832
2217,psantiagol,3,0.00973,21688,70.34250,30832
2218,PseudoResonance,3,0.00973,21691,70.35223,30832
2219,psmietanaa,3,0.00973,21694,70.36196,30832
2220,python3js,3,0.00973,21697,70.37169,30832
2221,qhyuTT,3,0.00973,21700,70.38142,30832
2222,qiaofazhan,3,0.00973,21703,70.39115,30832
2223,qlw319,3,0.00973,21706,70.40088,30832
2224,qtop1,3,0.00973,21709,70.41061,30832
2225,quantumcnsai,3,0.00973,21712,70.42034,30832
2226,QW-pawankundar,3,0.00973,21715,70.43007,30832
2227,r34son,3,0.00973,21718,70.43980,30832
2228,R3hankhan123,3,0.00973,21721,70.44953,30832
2229,rafi-gh,3,0.00973,21724,70.45926,30832
2230,raghumb,3,0.00973,21727,70.46899,30832
2231,rama280290,3,0.00973,21730,70.47872,30832
2232,rashim27us,3,0.00973,21733,70.48845,30832
2233,raunokulla,3,0.00973,21736,70.49818,30832
2234,RaviVadera,3,0.00973,21739,70.50791,30832
2235,rcm-steve-horne,3,0.00973,21742,70.51764,30832
2236,rcoxns,3,0.00973,21745,70.52737,30832
2237,rdu-weston,3,0.00973,21748,70.53710,30832
2238,realwuffi,3,0.00973,21751,70.54683,30832
2239,rehashedsalt,3,0.00973,21754,70.55656,30832
2240,renanrodrigueszup,3,0.00973,21757,70.56629,30832
2241,RenzoPrettoMS,3,0.00973,21760,70.57602,30832
2242,reysravanga,3,0.00973,21763,70.58576,30832
2243,Ricky-Daxia,3,0.00973,21766,70.59549,30832
2244,rikthevik,3,0.00973,21769,70.60522,30832
2245,rimitchell,3,0.00973,21772,70.61495,30832
2246,riosengineer,3,0.00973,21775,70.62468,30832
2247,rjbathgate,3,0.00973,21778,70.63441,30832
2248,rkubis,3,0.00973,21781,70.64414,30832
2249,RobinsonZ,3,0.00973,21784,70.65387,30832
2250,robwhitby,3,0.00973,21787,70.66360,30832
2251,roee-hersh,3,0.00973,21790,70.67333,30832
2252,rohitgorana,3,0.00973,21793,70.68306,30832
2253,Rohlend1,3,0.00973,21796,70.69279,30832
2254,Rohmilchkaese,3,0.00973,21799,70.70252,30832
2255,ronork,3,0.00973,21802,70.71225,30832
2256,Roockeeeet,3,0.00973,21805,70.72198,30832
2257,rorynickolls-skyral,3,0.00973,21808,70.73171,30832
2258,rosshillery,3,0.00973,21811,70.74144,30832
2259,rrv2807,3,0.00973,21814,70.75117,30832
2260,rubenrecovery133,3,0.00973,21817,70.76090,30832
2261,RunCor399,3,0.00973,21820,70.77063,30832
2262,rustalchemy,3,0.00973,21823,70.78036,30832
2263,RyanCarlisle,3,0.00973,21826,70.79009,30832
2264,RyanLw007,3,0.00973,21829,70.79982,30832
2265,ryantanjunming,3,0.00973,21832,70.80955,30832
2266,ryan-WORK,3,0.00973,21835,70.81928,30832
2267,rzdebskiy,3,0.00973,21838,70.82901,30832
2268,sachingupta771,3,0.00973,21841,70.83874,30832
2269,Sakoes,3,0.00973,21844,70.84847,30832
2270,saksonikEgor,3,0.00973,21847,70.85820,30832
2271,salih-ozdemir,3,0.00973,21850,70.86793,30832
2272,sam-burrell,3,0.00973,21853,70.87766,30832
2273,samuelteixeiras,3,0.00973,21856,70.88739,30832
2274,sandeepB3,3,0.00973,21859,70.89712,30832
2275,sandipantech,3,0.00973,21862,70.90685,30832
2276,sathakatheef,3,0.00973,21865,70.91658,30832
2277,sati-max,3,0.00973,21868,70.92631,30832
2278,saturn4er,3,0.00973,21871,70.93604,30832
2279,saurabhjangir,3,0.00973,21874,70.94577,30832
2280,sbancal,3,0.00973,21877,70.95550,30832
2281,scharwaechter,3,0.00973,21880,70.96523,30832
2282,schustersv,3,0.00973,21883,70.97496,30832
2283,seanpburke,3,0.00973,21886,70.98469,30832
2284,Sefi4,3,0.00973,21889,70.99442,30832
2285,Seokyun-Ha,3,0.00973,21892,71.00415,30832
2286,serban-nicusor-toptal,3,0.00973,21895,71.01388,30832
2287,serhatataman,3,0.00973,21898,71.02361,30832
2288,sfahadrizvi,3,0.00973,21901,71.03334,30832
2289,sfrolich,3,0.00973,21904,71.04307,30832
2290,sg126,3,0.00973,21907,71.05280,30832
2291,sgentry,3,0.00973,21910,71.06253,30832
2292,sghiocel,3,0.00973,21913,71.07226,30832
2293,sh00ki,3,0.00973,21916,71.08199,30832
2294,shadowfacts,3,0.00973,21919,71.09172,30832
2295,ShadowUser17,3,0.00973,21922,71.10145,30832
2296,shadygrove,3,0.00973,21925,71.11118,30832
2297,shagil-meesho,3,0.00973,21928,71.12091,30832
2298,shantdashjian,3,0.00973,21931,71.13064,30832
2299,shashankvivek,3,0.00973,21934,71.14037,30832
2300,ShawkyZ,3,0.00973,21937,71.15010,30832
2301,ShayYannay,3,0.00973,21940,71.15983,30832
2302,shivsrivastava,3,0.00973,21943,71.16956,30832
2303,shoelzle,3,0.00973,21946,71.17929,30832
2304,shreekanthDev,3,0.00973,21949,71.18902,30832
2305,Shreshta24,3,0.00973,21952,71.19875,30832
2306,shubhajyoti-bagchi-groww,3,0.00973,21955,71.20848,30832
2307,shukurew,3,0.00973,21958,71.21821,30832
2308,shweshi,3,0.00973,21961,71.22794,30832
2309,shwetha-97,3,0.00973,21964,71.23768,30832
2310,siawkz,3,0.00973,21967,71.24741,30832
2311,Sic9527,3,0.00973,21970,71.25714,30832
2312,sidfeiner,3,0.00973,21973,71.26687,30832
2313,sighupper,3,0.00973,21976,71.27660,30832
2314,SimonBerens,3,0.00973,21979,71.28633,30832
2315,simonbjorzen-ts,3,0.00973,21982,71.29606,30832
2316,simonyerro,3,0.00973,21985,71.30579,30832
2317,singamL887,3,0.00973,21988,71.31552,30832
2318,sircompo,3,0.00973,21991,71.32525,30832
2319,skarnet,3,0.00973,21994,71.33498,30832
2320,Skotar,3,0.00973,21997,71.34471,30832
2321,Skyppid,3,0.00973,22000,71.35444,30832
2322,slambrose,3,0.00973,22003,71.36417,30832
2323,SlavomirDurta,3,0.00973,22006,71.37390,30832
2324,s-ledyakhov,3,0.00973,22009,71.38363,30832
2325,sleiken,3,0.00973,22012,71.39336,30832
2326,slim-oss-sa,3,0.00973,22015,71.40309,30832
2327,smerfy,3,0.00973,22018,71.41282,30832
2328,Snoopy666,3,0.00973,22021,71.42255,30832
2329,snowhanse,3,0.00973,22024,71.43228,30832
2330,sohgaura,3,0.00973,22027,71.44201,30832
2331,sourabhsinghs,3,0.00973,22030,71.45174,30832
2332,sprehn-ero,3,0.00973,22033,71.46147,30832
2333,srs-adamr,3,0.00973,22036,71.47120,30832
2334,stefano-arre,3,0.00973,22039,71.48093,30832
2335,stef-nat,3,0.00973,22042,71.49066,30832
2336,stephaniemanning,3,0.00973,22045,71.50039,30832
2337,stephenWebComm,3,0.00973,22048,71.51012,30832
2338,steve-261370,3,0.00973,22051,71.51985,30832
2339,Steve973,3,0.00973,22054,71.52958,30832
2340,Style5000,3,0.00973,22057,71.53931,30832
2341,subhashgehlot,3,0.00973,22060,71.54904,30832
2342,sudheesh-87,3,0.00973,22063,71.55877,30832
2343,sudowoodo200,3,0.00973,22066,71.56850,30832
2344,Sufflope,3,0.00973,22069,71.57823,30832
2345,sujan46,3,0.00973,22072,71.58796,30832
2346,suminhong,3,0.00973,22075,71.59769,30832
2347,SunilKumarhsdev,3,0.00973,22078,71.60742,30832
2348,swasenius,3,0.00973,22081,71.61715,30832
2349,swzaaaaaaa,3,0.00973,22084,71.62688,30832
2350,Syed-Shahidh-Ilhan,3,0.00973,22087,71.63661,30832
2351,szymi-,3,0.00973,22090,71.64634,30832
2352,taabrcr,3,0.00973,22093,71.65607,30832
2353,tainnsre,3,0.00973,22096,71.66580,30832
2354,TalLerner,3,0.00973,22099,71.67553,30832
2355,TamasTaraszovics,3,0.00973,22102,71.68526,30832
2356,Tanay-Verma,3,0.00973,22105,71.69499,30832
2357,tang-mouren,3,0.00973,22108,71.70472,30832
2358,tannal,3,0.00973,22111,71.71445,30832
2359,tareknaser,3,0.00973,22114,71.72418,30832
2360,tarsojabbes,3,0.00973,22117,71.73391,30832
2361,taru-j-a-i-n,3,0.00973,22120,71.74364,30832
2362,tarunkalra7,3,0.00973,22123,71.75337,30832
2363,tayyab-ilyas,3,0.00973,22126,71.76310,30832
2364,TazTheManiac,3,0.00973,22129,71.77283,30832
2365,td-macompta,3,0.00973,22132,71.78256,30832
2366,teije01,3,0.00973,22135,71.79229,30832
2367,tekert,3,0.00973,22138,71.80202,30832
2368,terrchen,3,0.00973,22141,71.81175,30832
2369,thanasiskoumpouras,3,0.00973,22144,71.82148,30832
2370,thecmdradama,3,0.00973,22147,71.83121,30832
2371,TheNewJavaman,3,0.00973,22150,71.84094,30832
2372,TheTerrasque,3,0.00973,22153,71.85067,30832
2373,thiagomata,3,0.00973,22156,71.86040,30832
2374,thiagowfx,3,0.00973,22159,71.87013,30832
2375,ThomasBurgess2000,3,0.00973,22162,71.87987,30832
2376,thomaswm2014,3,0.00973,22165,71.88960,30832
2377,Threes333,3,0.00973,22168,71.89933,30832
2378,thunderbird86,3,0.00973,22171,71.90906,30832
2379,thyrasel,3,0.00973,22174,71.91879,30832
2380,tiagodolphine,3,0.00973,22177,71.92852,30832
2381,tienhuynh17,3,0.00973,22180,71.93825,30832
2382,timhuebener,3,0.00973,22183,71.94798,30832
2383,timothyfroehlich,3,0.00973,22186,71.95771,30832
2384,tim-werner,3,0.00973,22189,71.96744,30832
2385,tiwaprat,3,0.00973,22192,71.97717,30832
2386,tmulkern,3,0.00973,22195,71.98690,30832
2387,toah-nc,3,0.00973,22198,71.99663,30832
2388,Tobeje,3,0.00973,22201,72.00636,30832
2389,tobiasjongen,3,0.00973,22204,72.01609,30832
2390,toby-w,3,0.00973,22207,72.02582,30832
2391,TomasPhilippart,3,0.00973,22210,72.03555,30832
2392,tomas-sve,3,0.00973,22213,72.04528,30832
2393,tomsfernandez,3,0.00973,22216,72.05501,30832
2394,tonyay163,3,0.00973,22219,72.06474,30832
2395,tonylturner,3,0.00973,22222,72.07447,30832
2396,topherli,3,0.00973,22225,72.08420,30832
2397,tparsa,3,0.00973,22228,72.09393,30832
2398,trefzer,3,0.00973,22231,72.10366,30832
2399,tristantarrant,3,0.00973,22234,72.11339,30832
2400,ttutko,3,0.00973,22237,72.12312,30832
2401,TuxMK,3,0.00973,22240,72.13285,30832
2402,tvandinther,3,0.00973,22243,72.14258,30832
2403,txbxxx,3,0.00973,22246,72.15231,30832
2404,ujjwal-sophos,3,0.00973,22249,72.16204,30832
2405,ukp9,3,0.00973,22252,72.17177,30832
2406,uli-f,3,0.00973,22255,72.18150,30832
2407,uniglot,3,0.00973,22258,72.19123,30832
2408,up-wei,3,0.00973,22261,72.20096,30832
2409,urytururur,3,0.00973,22264,72.21069,30832
2410,userxiaosi,3,0.00973,22267,72.22042,30832
2411,V-aerus,3,0.00973,22270,72.23015,30832
2412,varad-ahirwadkar,3,0.00973,22273,72.23988,30832
2413,vasudevbannaravuri,3,0.00973,22276,72.24961,30832
2414,vegaoqiang,3,0.00973,22279,72.25934,30832
2415,Venkatesh1505,3,0.00973,22282,72.26907,30832
2416,VenkateshGangitla05,3,0.00973,22285,72.27880,30832
2417,vgutkovsk,3,0.00973,22288,72.28853,30832
2418,victorcisternas,3,0.00973,22291,72.29826,30832
2419,VietND96,3,0.00973,22294,72.30799,30832
2420,vignesh-vicky-tech,3,0.00973,22297,72.31772,30832
2421,Viktor3434,3,0.00973,22300,72.32745,30832
2422,vini-intenseye,3,0.00973,22303,72.33718,30832
2423,vinrepos,3,0.00973,22306,72.34691,30832
2424,virtualandy,3,0.00973,22309,72.35664,30832
2425,vishr,3,0.00973,22312,72.36637,30832
2426,vishvajit79,3,0.00973,22315,72.37610,30832
2427,VivekSheshadari,3,0.00973,22318,72.38583,30832
2428,VJ1313,3,0.00973,22321,72.39556,30832
2429,vladimirblahoz,3,0.00973,22324,72.40529,30832
2430,vmw-web,3,0.00973,22327,72.41502,30832
2431,vs-dsva,3,0.00973,22330,72.42475,30832
2432,vunnamkowsik,3,0.00973,22333,72.43448,30832
2433,vuong1564,3,0.00973,22336,72.44421,30832
2434,vvardhan14,3,0.00973,22339,72.45394,30832
2435,WBurggraaf,3,0.00973,22342,72.46367,30832
2436,WeichengWang1,3,0.00973,22345,72.47340,30832
2437,welldonexing,3,0.00973,22348,72.48313,30832
2438,wgeeker,3,0.00973,22351,72.49286,30832
2439,wieldes,3,0.00973,22354,72.50259,30832
2440,williamburgson,3,0.00973,22357,72.51232,30832
2441,WillPilgrim,3,0.00973,22360,72.52206,30832
2442,wugenshui,3,0.00973,22363,72.53179,30832
2443,X5207,3,0.00973,22366,72.54152,30832
2444,xcloudscript,3,0.00973,22369,72.55125,30832
2445,xdobiasl,3,0.00973,22372,72.56098,30832
2446,Xiaolei1091058519,3,0.00973,22375,72.57071,30832
2447,xzptofu,3,0.00973,22378,72.58044,30832
2448,yahalomimaor,3,0.00973,22381,72.59017,30832
2449,YanivKunda,3,0.00973,22384,72.59990,30832
2450,yashwanth-bit,3,0.00973,22387,72.60963,30832
2451,Yasuhiro-Matsuda04,3,0.00973,22390,72.61936,30832
2452,YatinGupta777,3,0.00973,22393,72.62909,30832
2453,yliu138repo,3,0.00973,22396,72.63882,30832
2454,ymaki,3,0.00973,22399,72.64855,30832
2455,young-hun-jo,3,0.00973,22402,72.65828,30832
2456,yoyoyo-yo,3,0.00973,22405,72.66801,30832
2457,yuezhu1,3,0.00973,22408,72.67774,30832
2458,yulei1990,3,0.00973,22411,72.68747,30832
2459,yunzinan,3,0.00973,22414,72.69720,30832
2460,yurivenancio30,3,0.00973,22417,72.70693,30832
2461,yxf088,3,0.00973,22420,72.71666,30832
2462,z1ens,3,0.00973,22423,72.72639,30832
2463,zachbugay,3,0.00973,22426,72.73612,30832
2464,zakkak,3,0.00973,22429,72.74585,30832
2465,zcding4812,3,0.00973,22432,72.75558,30832
2466,zewenying,3,0.00973,22435,72.76531,30832
2467,zhanghui-china,3,0.00973,22438,72.77504,30832
2468,zhangmeng011,3,0.00973,22441,72.78477,30832
2469,zhibin-fang,3,0.00973,22444,72.79450,30832
2470,zhsung,3,0.00973,22447,72.80423,30832
2471,ziolekjj,3,0.00973,22450,72.81396,30832
2472,ziyunxiao,3,0.00973,22453,72.82369,30832
2473,zkdan,3,0.00973,22456,72.83342,30832
2474,zmberber,3,0.00973,22459,72.84315,30832
2475,ZRJ026,3,0.00973,22462,72.85288,30832
2476,zsmithCFA,3,0.00973,22465,72.86261,30832
2477,zsolt-marta-bitrise,3,0.00973,22468,72.87234,30832
2478,zuiyue-com,3,0.00973,22471,72.88207,30832
2479,zxystart,3,0.00973,22474,72.89180,30832
2480,zyz-1998,3,0.00973,22477,72.90153,30832
2481,0xalex88,2,0.00649,22479,72.90802,30832
2482,10-Kirito,2,0.00649,22481,72.91450,30832
2483,151706061,2,0.00649,22483,72.92099,30832
2484,211220156,2,0.00649,22485,72.92748,30832
2485,211820252,2,0.00649,22487,72.93396,30832
2486,23danielsuh,2,0.00649,22489,72.94045,30832
2487,31KM,2,0.00649,22491,72.94694,30832
2488,3coma3,2,0.00649,22493,72.95343,30832
2489,3-commerce,2,0.00649,22495,72.95991,30832
2490,47295743,2,0.00649,22497,72.96640,30832
2491,48656c6c6f,2,0.00649,22499,72.97289,30832
2492,4geru,2,0.00649,22501,72.97937,30832
2493,4str4not,2,0.00649,22503,72.98586,30832
2494,80rian,2,0.00649,22505,72.99235,30832
2495,90er,2,0.00649,22507,72.99883,30832
2496,A07110517,2,0.00649,22509,73.00532,30832
2497,a0js,2,0.00649,22511,73.01181,30832
2498,aa-2017,2,0.00649,22513,73.01829,30832
2499,aalonsolopez,2,0.00649,22515,73.02478,30832
2500,aarongershmanmc,2,0.00649,22517,73.03127,30832
2501,AayushiJaiswal,2,0.00649,22519,73.03775,30832
2502,abhaymathur21,2,0.00649,22521,73.04424,30832
2503,achristianson,2,0.00649,22523,73.05073,30832
2504,ac-miller,2,0.00649,22525,73.05721,30832
2505,adanecki,2,0.00649,22527,73.06370,30832
2506,adhi833,2,0.00649,22529,73.07019,30832
2507,adil-ahorger,2,0.00649,22531,73.07667,30832
2508,Adri99x,2,0.00649,22533,73.08316,30832
2509,adrian-moisa,2,0.00649,22535,73.08965,30832
2510,adrienndikumana,2,0.00649,22537,73.09613,30832
2511,Aegon95,2,0.00649,22539,73.10262,30832
2512,afan0918,2,0.00649,22541,73.10911,30832
2513,agbaroni,2,0.00649,22543,73.11559,30832
2514,AGCWH666,2,0.00649,22545,73.12208,30832
2515,agewagra,2,0.00649,22547,73.12857,30832
2516,agifei53,2,0.00649,22549,73.13505,30832
2517,agnut92,2,0.00649,22551,73.14154,30832
2518,agrondemiraj,2,0.00649,22553,73.14803,30832
2519,Aguna78,2,0.00649,22555,73.15451,30832
2520,aguzmans,2,0.00649,22557,73.16100,30832
2521,agwidarsito,2,0.00649,22559,73.16749,30832
2522,ahd3r,2,0.00649,22561,73.17398,30832
2523,ahmadalkhansa,2,0.00649,22563,73.18046,30832
2524,ahmedfarouk1414,2,0.00649,22565,73.18695,30832
2525,ahululu,2,0.00649,22567,73.19344,30832
2526,aisunyongjie,2,0.00649,22569,73.19992,30832
2527,AjayKumar5000,2,0.00649,22571,73.20641,30832
2528,ajlive,2,0.00649,22573,73.21290,30832
2529,ajoy39,2,0.00649,22575,73.21938,30832
2530,ajstewart,2,0.00649,22577,73.22587,30832
2531,akagaeng,2,0.00649,22579,73.23236,30832
2532,akalinux,2,0.00649,22581,73.23884,30832
2533,akaliwod,2,0.00649,22583,73.24533,30832
2534,Akanksha-kedia,2,0.00649,22585,73.25182,30832
2535,akdokumaci,2,0.00649,22587,73.25830,30832
2536,Akhmarzhan,2,0.00649,22589,73.26479,30832
2537,akienz,2,0.00649,22591,73.27128,30832
2538,akirose,2,0.00649,22593,73.27776,30832
2539,akirtanabe,2,0.00649,22595,73.28425,30832
2540,Akrammousselmal,2,0.00649,22597,73.29074,30832
2541,akshaya-a,2,0.00649,22599,73.29722,30832
2542,alagukannan,2,0.00649,22601,73.30371,30832
2543,alaricljs,2,0.00649,22603,73.31020,30832
2544,ALBayrouni,2,0.00649,22605,73.31668,30832
2545,alejandro-ripoll,2,0.00649,22607,73.32317,30832
2546,alekseipalshin,2,0.00649,22609,73.32966,30832
2547,aleksey-masl,2,0.00649,22611,73.33614,30832
2548,alelevinas,2,0.00649,22613,73.34263,30832
2549,alemr-roo,2,0.00649,22615,73.34912,30832
2550,aleung2021,2,0.00649,22617,73.35560,30832
2551,alexanderblnf,2,0.00649,22619,73.36209,30832
2552,AlexanderMelde,2,0.00649,22621,73.36858,30832
2553,alexandervidyaev,2,0.00649,22623,73.37506,30832
2554,Alexander-Volk,2,0.00649,22625,73.38155,30832
2555,AlexandreCassagne,2,0.00649,22627,73.38804,30832
2556,alexfalkowski,2,0.00649,22629,73.39453,30832
2557,alexflorezr,2,0.00649,22631,73.40101,30832
2558,alexhall,2,0.00649,22633,73.40750,30832
2559,Alex-Kil,2,0.00649,22635,73.41399,30832
2560,AlexZhao,2,0.00649,22637,73.42047,30832
2561,alheio,2,0.00649,22639,73.42696,30832
2562,AliaksandrRyzhou,2,0.00649,22641,73.43345,30832
2563,Alisher-Nabiev,2,0.00649,22643,73.43993,30832
2564,Almas222,2,0.00649,22645,73.44642,30832
2565,alplunge,2,0.00649,22647,73.45291,30832
2566,amarion35,2,0.00649,22649,73.45939,30832
2567,amasolov,2,0.00649,22651,73.46588,30832
2568,amirhnajafiz,2,0.00649,22653,73.47237,30832
2569,amitmantha,2,0.00649,22655,73.47885,30832
2570,amixyas,2,0.00649,22657,73.48534,30832
2571,ammarhaiderak,2,0.00649,22659,73.49183,30832
2572,amrutha2692,2,0.00649,22661,73.49831,30832
2573,amsuggs37,2,0.00649,22663,73.50480,30832
2574,Amutha14,2,0.00649,22665,73.51129,30832
2575,anakineo,2,0.00649,22667,73.51777,30832
2576,AnakinFoxe,2,0.00649,22669,73.52426,30832
2577,ananth-sabhapathi,2,0.00649,22671,73.53075,30832
2578,andogq,2,0.00649,22673,73.53723,30832
2579,andrask,2,0.00649,22675,73.54372,30832
2580,AndrasSandor,2,0.00649,22677,73.55021,30832
2581,andreapigatto,2,0.00649,22679,73.55669,30832
2582,andreev-io,2,0.00649,22681,73.56318,30832
2583,andrewfung729,2,0.00649,22683,73.56967,30832
2584,andrewjeffree,2,0.00649,22685,73.57615,30832
2585,andrewtate51225,2,0.00649,22687,73.58264,30832
2586,andriiholubenko,2,0.00649,22689,73.58913,30832
2587,andrii-roche,2,0.00649,22691,73.59561,30832
2588,andrusha19,2,0.00649,22693,73.60210,30832
2589,andynugent,2,0.00649,22695,73.60859,30832
2590,angelo-ebay,2,0.00649,22697,73.61508,30832
2591,AnilKumar107,2,0.00649,22699,73.62156,30832
2592,aniro-s,2,0.00649,22701,73.62805,30832
2593,ankit-groverDevops,2,0.00649,22703,73.63454,30832
2594,an-mmx,2,0.00649,22705,73.64102,30832
2595,annaelizabeth2019,2,0.00649,22707,73.64751,30832
2596,anna-slapik,2,0.00649,22709,73.65400,30832
2597,anoopknayak,2,0.00649,22711,73.66048,30832
2598,AnqiLi6,2,0.00649,22713,73.66697,30832
2599,anton264,2,0.00649,22715,73.67346,30832
2600,Anton3,2,0.00649,22717,73.67994,30832
2601,antonbezr,2,0.00649,22719,73.68643,30832
2602,AntWDev,2,0.00649,22721,73.69292,30832
2603,anubshar1,2,0.00649,22723,73.69940,30832
2604,anujamerwade,2,0.00649,22725,73.70589,30832
2605,anuroop08,2,0.00649,22727,73.71238,30832
2606,Aoang,2,0.00649,22729,73.71886,30832
2607,apach301,2,0.00649,22731,73.72535,30832
2608,apischan,2,0.00649,22733,73.73184,30832
2609,Apricity001,2,0.00649,22735,73.73832,30832
2610,Apsu,2,0.00649,22737,73.74481,30832
2611,arches-richard,2,0.00649,22739,73.75130,30832
2612,arjunchatla88,2,0.00649,22741,73.75778,30832
2613,arjun-mw,2,0.00649,22743,73.76427,30832
2614,artakmkr,2,0.00649,22745,73.77076,30832
2615,artlogic,2,0.00649,22747,73.77724,30832
2616,arunmrm,2,0.00649,22749,73.78373,30832
2617,arunsmenon88,2,0.00649,22751,73.79022,30832
2618,arvind-choudhary-h,2,0.00649,22753,73.79670,30832
2619,arvind-das,2,0.00649,22755,73.80319,30832
2620,AryaMoghaddam,2,0.00649,22757,73.80968,30832
2621,AsakerMohd,2,0.00649,22759,73.81617,30832
2622,asand3r,2,0.00649,22761,73.82265,30832
2623,ashageetha,2,0.00649,22763,73.82914,30832
2624,ashertz-dev,2,0.00649,22765,73.83563,30832
2625,ashokyedluri,2,0.00649,22767,73.84211,30832
2626,AshtoshPandey,2,0.00649,22769,73.84860,30832
2627,asow25,2,0.00649,22771,73.85509,30832
2628,assert6,2,0.00649,22773,73.86157,30832
2629,astounds,2,0.00649,22775,73.86806,30832
2630,asuprabhat,2,0.00649,22777,73.87455,30832
2631,aTachanka,2,0.00649,22779,73.88103,30832
2632,Aubermean,2,0.00649,22781,73.88752,30832
2633,audioboxer217,2,0.00649,22783,73.89401,30832
2634,AuZhoomLee,2,0.00649,22785,73.90049,30832
2635,availhang,2,0.00649,22787,73.90698,30832
2636,avanschie,2,0.00649,22789,73.91347,30832
2637,avhb,2,0.00649,22791,73.91995,30832
2638,av-nextleap,2,0.00649,22793,73.92644,30832
2639,avritt-techx,2,0.00649,22795,73.93293,30832
2640,awoisoak,2,0.00649,22797,73.93941,30832
2641,awptechnologies,2,0.00649,22799,73.94590,30832
2642,axel584,2,0.00649,22801,73.95239,30832
2643,ayat-liberatelabs,2,0.00649,22803,73.95887,30832
2644,Azzore,2,0.00649,22805,73.96536,30832
2645,babenkoivan,2,0.00649,22807,73.97185,30832
2646,babli-coditas,2,0.00649,22809,73.97833,30832
2647,baburaoganpatrao049,2,0.00649,22811,73.98482,30832
2648,bachrilq,2,0.00649,22813,73.99131,30832
2649,baechul,2,0.00649,22815,73.99779,30832
2650,Baladuki,2,0.00649,22817,74.00428,30832
2651,balkarov,2,0.00649,22819,74.01077,30832
2652,bansalji02,2,0.00649,22821,74.01725,30832
2653,baole229801,2,0.00649,22823,74.02374,30832
2654,baptistebalmon,2,0.00649,22825,74.03023,30832
2655,bardabun,2,0.00649,22827,74.03672,30832
2656,barsilver,2,0.00649,22829,74.04320,30832
2657,bartekle,2,0.00649,22831,74.04969,30832
2658,basudevk,2,0.00649,22833,74.05618,30832
2659,batilak,2,0.00649,22835,74.06266,30832
2660,batrived,2,0.00649,22837,74.06915,30832
2661,bayareaunicorn,2,0.00649,22839,74.07564,30832
2662,bbaia,2,0.00649,22841,74.08212,30832
2663,bbenson29,2,0.00649,22843,74.08861,30832
2664,bburli,2,0.00649,22845,74.09510,30832
2665,bcmyers,2,0.00649,22847,74.10158,30832
2666,bcopy,2,0.00649,22849,74.10807,30832
2667,bd97it,2,0.00649,22851,74.11456,30832
2668,bdscarboro1,2,0.00649,22853,74.12104,30832
2669,Beachman4,2,0.00649,22855,74.12753,30832
2670,Ben-Avrahami,2,0.00649,22857,74.13402,30832
2671,BenedekKoncz,2,0.00649,22859,74.14050,30832
2672,bergjohan,2,0.00649,22861,74.14699,30832
2673,Bert-Proesmans,2,0.00649,22863,74.15348,30832
2674,beshears,2,0.00649,22865,74.15996,30832
2675,betamos,2,0.00649,22867,74.16645,30832
2676,bf1216,2,0.00649,22869,74.17294,30832
2677,bford-evs,2,0.00649,22871,74.17942,30832
2678,bhanotjyoti,2,0.00649,22873,74.18591,30832
2679,bhanupisupati,2,0.00649,22875,74.19240,30832
2680,bharathvrajan,2,0.00649,22877,74.19888,30832
2681,bhaskersri,2,0.00649,22879,74.20537,30832
2682,Bhavana5N,2,0.00649,22881,74.21186,30832
2683,BhavyaBh289,2,0.00649,22883,74.21834,30832
2684,bhrzamirzadeh,2,0.00649,22885,74.22483,30832
2685,Bikash-Debnath,2,0.00649,22887,74.23132,30832
2686,bingfengfeifei,2,0.00649,22889,74.23780,30832
2687,bishengliu7,2,0.00649,22891,74.24429,30832
2688,bjdijk,2,0.00649,22893,74.25078,30832
2689,bk201-,2,0.00649,22895,74.25727,30832
2690,b-lancaster,2,0.00649,22897,74.26375,30832
2691,blez,2,0.00649,22899,74.27024,30832
2692,blm768,2,0.00649,22901,74.27673,30832
2693,bnetzi,2,0.00649,22903,74.28321,30832
2694,bnovick,2,0.00649,22905,74.28970,30832
2695,bonnis,2,0.00649,22907,74.29619,30832
2696,booshi444,2,0.00649,22909,74.30267,30832
2697,Boston-of-Gilead,2,0.00649,22911,74.30916,30832
2698,boxoky,2,0.00649,22913,74.31565,30832
2699,bqbn,2,0.00649,22915,74.32213,30832
2700,Brain2life,2,0.00649,22917,74.32862,30832
2701,bramm98,2,0.00649,22919,74.33511,30832
2702,brandt84828,2,0.00649,22921,74.34159,30832
2703,BrennerSpear,2,0.00649,22923,74.34808,30832
2704,brianmoran,2,0.00649,22925,74.35457,30832
2705,brianw-0,2,0.00649,22927,74.36105,30832
2706,brnn8r,2,0.00649,22929,74.36754,30832
2707,bronevet-abc,2,0.00649,22931,74.37403,30832
2708,brummer-simon,2,0.00649,22933,74.38051,30832
2709,brunoAge,2,0.00649,22935,74.38700,30832
2710,brunoluizkatz,2,0.00649,22937,74.39349,30832
2711,BrunoSampaioDTx,2,0.00649,22939,74.39997,30832
2712,bryceadams1,2,0.00649,22941,74.40646,30832
2713,bsadowy-dbschenker,2,0.00649,22943,74.41295,30832
2714,bsdero,2,0.00649,22945,74.41943,30832
2715,buntyrathod,2,0.00649,22947,74.42592,30832
2716,bvnarayan,2,0.00649,22949,74.43241,30832
2717,byambadorjp,2,0.00649,22951,74.43889,30832
2718,byates-fleetian,2,0.00649,22953,74.44538,30832
2719,c00ley,2,0.00649,22955,74.45187,30832
2720,ca-hu,2,0.00649,22957,74.45835,30832
2721,Callum-A,2,0.00649,22959,74.46484,30832
2722,camillof,2,0.00649,22961,74.47133,30832
2723,candymate,2,0.00649,22963,74.47782,30832
2724,canon-cmre-steve-magness,2,0.00649,22965,74.48430,30832
2725,captainswain,2,0.00649,22967,74.49079,30832
2726,Carl-Elastisys,2,0.00649,22969,74.49728,30832
2727,carlmagnusholmstrom-tomtom,2,0.00649,22971,74.50376,30832
2728,carloshdezbueno,2,0.00649,22973,74.51025,30832
2729,Cbeck527,2,0.00649,22975,74.51674,30832
2730,cboltz,2,0.00649,22977,74.52322,30832
2731,Cchen-77,2,0.00649,22979,74.52971,30832
2732,cclim123,2,0.00649,22981,74.53620,30832
2733,cdallaire81,2,0.00649,22983,74.54268,30832
2734,cdg-Charter,2,0.00649,22985,74.54917,30832
2735,cdgjzzy,2,0.00649,22987,74.55566,30832
2736,cfsnate,2,0.00649,22989,74.56214,30832
2737,CGA1123,2,0.00649,22991,74.56863,30832
2738,cgalmarini,2,0.00649,22993,74.57512,30832
2739,cgonzalez1310,2,0.00649,22995,74.58160,30832
2740,chaabaney,2,0.00649,22997,74.58809,30832
2741,chahatjaink,2,0.00649,22999,74.59458,30832
2742,changzee,2,0.00649,23001,74.60106,30832
2743,chasecadet,2,0.00649,23003,74.60755,30832
2744,chawco,2,0.00649,23005,74.61404,30832
2745,chenm0520,2,0.00649,23007,74.62052,30832
2746,chenpeicheng3804,2,0.00649,23009,74.62701,30832
2747,chenqinhao0815,2,0.00649,23011,74.63350,30832
2748,chenquzhao,2,0.00649,23013,74.63998,30832
2749,Chhhhhi,2,0.00649,23015,74.64647,30832
2750,chipnesh,2,0.00649,23017,74.65296,30832
2751,Chonghaolong,2,0.00649,23019,74.65944,30832
2752,chri4774,2,0.00649,23021,74.66593,30832
2753,chriske,2,0.00649,23023,74.67242,30832
2754,Chris-Lee-Ca,2,0.00649,23025,74.67891,30832
2755,christianjedroCDT,2,0.00649,23027,74.68539,30832
2756,ChristofferNissen,2,0.00649,23029,74.69188,30832
2757,ChristopheBrown,2,0.00649,23031,74.69837,30832
2758,chrisyxlee,2,0.00649,23033,74.70485,30832
2759,chuot803,2,0.00649,23035,74.71134,30832
2760,churrascats,2,0.00649,23037,74.71783,30832
2761,cifer-ai,2,0.00649,23039,74.72431,30832
2762,cintolas,2,0.00649,23041,74.73080,30832
2763,cizra,2,0.00649,23043,74.73729,30832
2764,cjohannsen81,2,0.00649,23045,74.74377,30832
2765,CKnoppas,2,0.00649,23047,74.75026,30832
2766,clach04,2,0.00649,23049,74.75675,30832
2767,claytonvaughan,2,0.00649,23051,74.76323,30832
2768,Clement-Stauner,2,0.00649,23053,74.76972,30832
2769,cloudbadmin,2,0.00649,23055,74.77621,30832
2770,cloudxabide,2,0.00649,23057,74.78269,30832
2771,cnCloXie,2,0.00649,23059,74.78918,30832
2772,cn-kali-team,2,0.00649,23061,74.79567,30832
2773,coastaldemigod,2,0.00649,23063,74.80215,30832
2774,CodeGetters,2,0.00649,23065,74.80864,30832
2775,CodeNameNinja,2,0.00649,23067,74.81513,30832
2776,contramundum53,2,0.00649,23069,74.82161,30832
2777,coord-e,2,0.00649,23071,74.82810,30832
2778,covert8,2,0.00649,23073,74.83459,30832
2779,cparis,2,0.00649,23075,74.84107,30832
2780,craighurt,2,0.00649,23077,74.84756,30832
2781,CSCSX,2,0.00649,23079,74.85405,30832
2782,csyyy106,2,0.00649,23081,74.86053,30832
2783,ctxch,2,0.00649,23083,74.86702,30832
2784,CVIVIER,2,0.00649,23085,74.87351,30832
2785,cwelch-rh,2,0.00649,23087,74.87999,30832
2786,cxelm,2,0.00649,23089,74.88648,30832
2787,Cyprinus12138,2,0.00649,23091,74.89297,30832
2788,czavieh,2,0.00649,23093,74.89946,30832
2789,cz-cube,2,0.00649,23095,74.90594,30832
2790,d7d1cd,2,0.00649,23097,74.91243,30832
2791,DA-23,2,0.00649,23099,74.91892,30832
2792,dalejo96,2,0.00649,23101,74.92540,30832
2793,damir1407,2,0.00649,23103,74.93189,30832
2794,daniadamatti,2,0.00649,23105,74.93838,30832
2795,DaniduWijendra,2,0.00649,23107,74.94486,30832
2796,danielpersonius,2,0.00649,23109,74.95135,30832
2797,daniel-y,2,0.00649,23111,74.95784,30832
2798,darktohka,2,0.00649,23113,74.96432,30832
2799,darshanip,2,0.00649,23115,74.97081,30832
2800,dartagnanli,2,0.00649,23117,74.97730,30832
2801,dasari008,2,0.00649,23119,74.98378,30832
2802,dasumner,2,0.00649,23121,74.99027,30832
2803,Daudkhan1,2,0.00649,23123,74.99676,30832
2804,DavidGamba,2,0.00649,23125,75.00324,30832
2805,davidhrbac,2,0.00649,23127,75.00973,30832
2806,dawid10353,2,0.00649,23129,75.01622,30832
2807,dawnsmile,2,0.00649,23131,75.02270,30832
2808,dbreyfogle,2,0.00649,23133,75.02919,30832
2809,DButter,2,0.00649,23135,75.03568,30832
2810,ddundi0,2,0.00649,23137,75.04216,30832
2811,DeadLoss1801,2,0.00649,23139,75.04865,30832
2812,DeepakOhol,2,0.00649,23141,75.05514,30832
2813,deepakzac,2,0.00649,23143,75.06162,30832
2814,def,2,0.00649,23145,75.06811,30832
2815,Delysid,2,0.00649,23147,75.07460,30832
2816,demoray,2,0.00649,23149,75.08108,30832
2817,demoth,2,0.00649,23151,75.08757,30832
2818,dempo93,2,0.00649,23153,75.09406,30832
2819,den-crane,2,0.00649,23155,75.10054,30832
2820,denis1skr,2,0.00649,23157,75.10703,30832
2821,DenizY98,2,0.00649,23159,75.11352,30832
2822,dennis-jekubczyk,2,0.00649,23161,75.12001,30832
2823,DenuxPlays,2,0.00649,23163,75.12649,30832
2824,DevangCoder,2,0.00649,23165,75.13298,30832
2825,DevBey,2,0.00649,23167,75.13947,30832
2826,dev-goyal,2,0.00649,23169,75.14595,30832
2827,devleejb,2,0.00649,23171,75.15244,30832
2828,dev-sap,2,0.00649,23173,75.15893,30832
2829,DevSecOps-Isotrol,2,0.00649,23175,75.16541,30832
2830,dhaugli,2,0.00649,23177,75.17190,30832
2831,dhereish,2,0.00649,23179,75.17839,30832
2832,dhinus,2,0.00649,23181,75.18487,30832
2833,dhuseby,2,0.00649,23183,75.19136,30832
2834,dianaarnos,2,0.00649,23185,75.19785,30832
2835,Dicked1211,2,0.00649,23187,75.20433,30832
2836,diegocarrillo,2,0.00649,23189,75.21082,30832
2837,dievskiy,2,0.00649,23191,75.21731,30832
2838,dimaKudr,2,0.00649,23193,75.22379,30832
2839,DineshSolanki,2,0.00649,23195,75.23028,30832
2840,dionisiemoscalu,2,0.00649,23197,75.23677,30832
2841,dkelim1,2,0.00649,23199,75.24325,30832
2842,Dkrkr,2,0.00649,23201,75.24974,30832
2843,dlinkov-roblox,2,0.00649,23203,75.25623,30832
2844,dmitriadn,2,0.00649,23205,75.26271,30832
2845,dmitriy-kharchenko,2,0.00649,23207,75.26920,30832
2846,dnapier,2,0.00649,23209,75.27569,30832
2847,doddisam,2,0.00649,23211,75.28217,30832
2848,dominik-dezordo-vc,2,0.00649,23213,75.28866,30832
2849,donald-cheung,2,0.00649,23215,75.29515,30832
2850,donch1989,2,0.00649,23217,75.30163,30832
2851,DonghaopengZhu,2,0.00649,23219,75.30812,30832
2852,dongminlee94,2,0.00649,23221,75.31461,30832
2853,Don-James-shrinp,2,0.00649,23223,75.32109,30832
2854,doronkg,2,0.00649,23225,75.32758,30832
2855,douglasqsantos,2,0.00649,23227,75.33407,30832
2856,dozer1412131,2,0.00649,23229,75.34056,30832
2857,drag0n141,2,0.00649,23231,75.34704,30832
2858,drewftw,2,0.00649,23233,75.35353,30832
2859,DrHackschnitzel,2,0.00649,23235,75.36002,30832
2860,DrMagPie,2,0.00649,23237,75.36650,30832
2861,drolfes,2,0.00649,23239,75.37299,30832
2862,dshyryayev,2,0.00649,23241,75.37948,30832
2863,ducnm0711,2,0.00649,23243,75.38596,30832
2864,Durgakanna,2,0.00649,23245,75.39245,30832
2865,DustinHrt,2,0.00649,23247,75.39894,30832
2866,DVVolkov,2,0.00649,23249,75.40542,30832
2867,dwrolvink,2,0.00649,23251,75.41191,30832
2868,Earlopain,2,0.00649,23253,75.41840,30832
2869,eblindeman,2,0.00649,23255,75.42488,30832
2870,echyam,2,0.00649,23257,75.43137,30832
2871,edcrewe,2,0.00649,23259,75.43786,30832
2872,edenbarth,2,0.00649,23261,75.44434,30832
2873,edgarjariamobbiz,2,0.00649,23263,75.45083,30832
2874,editcriteria,2,0.00649,23265,75.45732,30832
2875,edmondbaloku,2,0.00649,23267,75.46380,30832
2876,egyptianbman,2,0.00649,23269,75.47029,30832
2877,ehaagh,2,0.00649,23271,75.47678,30832
2878,einheber-seed,2,0.00649,23273,75.48326,30832
2879,ekatamil,2,0.00649,23275,75.48975,30832
2880,elajkat,2,0.00649,23277,75.49624,30832
2881,elan-devops,2,0.00649,23279,75.50272,30832
2882,elasticspoon,2,0.00649,23281,75.50921,30832
2883,Eldeloto,2,0.00649,23283,75.51570,30832
2884,ellipsis-me,2,0.00649,23285,75.52218,30832
2885,ElRojo,2,0.00649,23287,75.52867,30832
2886,elsnepal,2,0.00649,23289,75.53516,30832
2887,em-,2,0.00649,23291,75.54165,30832
2888,emerchalegre,2,0.00649,23293,75.54813,30832
2889,emilefokkema,2,0.00649,23295,75.55462,30832
2890,emmawang2023,2,0.00649,23297,75.56111,30832
2891,Endrix1369,2,0.00649,23299,75.56759,30832
2892,enicolaescu,2,0.00649,23301,75.57408,30832
2893,enrico2828,2,0.00649,23303,75.58057,30832
2894,eparisca,2,0.00649,23305,75.58705,30832
2895,ErAnujPratap,2,0.00649,23307,75.59354,30832
2896,ericitaquera,2,0.00649,23309,75.60003,30832
2897,ericpfisher,2,0.00649,23311,75.60651,30832
2898,erikdahmen,2,0.00649,23313,75.61300,30832
2899,erindru,2,0.00649,23315,75.61949,30832
2900,erisnar,2,0.00649,23317,75.62597,30832
2901,Eroyi,2,0.00649,23319,75.63246,30832
2902,erwinkersten,2,0.00649,23321,75.63895,30832
2903,Estehsan,2,0.00649,23323,75.64543,30832
2904,etesami,2,0.00649,23325,75.65192,30832
2905,ethanwllms,2,0.00649,23327,75.65841,30832
2906,EthCel,2,0.00649,23329,75.66489,30832
2907,fabianboerner,2,0.00649,23331,75.67138,30832
2908,fabjanvucina,2,0.00649,23333,75.67787,30832
2909,fairooz18,2,0.00649,23335,75.68435,30832
2910,faisalron,2,0.00649,23337,75.69084,30832
2911,Farmville12,2,0.00649,23339,75.69733,30832
2912,fast-n-curious,2,0.00649,23341,75.70381,30832
2913,faurik,2,0.00649,23343,75.71030,30832
2914,fcj78,2,0.00649,23345,75.71679,30832
2915,fedir-indutnyi,2,0.00649,23347,75.72327,30832
2916,felipeneuwald,2,0.00649,23349,75.72976,30832
2917,FeNgkAIY,2,0.00649,23351,75.73625,30832
2918,Fenil-Patelll,2,0.00649,23353,75.74273,30832
2919,ferrucc-io,2,0.00649,23355,75.74922,30832
2920,FHLorup,2,0.00649,23357,75.75571,30832
2921,FibreFoX,2,0.00649,23359,75.76220,30832
2922,fikrapdso,2,0.00649,23361,75.76868,30832
2923,fileformat,2,0.00649,23363,75.77517,30832
2924,filipeseniw,2,0.00649,23365,75.78166,30832
2925,finaldie,2,0.00649,23367,75.78814,30832
2926,find3kan0,2,0.00649,23369,75.79463,30832
2927,firestonem,2,0.00649,23371,75.80112,30832
2928,FISHMANPET,2,0.00649,23373,75.80760,30832
2929,flavian-anselmo,2,0.00649,23375,75.81409,30832
2930,Flexicon,2,0.00649,23377,75.82058,30832
2931,fliepeltje,2,0.00649,23379,75.82706,30832
2932,flip111,2,0.00649,23381,75.83355,30832
2933,fliphess-tiqets,2,0.00649,23383,75.84004,30832
2934,flori,2,0.00649,23385,75.84652,30832
2935,FlowerBirds,2,0.00649,23387,75.85301,30832
2936,Floww,2,0.00649,23389,75.85950,30832
2937,fnikolai,2,0.00649,23391,75.86598,30832
2938,FoolyAndCooly,2,0.00649,23393,75.87247,30832
2939,footlegger,2,0.00649,23395,75.87896,30832
2940,foscvaiijz,2,0.00649,23397,75.88544,30832
2941,frademacher,2,0.00649,23399,75.89193,30832
2942,FrankFoerster24,2,0.00649,23401,75.89842,30832
2943,frederikhs,2,0.00649,23403,75.90490,30832
2944,fredyfredburger,2,0.00649,23405,75.91139,30832
2945,freeyoungstrong,2,0.00649,23407,75.91788,30832
2946,FrixSen,2,0.00649,23409,75.92436,30832
2947,frx08,2,0.00649,23411,75.93085,30832
2948,funArash,2,0.00649,23413,75.93734,30832
2949,furstenheim-goodnotes,2,0.00649,23415,75.94382,30832
2950,fvhan,2,0.00649,23417,75.95031,30832
2951,fvmiranda,2,0.00649,23419,75.95680,30832
2952,fw8899,2,0.00649,23421,75.96328,30832
2953,fwy-bhaidas,2,0.00649,23423,75.96977,30832
2954,fyrnaga,2,0.00649,23425,75.97626,30832
2955,g1franc,2,0.00649,23427,75.98275,30832
2956,gabrielb77,2,0.00649,23429,75.98923,30832
2957,gap2709,2,0.00649,23431,75.99572,30832
2958,garribas-atlassian,2,0.00649,23433,76.00221,30832
2959,gauravngandhi,2,0.00649,23435,76.00869,30832
2960,gbsingh1993,2,0.00649,23437,76.01518,30832
2961,gdlg,2,0.00649,23439,76.02167,30832
2962,geek0ps,2,0.00649,23441,76.02815,30832
2963,george2hu,2,0.00649,23443,76.03464,30832
2964,george-zubrienko,2,0.00649,23445,76.04113,30832
2965,germankuber,2,0.00649,23447,76.04761,30832
2966,ghorbani-ali,2,0.00649,23449,76.05410,30832
2967,giangnd1999,2,0.00649,23451,76.06059,30832
2968,giovanadanieles,2,0.00649,23453,76.06707,30832
2969,GitHaoLi,2,0.00649,23455,76.07356,30832
2970,githubeto,2,0.00649,23457,76.08005,30832
2971,gitterhitter,2,0.00649,23459,76.08653,30832
2972,gjm-anban,2,0.00649,23461,76.09302,30832
2973,gladwinz,2,0.00649,23463,76.09951,30832
2974,glemarivero,2,0.00649,23465,76.10599,30832
2975,gl-johnson,2,0.00649,23467,76.11248,30832
2976,globalundo,2,0.00649,23469,76.11897,30832
2977,gmcchessney,2,0.00649,23471,76.12545,30832
2978,gnilron,2,0.00649,23473,76.13194,30832
2979,gogo199432,2,0.00649,23475,76.13843,30832
2980,gogojlb,2,0.00649,23477,76.14491,30832
2981,golanglemonade,2,0.00649,23479,76.15140,30832
2982,goldenhand76,2,0.00649,23481,76.15789,30832
2983,golibali,2,0.00649,23483,76.16437,30832
2984,go-ma123,2,0.00649,23485,76.17086,30832
2985,gonchik,2,0.00649,23487,76.17735,30832
2986,GonzaloGuasch,2,0.00649,23489,76.18383,30832
2987,goodLuckForWorld,2,0.00649,23491,76.19032,30832
2988,Gopinath-31893,2,0.00649,23493,76.19681,30832
2989,gpomykala,2,0.00649,23495,76.20330,30832
2990,Graborg,2,0.00649,23497,76.20978,30832
2991,grandeon,2,0.00649,23499,76.21627,30832
2992,greenhsu123,2,0.00649,23501,76.22276,30832
2993,GreenieT87,2,0.00649,23503,76.22924,30832
2994,gseva,2,0.00649,23505,76.23573,30832
2995,GuillaumeRemyCSI,2,0.00649,23507,76.24222,30832
2996,gunjam,2,0.00649,23509,76.24870,30832
2997,guyarad,2,0.00649,23511,76.25519,30832
2998,GV-SAAKETH,2,0.00649,23513,76.26168,30832
2999,gxy12280421,2,0.00649,23515,76.26816,30832
3000,gyoetam,2,0.00649,23517,76.27465,30832
3001,gzaripov,2,0.00649,23519,76.28114,30832
3002,hahahahahayesyeseys,2,0.00649,23521,76.28762,30832
3003,haichu1997,2,0.00649,23523,76.29411,30832
3004,hangxie-cisco,2,0.00649,23525,76.30060,30832
3005,hans-m-song,2,0.00649,23527,76.30708,30832
3006,hanyce,2,0.00649,23529,76.31357,30832
3007,happypoulp,2,0.00649,23531,76.32006,30832
3008,hariFED,2,0.00649,23533,76.32654,30832
3009,harinath001,2,0.00649,23535,76.33303,30832
3010,HarkuLi,2,0.00649,23537,76.33952,30832
3011,harryssuperman,2,0.00649,23539,76.34600,30832
3012,Harshal-Rembhotkar,2,0.00649,23541,76.35249,30832
3013,harshap804,2,0.00649,23543,76.35898,30832
3014,hasithalakshan,2,0.00649,23545,76.36546,30832
3015,hbibel,2,0.00649,23547,76.37195,30832
3016,HeartConnector,2,0.00649,23549,76.37844,30832
3017,helloliuyiyang,2,0.00649,23551,76.38492,30832
3018,helpermethod,2,0.00649,23553,76.39141,30832
3019,Hemadri513,2,0.00649,23555,76.39790,30832
3020,hemanth1225,2,0.00649,23557,76.40439,30832
3021,HenryGuo1019,2,0.00649,23559,76.41087,30832
3022,hernit,2,0.00649,23561,76.41736,30832
3023,hexchen,2,0.00649,23563,76.42385,30832
3024,hghtwr,2,0.00649,23565,76.43033,30832
3025,hhwode,2,0.00649,23567,76.43682,30832
3026,HiGein,2,0.00649,23569,76.44331,30832
3027,hjrocha,2,0.00649,23571,76.44979,30832
3028,hkford,2,0.00649,23573,76.45628,30832
3029,Hlinbit,2,0.00649,23575,76.46277,30832
3030,hnanacc,2,0.00649,23577,76.46925,30832
3031,hofst,2,0.00649,23579,76.47574,30832
3032,hollyos,2,0.00649,23581,76.48223,30832
3033,honestAnt,2,0.00649,23583,76.48871,30832
3034,hoshymo,2,0.00649,23585,76.49520,30832
3035,hpidcock,2,0.00649,23587,76.50169,30832
3036,hraphael,2,0.00649,23589,76.50817,30832
3037,hreeder,2,0.00649,23591,76.51466,30832
3038,hritesh11,2,0.00649,23593,76.52115,30832
3039,hrvadl,2,0.00649,23595,76.52763,30832
3040,hrybun,2,0.00649,23597,76.53412,30832
3041,hshepherd,2,0.00649,23599,76.54061,30832
3042,huhusuzyzzz,2,0.00649,23601,76.54709,30832
3043,humandigital-ruud,2,0.00649,23603,76.55358,30832
3044,hungiito,2,0.00649,23605,76.56007,30832
3045,iamshen,2,0.00649,23607,76.56655,30832
3046,iamsurfing,2,0.00649,23609,76.57304,30832
3047,IamTugy,2,0.00649,23611,76.57953,30832
3048,ianibo,2,0.00649,23613,76.58601,30832
3049,ibmmqmet,2,0.00649,23615,76.59250,30832
3050,ichina,2,0.00649,23617,76.59899,30832
3051,ic-mgriehm,2,0.00649,23619,76.60547,30832
3052,id956729,2,0.00649,23621,76.61196,30832
3053,idnandre,2,0.00649,23623,76.61845,30832
3054,igor-borisoglebski,2,0.00649,23625,76.62494,30832
3055,IgorKnezevicSymphony,2,0.00649,23627,76.63142,30832
3056,ilhesam,2,0.00649,23629,76.63791,30832
3057,iltatarin,2,0.00649,23631,76.64440,30832
3058,ilyas1uphealth,2,0.00649,23633,76.65088,30832
3059,iMeth0d,2,0.00649,23635,76.65737,30832
3060,initializ-mk,2,0.00649,23637,76.66386,30832
3061,intentionally-left-nil,2,0.00649,23639,76.67034,30832
3062,iot2198,2,0.00649,23641,76.67683,30832
3063,IrisDyr,2,0.00649,23643,76.68332,30832
3064,isaacnikon93,2,0.00649,23645,76.68980,30832
3065,israeldahan,2,0.00649,23647,76.69629,30832
3066,itayvolo,2,0.00649,23649,76.70278,30832
3067,ItzMiracleOwO,2,0.00649,23651,76.70926,30832
3068,IvanDimitrov2002,2,0.00649,23653,76.71575,30832
3069,ivanivicrho,2,0.00649,23655,76.72224,30832
3070,iwxt1,2,0.00649,23657,76.72872,30832
3071,ixalon,2,0.00649,23659,76.73521,30832
3072,jackrwoods,2,0.00649,23661,76.74170,30832
3073,Jacob-To,2,0.00649,23663,76.74818,30832
3074,jaeparker22,2,0.00649,23665,76.75467,30832
3075,jagadeesh-kancherla-tfs,2,0.00649,23667,76.76116,30832
3076,JagadishPrasadSanaka,2,0.00649,23669,76.76764,30832
3077,jakeobrien,2,0.00649,23671,76.77413,30832
3078,jakub-mikians-airspace-intelligence,2,0.00649,23673,76.78062,30832
3079,JamesBLewis,2,0.00649,23675,76.78710,30832
3080,jamesgrogantech,2,0.00649,23677,76.79359,30832
3081,JamesKunstle,2,0.00649,23679,76.80008,30832
3082,jamesoneill,2,0.00649,23681,76.80656,30832
3083,ja-nina,2,0.00649,23683,76.81305,30832
3084,jannisrelakis,2,0.00649,23685,76.81954,30832
3085,jaredrummler,2,0.00649,23687,76.82602,30832
3086,jartas,2,0.00649,23689,76.83251,30832
3087,jaslkaur29,2,0.00649,23691,76.83900,30832
3088,JasperSurmont,2,0.00649,23693,76.84549,30832
3089,JavierAntonYuste,2,0.00649,23695,76.85197,30832
3090,javier-lopez,2,0.00649,23697,76.85846,30832
3091,jaxalo,2,0.00649,23699,76.86495,30832
3092,jayesh9747,2,0.00649,23701,76.87143,30832
3093,JayKaku,2,0.00649,23703,76.87792,30832
3094,jazdw,2,0.00649,23705,76.88441,30832
3095,jbostoen,2,0.00649,23707,76.89089,30832
3096,jbsky,2,0.00649,23709,76.89738,30832
3097,jcozain,2,0.00649,23711,76.90387,30832
3098,jdespatis,2,0.00649,23713,76.91035,30832
3099,jDomantas,2,0.00649,23715,76.91684,30832
3100,jebentier,2,0.00649,23717,76.92333,30832
3101,jedjebari,2,0.00649,23719,76.92981,30832
3102,jeevanpuchakay,2,0.00649,23721,76.93630,30832
3103,jeffpicard,2,0.00649,23723,76.94279,30832
3104,jemmee,2,0.00649,23725,76.94927,30832
3105,jenna-foghorn,2,0.00649,23727,76.95576,30832
3106,JessMartin123,2,0.00649,23729,76.96225,30832
3107,jesuinovieira,2,0.00649,23731,76.96873,30832
3108,jgomezselles,2,0.00649,23733,76.97522,30832
3109,jhlabs,2,0.00649,23735,76.98171,30832
3110,jhuizingh,2,0.00649,23737,76.98819,30832
3111,jiduyuting,2,0.00649,23739,76.99468,30832
3112,jihadkhawaja-bottomline,2,0.00649,23741,77.00117,30832
3113,JimVanEeden,2,0.00649,23743,77.00765,30832
3114,jinbu6666,2,0.00649,23745,77.01414,30832
3115,JinLisek,2,0.00649,23747,77.02063,30832
3116,jiri-cholasta-tfs,2,0.00649,23749,77.02711,30832
3117,jjaygohil,2,0.00649,23751,77.03360,30832
3118,jjjalkanen,2,0.00649,23753,77.04009,30832
3119,jjmerri,2,0.00649,23755,77.04657,30832
3120,jlainez76,2,0.00649,23757,77.05306,30832
3121,JLO974-2,2,0.00649,23759,77.05955,30832
3122,jman-9,2,0.00649,23761,77.06604,30832
3123,jmichalak9,2,0.00649,23763,77.07252,30832
3124,jmkanz,2,0.00649,23765,77.07901,30832
3125,jmolnar-comparative,2,0.00649,23767,77.08550,30832
3126,joaofbantunes,2,0.00649,23769,77.09198,30832
3127,Joel-De,2,0.00649,23771,77.09847,30832
3128,JoelRodrigues58,2,0.00649,23773,77.10496,30832
3129,Jofairden,2,0.00649,23775,77.11144,30832
3130,John060200,2,0.00649,23777,77.11793,30832
3131,john-gomersall,2,0.00649,23779,77.12442,30832
3132,JohnGuih,2,0.00649,23781,77.13090,30832
3133,johnhe-dev,2,0.00649,23783,77.13739,30832
3134,johnmaislegentils,2,0.00649,23785,77.14388,30832
3135,johren-hpe,2,0.00649,23787,77.15036,30832
3136,JOkaru13,2,0.00649,23789,77.15685,30832
3137,Jonaprince,2,0.00649,23791,77.16334,30832
3138,jonas-budde,2,0.00649,23793,77.16982,30832
3139,jonasmtnt,2,0.00649,23795,77.17631,30832
3140,jorge-oduber,2,0.00649,23797,77.18280,30832
3141,josepedropereira,2,0.00649,23799,77.18928,30832
3142,joshight,2,0.00649,23801,77.19577,30832
3143,joshuarestivo,2,0.00649,23803,77.20226,30832
3144,jpage-godaddy,2,0.00649,23805,77.20874,30832
3145,jperezdealgaba,2,0.00649,23807,77.21523,30832
3146,jphastings,2,0.00649,23809,77.22172,30832
3147,jpinsonneau,2,0.00649,23811,77.22820,30832
3148,Jrcampano,2,0.00649,23813,77.23469,30832
3149,jrossBah,2,0.00649,23815,77.24118,30832
3150,JRPCF,2,0.00649,23817,77.24766,30832
3151,JStacy86,2,0.00649,23819,77.25415,30832
3152,jtb-sre,2,0.00649,23821,77.26064,30832
3153,jtcleek,2,0.00649,23823,77.26713,30832
3154,jtl-novatec,2,0.00649,23825,77.27361,30832
3155,juansebastiani2cat,2,0.00649,23827,77.28010,30832
3156,jub0bs,2,0.00649,23829,77.28659,30832
3157,Julie538,2,0.00649,23831,77.29307,30832
3158,JuliusOnGitHub,2,0.00649,23833,77.29956,30832
3159,juliuszjaksa,2,0.00649,23835,77.30605,30832
3160,juvivas,2,0.00649,23837,77.31253,30832
3161,jvm-pangea,2,0.00649,23839,77.31902,30832
3162,jwetzell,2,0.00649,23841,77.32551,30832
3163,jzuhusky,2,0.00649,23843,77.33199,30832
3164,K0zich,2,0.00649,23845,77.33848,30832
3165,kahirul,2,0.00649,23847,77.34497,30832
3166,kaitokimuraofficial,2,0.00649,23849,77.35145,30832
3167,Kalaivani19,2,0.00649,23851,77.35794,30832
3168,kalingaru48,2,0.00649,23853,77.36443,30832
3169,kalintou,2,0.00649,23855,77.37091,30832
3170,kamleshjec,2,0.00649,23857,77.37740,30832
3171,kanchantambe,2,0.00649,23859,77.38389,30832
3172,KapKapkin,2,0.00649,23861,77.39037,30832
3173,karina-ciupa,2,0.00649,23863,77.39686,30832
3174,karun3294,2,0.00649,23865,77.40335,30832
3175,karunk,2,0.00649,23867,77.40983,30832
3176,kashishshah881,2,0.00649,23869,77.41632,30832
3177,katrinwab,2,0.00649,23871,77.42281,30832
3178,katsanva,2,0.00649,23873,77.42929,30832
3179,kaushikjampala-cb,2,0.00649,23875,77.43578,30832
3180,KaXuan1135,2,0.00649,23877,77.44227,30832
3181,kayvansol,2,0.00649,23879,77.44875,30832
3182,kbarry-aurora,2,0.00649,23881,77.45524,30832
3183,kbatalin,2,0.00649,23883,77.46173,30832
3184,kchoudhu,2,0.00649,23885,77.46821,30832
3185,keatontaylor,2,0.00649,23887,77.47470,30832
3186,keltia,2,0.00649,23889,77.48119,30832
3187,kelvin-j-li,2,0.00649,23891,77.48768,30832
3188,kelvin-ko,2,0.00649,23893,77.49416,30832
3189,kennytobby,2,0.00649,23895,77.50065,30832
3190,kevinrose42,2,0.00649,23897,77.50714,30832
3191,khamza85,2,0.00649,23899,77.51362,30832
3192,khushhboo,2,0.00649,23901,77.52011,30832
3193,khushveermalviya,2,0.00649,23903,77.52660,30832
3194,kiarashazarnia,2,0.00649,23905,77.53308,30832
3195,KillianHmyd,2,0.00649,23907,77.53957,30832
3196,kindknow,2,0.00649,23909,77.54606,30832
3197,kiranagalpady83,2,0.00649,23911,77.55254,30832
3198,Kiran-pro2001,2,0.00649,23913,77.55903,30832
3199,k-ishii-n,2,0.00649,23915,77.56552,30832
3200,kissandas,2,0.00649,23917,77.57200,30832
3201,kkb0318,2,0.00649,23919,77.57849,30832
3202,klaask,2,0.00649,23921,77.58498,30832
3203,klhuff,2,0.00649,23923,77.59146,30832
3204,Knickkennedy,2,0.00649,23925,77.59795,30832
3205,knielsen,2,0.00649,23927,77.60444,30832
3206,KoblerS,2,0.00649,23929,77.61092,30832
3207,kojikaz,2,0.00649,23931,77.61741,30832
3208,kollzey,2,0.00649,23933,77.62390,30832
3209,korn519,2,0.00649,23935,77.63038,30832
3210,korostelevm,2,0.00649,23937,77.63687,30832
3211,Kortex,2,0.00649,23939,77.64336,30832
3212,Kostas-Makedos,2,0.00649,23941,77.64984,30832
3213,krim,2,0.00649,23943,77.65633,30832
3214,krishnaduttp,2,0.00649,23945,77.66282,30832
3215,krishnapomar,2,0.00649,23947,77.66930,30832
3216,krystian-kulgawczuk-natwest,2,0.00649,23949,77.67579,30832
3217,krzysztof-mitus,2,0.00649,23951,77.68228,30832
3218,kschanrtp,2,0.00649,23953,77.68876,30832
3219,kuang87,2,0.00649,23955,77.69525,30832
3220,KULDEEP-1234,2,0.00649,23957,77.70174,30832
3221,Kun483,2,0.00649,23959,77.70823,30832
3222,KuroTAJ,2,0.00649,23961,77.71471,30832
3223,kustonaut,2,0.00649,23963,77.72120,30832
3224,kwinmeng,2,0.00649,23965,77.72769,30832
3225,kyle504,2,0.00649,23967,77.73417,30832
3226,Kyle596,2,0.00649,23969,77.74066,30832
3227,Kylea650,2,0.00649,23971,77.74715,30832
3228,kyleaebischer56,2,0.00649,23973,77.75363,30832
3229,kylemcc,2,0.00649,23975,77.76012,30832
3230,KyMidd,2,0.00649,23977,77.76661,30832
3231,laivu266,2,0.00649,23979,77.77309,30832
3232,lakshmipasala,2,0.00649,23981,77.77958,30832
3233,lamanlu,2,0.00649,23983,77.78607,30832
3234,lance-menard,2,0.00649,23985,77.79255,30832
3235,LasseHels,2,0.00649,23987,77.79904,30832
3236,ldudzsim,2,0.00649,23989,77.80553,30832
3237,leelakrishnayadav,2,0.00649,23991,77.81201,30832
3238,lefredlebel,2,0.00649,23993,77.81850,30832
3239,leleliu008,2,0.00649,23995,77.82499,30832
3240,leodus,2,0.00649,23997,77.83147,30832
3241,Leo-Stanoev,2,0.00649,23999,77.83796,30832
3242,leticiasss,2,0.00649,24001,77.84445,30832
3243,Lf1tz,2,0.00649,24003,77.85093,30832
3244,lgouveia9,2,0.00649,24005,77.85742,30832
3245,lhallam,2,0.00649,24007,77.86391,30832
3246,lhdhtrc,2,0.00649,24009,77.87039,30832
3247,LiamLamb,2,0.00649,24011,77.87688,30832
3248,lidongshengxdayu,2,0.00649,24013,77.88337,30832
3249,LifeMoroz,2,0.00649,24015,77.88985,30832
3250,LijieZhang1998,2,0.00649,24017,77.89634,30832
3251,lilijreey,2,0.00649,24019,77.90283,30832
3252,lilytrotter,2,0.00649,24021,77.90931,30832
3253,Lin-1997,2,0.00649,24023,77.91580,30832
3254,linkhacker,2,0.00649,24025,77.92229,30832
3255,Linzai99,2,0.00649,24027,77.92878,30832
3256,Lin-z-w,2,0.00649,24029,77.93526,30832
3257,liram-vardi,2,0.00649,24031,77.94175,30832
3258,liril-net,2,0.00649,24033,77.94824,30832
3259,Lisser,2,0.00649,24035,77.95472,30832
3260,Lite5h4dow,2,0.00649,24037,77.96121,30832
3261,litobro,2,0.00649,24039,77.96770,30832
3262,liudhzhyym,2,0.00649,24041,77.97418,30832
3263,lixiaodawang,2,0.00649,24043,77.98067,30832
3264,lizziemac,2,0.00649,24045,77.98716,30832
3265,L-Joshua-Y,2,0.00649,24047,77.99364,30832
3266,lkfei,2,0.00649,24049,78.00013,30832
3267,logan-stytch,2,0.00649,24051,78.00662,30832
3268,Loksonick,2,0.00649,24053,78.01310,30832
3269,lomoonmoonbird,2,0.00649,24055,78.01959,30832
3270,longbai,2,0.00649,24057,78.02608,30832
3271,Lovely-red-scarf,2,0.00649,24059,78.03256,30832
3272,lovromazgon,2,0.00649,24061,78.03905,30832
3273,lrainsun,2,0.00649,24063,78.04554,30832
3274,lrozenblyum-iqmessenger,2,0.00649,24065,78.05202,30832
3275,luca-ma,2,0.00649,24067,78.05851,30832
3276,lucas03,2,0.00649,24069,78.06500,30832
3277,luccabb,2,0.00649,24071,78.07148,30832
3278,lukehutch,2,0.00649,24073,78.07797,30832
3279,luojialu21,2,0.00649,24075,78.08446,30832
3280,luozc5,2,0.00649,24077,78.09094,30832
3281,LvargaDS,2,0.00649,24079,78.09743,30832
3282,lybinhlap,2,0.00649,24081,78.10392,30832
3283,lydiaong,2,0.00649,24083,78.11040,30832
3284,lyx132114,2,0.00649,24085,78.11689,30832
3285,m0nikasingh,2,0.00649,24087,78.12338,30832
3286,m3rcer,2,0.00649,24089,78.12987,30832
3287,m-4ever,2,0.00649,24091,78.13635,30832
3288,maartenberg,2,0.00649,24093,78.14284,30832
3289,mac2net,2,0.00649,24095,78.14933,30832
3290,maciejmacq-dev,2,0.00649,24097,78.15581,30832
3291,maciekdude,2,0.00649,24099,78.16230,30832
3292,madMathematician971,2,0.00649,24101,78.16879,30832
3293,maduris,2,0.00649,24103,78.17527,30832
3294,Mahmaddz,2,0.00649,24105,78.18176,30832
3295,majdiAlKotamy,2,0.00649,24107,78.18825,30832
3296,Mansur908,2,0.00649,24109,78.19473,30832
3297,marcelosantanajr,2,0.00649,24111,78.20122,30832
3298,marcsst,2,0.00649,24113,78.20771,30832
3299,marekbnn,2,0.00649,24115,78.21419,30832
3300,mariusaddcommitpush,2,0.00649,24117,78.22068,30832
3301,marksmansj,2,0.00649,24119,78.22717,30832
3302,MarkusFreitag,2,0.00649,24121,78.23365,30832
3303,markus-qvest-seidl,2,0.00649,24123,78.24014,30832
3304,martinscheffler,2,0.00649,24125,78.24663,30832
3305,masihkhatibzadeh99,2,0.00649,24127,78.25311,30832
3306,massongit,2,0.00649,24129,78.25960,30832
3307,matheustmattioli,2,0.00649,24131,78.26609,30832
3308,MatthewFallon,2,0.00649,24133,78.27257,30832
3309,matthew-parry-cc,2,0.00649,24135,78.27906,30832
3310,MatthiasSchmidtBASF,2,0.00649,24137,78.28555,30832
3311,MayHuo,2,0.00649,24139,78.29203,30832
3312,mbarr-hrp,2,0.00649,24141,78.29852,30832
3313,mbrettschneider,2,0.00649,24143,78.30501,30832
3314,mbruhin,2,0.00649,24145,78.31149,30832
3315,mchahar,2,0.00649,24147,78.31798,30832
3316,McKMarcBruchner,2,0.00649,24149,78.32447,30832
3317,mdanylyuk,2,0.00649,24151,78.33095,30832
3318,mdavid01,2,0.00649,24153,78.33744,30832
3319,mdelfabro,2,0.00649,24155,78.34393,30832
3320,Meetp369,2,0.00649,24157,78.35042,30832
3321,MehdinMasinovic,2,0.00649,24159,78.35690,30832
3322,meros,2,0.00649,24161,78.36339,30832
3323,Mershab99,2,0.00649,24163,78.36988,30832
3324,mertomert,2,0.00649,24165,78.37636,30832
3325,merval,2,0.00649,24167,78.38285,30832
3326,mfokumus,2,0.00649,24169,78.38934,30832
3327,MichaelBK223,2,0.00649,24171,78.39582,30832
3328,MichaelHaigh,2,0.00649,24173,78.40231,30832
3329,michaelmdeng,2,0.00649,24175,78.40880,30832
3330,MichaelRren,2,0.00649,24177,78.41528,30832
3331,michaels-1990,2,0.00649,24179,78.42177,30832
3332,michalcila,2,0.00649,24181,78.42826,30832
3333,michlee1337,2,0.00649,24183,78.43474,30832
3334,migeyel,2,0.00649,24185,78.44123,30832
3335,migueluzcategui,2,0.00649,24187,78.44772,30832
3336,mikecmpbll,2,0.00649,24189,78.45420,30832
3337,mikemykhaylov,2,0.00649,24191,78.46069,30832
3338,Milehigh-wor1d,2,0.00649,24193,78.46718,30832
3339,milosjava,2,0.00649,24195,78.47366,30832
3340,minism,2,0.00649,24197,78.48015,30832
3341,mlhamel,2,0.00649,24199,78.48664,30832
3342,mmeier86,2,0.00649,24201,78.49312,30832
3343,mnasruul-xxi,2,0.00649,24203,78.49961,30832
3344,mnavasop,2,0.00649,24205,78.50610,30832
3345,moenodedev,2,0.00649,24207,78.51258,30832
3346,mohammad-quanit,2,0.00649,24209,78.51907,30832
3347,Mona3087,2,0.00649,24211,78.52556,30832
3348,mondaycodingclub,2,0.00649,24213,78.53204,30832
3349,monikasinghrajput,2,0.00649,24215,78.53853,30832
3350,morawat,2,0.00649,24217,78.54502,30832
3351,morningcafe,2,0.00649,24219,78.55150,30832
3352,mounchin,2,0.00649,24221,78.55799,30832
3353,mousamdahal,2,0.00649,24223,78.56448,30832
3354,MovingTowardsADream,2,0.00649,24225,78.57097,30832
3355,mplsgrant,2,0.00649,24227,78.57745,30832
3356,mpsOxygen,2,0.00649,24229,78.58394,30832
3357,mrachuta,2,0.00649,24231,78.59043,30832
3358,MrPluto0,2,0.00649,24233,78.59691,30832
3359,mrvanes,2,0.00649,24235,78.60340,30832
3360,msapitree,2,0.00649,24237,78.60989,30832
3361,mscudlik,2,0.00649,24239,78.61637,30832
3362,msr-financial-com,2,0.00649,24241,78.62286,30832
3363,mStirner,2,0.00649,24243,78.62935,30832
3364,mtheeren-asml,2,0.00649,24245,78.63583,30832
3365,mukeshgupta7,2,0.00649,24247,78.64232,30832
3366,Mukul1235,2,0.00649,24249,78.64881,30832
3367,muneebcui,2,0.00649,24251,78.65529,30832
3368,MuNeNICK,2,0.00649,24253,78.66178,30832
3369,murasame29,2,0.00649,24255,78.66827,30832
3370,mvhatch,2,0.00649,24257,78.67475,30832
3371,myfear,2,0.00649,24259,78.68124,30832
3372,mytheta,2,0.00649,24261,78.68773,30832
3373,mzhl1111,2,0.00649,24263,78.69421,30832
3374,n3vu0r,2,0.00649,24265,78.70070,30832
3375,Nabeel-Akhtar-Qbatch,2,0.00649,24267,78.70719,30832
3376,nakermann1973,2,0.00649,24269,78.71367,30832
3377,nalcoder0913,2,0.00649,24271,78.72016,30832
3378,NaldoRay,2,0.00649,24273,78.72665,30832
3379,Namnamseo,2,0.00649,24275,78.73313,30832
3380,nanu-c,2,0.00649,24277,78.73962,30832
3381,narayanmurgod,2,0.00649,24279,78.74611,30832
3382,NatElkins,2,0.00649,24281,78.75259,30832
3383,natigavriel,2,0.00649,24283,78.75908,30832
3384,navch3,2,0.00649,24285,78.76557,30832
3385,Naveen-Kamagani,2,0.00649,24287,78.77206,30832
3386,NAVRockClimber,2,0.00649,24289,78.77854,30832
3387,Navya-Verma11,2,0.00649,24291,78.78503,30832
3388,nb-spot,2,0.00649,24293,78.79152,30832
3389,ndouglas,2,0.00649,24295,78.79800,30832
3390,neeginotra,2,0.00649,24297,78.80449,30832
3391,neeme-praks-sympower,2,0.00649,24299,78.81098,30832
3392,Nefelum,2,0.00649,24301,78.81746,30832
3393,Neha-dot-Yadav,2,0.00649,24303,78.82395,30832
3394,NehaGujar1,2,0.00649,24305,78.83044,30832
3395,NelSat,2,0.00649,24307,78.83692,30832
3396,nengc,2,0.00649,24309,78.84341,30832
3397,nenioscio,2,0.00649,24311,78.84990,30832
3398,netgio,2,0.00649,24313,78.85638,30832
3399,nf-brentsaner,2,0.00649,24315,78.86287,30832
3400,NguyenDiNguy,2,0.00649,24317,78.86936,30832
3401,n-holmstedt,2,0.00649,24319,78.87584,30832
3402,nicholashagen,2,0.00649,24321,78.88233,30832
3403,nicktobey,2,0.00649,24323,78.88882,30832
3404,nicleary,2,0.00649,24325,78.89530,30832
3405,niconosenzo,2,0.00649,24327,78.90179,30832
3406,nikhilchintawar,2,0.00649,24329,78.90828,30832
3407,nikhildigde,2,0.00649,24331,78.91476,30832
3408,nikhilsbhat,2,0.00649,24333,78.92125,30832
3409,Nikhilsree,2,0.00649,24335,78.92774,30832
3410,nikil1424,2,0.00649,24337,78.93422,30832
3411,NikitaSen1205,2,0.00649,24339,78.94071,30832
3412,nikmodha,2,0.00649,24341,78.94720,30832
3413,nikneem,2,0.00649,24343,78.95368,30832
3414,Nikzz3,2,0.00649,24345,78.96017,30832
3415,nilfr,2,0.00649,24347,78.96666,30832
3416,nipsufn,2,0.00649,24349,78.97314,30832
3417,nirmesh,2,0.00649,24351,78.97963,30832
3418,nivg1992,2,0.00649,24353,78.98612,30832
3419,njuxushuo,2,0.00649,24355,78.99261,30832
3420,nkhalasi,2,0.00649,24357,78.99909,30832
3421,Nnoromuche,2,0.00649,24359,79.00558,30832
3422,noor-muradi,2,0.00649,24361,79.01207,30832
3423,Norman-Lee,2,0.00649,24363,79.01855,30832
3424,NorwayFun,2,0.00649,24365,79.02504,30832
3425,nothyvanix,2,0.00649,24367,79.03153,30832
3426,NottyRu,2,0.00649,24369,79.03801,30832
3427,novatelli,2,0.00649,24371,79.04450,30832
3428,ns-mkusper,2,0.00649,24373,79.05099,30832
3429,numcys,2,0.00649,24375,79.05747,30832
3430,Nuscly,2,0.00649,24377,79.06396,30832
3431,nwsteenberg,2,0.00649,24379,79.07045,30832
3432,nx2804,2,0.00649,24381,79.07693,30832
3433,NyanProgrammer,2,0.00649,24383,79.08342,30832
3434,nzbr,2,0.00649,24385,79.08991,30832
3435,oblomingo,2,0.00649,24387,79.09639,30832
3436,obyerere,2,0.00649,24389,79.10288,30832
3437,OdkhuuB,2,0.00649,24391,79.10937,30832
3438,officerNordberg,2,0.00649,24393,79.11585,30832
3439,ofirc,2,0.00649,24395,79.12234,30832
3440,Ogoyukin,2,0.00649,24397,79.12883,30832
3441,OhRaph,2,0.00649,24399,79.13531,30832
3442,OKEAMAH,2,0.00649,24401,79.14180,30832
3443,olav-st,2,0.00649,24403,79.14829,30832
3444,oldNoakes,2,0.00649,24405,79.15477,30832
3445,oldxu131,2,0.00649,24407,79.16126,30832
3446,olek-es,2,0.00649,24409,79.16775,30832
3447,oli-f,2,0.00649,24411,79.17423,30832
3448,omaratdgtl,2,0.00649,24413,79.18072,30832
3449,omartrigui,2,0.00649,24415,79.18721,30832
3450,omgaunicorn,2,0.00649,24417,79.19369,30832
3451,omri-cavnue,2,0.00649,24419,79.20018,30832
3452,onee-only,2,0.00649,24421,79.20667,30832
3453,OnSuorce,2,0.00649,24423,79.21316,30832
3454,onyicho-cr,2,0.00649,24425,79.21964,30832
3455,opensourcevk,2,0.00649,24427,79.22613,30832
3456,ori-21,2,0.00649,24429,79.23262,30832
3457,orlovmyk,2,0.00649,24431,79.23910,30832
3458,orsahar,2,0.00649,24433,79.24559,30832
3459,OsamaWohlig,2,0.00649,24435,79.25208,30832
3460,OS-emanuelbrici,2,0.00649,24437,79.25856,30832
3461,oshalash38,2,0.00649,24439,79.26505,30832
3462,osher,2,0.00649,24441,79.27154,30832
3463,outofsight,2,0.00649,24443,79.27802,30832
3464,outranker,2,0.00649,24445,79.28451,30832
3465,pacificcode,2,0.00649,24447,79.29100,30832
3466,palhotel,2,0.00649,24449,79.29748,30832
3467,panRui935074243,2,0.00649,24451,79.30397,30832
3468,PantelisK,2,0.00649,24453,79.31046,30832
3469,PantherHawk,2,0.00649,24455,79.31694,30832
3470,Parkreiner,2,0.00649,24457,79.32343,30832
3471,paschun,2,0.00649,24459,79.32992,30832
3472,pasdoy,2,0.00649,24461,79.33640,30832
3473,Patil-Mayur,2,0.00649,24463,79.34289,30832
3474,patpatbear,2,0.00649,24465,79.34938,30832
3475,patrickli,2,0.00649,24467,79.35586,30832
3476,patrykk21,2,0.00649,24469,79.36235,30832
3477,Patryk-Stefanski,2,0.00649,24471,79.36884,30832
3478,paulafahmy,2,0.00649,24473,79.37532,30832
3479,paulc-fugro,2,0.00649,24475,79.38181,30832
3480,pauldtill,2,0.00649,24477,79.38830,30832
3481,PaulKushch,2,0.00649,24479,79.39478,30832
3482,paulleroyza,2,0.00649,24481,79.40127,30832
3483,paullevin77,2,0.00649,24483,79.40776,30832
3484,Paul-Luciano-2003,2,0.00649,24485,79.41424,30832
3485,payalraviya,2,0.00649,24487,79.42073,30832
3486,pbalint,2,0.00649,24489,79.42722,30832
3487,pcanilho,2,0.00649,24491,79.43371,30832
3488,PChambino,2,0.00649,24493,79.44019,30832
3489,pdillon,2,0.00649,24495,79.44668,30832
3490,Pea1594,2,0.00649,24497,79.45317,30832
3491,peknur,2,0.00649,24499,79.45965,30832
3492,Perlife,2,0.00649,24501,79.46614,30832
3493,PeterSimonis,2,0.00649,24503,79.47263,30832
3494,petr0ff,2,0.00649,24505,79.47911,30832
3495,peuh,2,0.00649,24507,79.48560,30832
3496,pfdsilva,2,0.00649,24509,79.49209,30832
3497,pfhartma,2,0.00649,24511,79.49857,30832
3498,pgregorio-signalytic,2,0.00649,24513,79.50506,30832
3499,Phat3,2,0.00649,24515,79.51155,30832
3500,phhpe,2,0.00649,24517,79.51803,30832
3501,philgladman,2,0.00649,24519,79.52452,30832
3502,philipp-durrer-jarowa,2,0.00649,24521,79.53101,30832
3503,philljdarmanin,2,0.00649,24523,79.53749,30832
3504,Philomelius,2,0.00649,24525,79.54398,30832
3505,philon-msft,2,0.00649,24527,79.55047,30832
3506,phj-incom,2,0.00649,24529,79.55695,30832
3507,piotrrojek,2,0.00649,24531,79.56344,30832
3508,pkbriggs,2,0.00649,24533,79.56993,30832
3509,pmahindrakar-oss,2,0.00649,24535,79.57641,30832
3510,poeck,2,0.00649,24537,79.58290,30832
3511,popalex,2,0.00649,24539,79.58939,30832
3512,Porama6400,2,0.00649,24541,79.59587,30832
3513,powerdu91,2,0.00649,24543,79.60236,30832
3514,pparescasellas,2,0.00649,24545,79.60885,30832
3515,PrabhdeepsGill,2,0.00649,24547,79.61533,30832
3516,prajjwal-epifi,2,0.00649,24549,79.62182,30832
3517,Prakashckesavan,2,0.00649,24551,79.62831,30832
3518,prakashsatyani,2,0.00649,24553,79.63480,30832
3519,prandogabriel,2,0.00649,24555,79.64128,30832
3520,prasad1987,2,0.00649,24557,79.64777,30832
3521,prashanthjos,2,0.00649,24559,79.65426,30832
3522,prashanthswami,2,0.00649,24561,79.66074,30832
3523,pratyushprakash,2,0.00649,24563,79.66723,30832
3524,Praveenk8051,2,0.00649,24565,79.67372,30832
3525,praveenkpatidar,2,0.00649,24567,79.68020,30832
3526,premeximietas,2,0.00649,24569,79.68669,30832
3527,prettypot,2,0.00649,24571,79.69318,30832
3528,priti-parate,2,0.00649,24573,79.69966,30832
3529,prybski,2,0.00649,24575,79.70615,30832
3530,psathyavathy,2,0.00649,24577,79.71264,30832
3531,PSC-F,2,0.00649,24579,79.71912,30832
3532,psychic-spoon,2,0.00649,24581,79.72561,30832
3533,ptfpinho23,2,0.00649,24583,79.73210,30832
3534,pulkit10251,2,0.00649,24585,79.73858,30832
3535,purujitgoyal,2,0.00649,24587,79.74507,30832
3536,purushBonito,2,0.00649,24589,79.75156,30832
3537,putusugik,2,0.00649,24591,79.75804,30832
3538,PWM-BIA-TPA-PIE,2,0.00649,24593,79.76453,30832
3539,pwnee,2,0.00649,24595,79.77102,30832
3540,QAston,2,0.00649,24597,79.77750,30832
3541,q-cheng,2,0.00649,24599,79.78399,30832
3542,qiangzhao,2,0.00649,24601,79.79048,30832
3543,quanhk711,2,0.00649,24603,79.79696,30832
3544,quichef,2,0.00649,24605,79.80345,30832
3545,QustodioPablo,2,0.00649,24607,79.80994,30832
3546,Radiance2024,2,0.00649,24609,79.81642,30832
3547,rafaelbreno,2,0.00649,24611,79.82291,30832
3548,raghu-dsa,2,0.00649,24613,79.82940,30832
3549,rahul38888,2,0.00649,24615,79.83588,30832
3550,rahulsb,2,0.00649,24617,79.84237,30832
3551,rainbowwiki,2,0.00649,24619,79.84886,30832
3552,rajagopalan-trimble,2,0.00649,24621,79.85535,30832
3553,rajeshgopu,2,0.00649,24623,79.86183,30832
3554,rajp152k,2,0.00649,24625,79.86832,30832
3555,rameshbabu009,2,0.00649,24627,79.87481,30832
3556,ramialkhawaldeh,2,0.00649,24629,79.88129,30832
3557,ramramu3433,2,0.00649,24631,79.88778,30832
3558,randall-weytens,2,0.00649,24633,79.89427,30832
3559,raphdom,2,0.00649,24635,79.90075,30832
3560,rarexixi,2,0.00649,24637,79.90724,30832
3561,ravneet2112,2,0.00649,24639,79.91373,30832
3562,rburrs,2,0.00649,24641,79.92021,30832
3563,rcelestino,2,0.00649,24643,79.92670,30832
3564,rea1shane,2,0.00649,24645,79.93319,30832
3565,redutan,2,0.00649,24647,79.93967,30832
3566,Reeznik,2,0.00649,24649,79.94616,30832
3567,rehanazher,2,0.00649,24651,79.95265,30832
3568,reisei,2,0.00649,24653,79.95913,30832
3569,remarcoble,2,0.00649,24655,79.96562,30832
3570,RemHero,2,0.00649,24657,79.97211,30832
3571,remicode,2,0.00649,24659,79.97859,30832
3572,remiflament,2,0.00649,24661,79.98508,30832
3573,renato0307,2,0.00649,24663,79.99157,30832
3574,rennerg,2,0.00649,24665,79.99805,30832
3575,RepinStyle,2,0.00649,24667,80.00454,30832
3576,repl-pankaj-s,2,0.00649,24669,80.01103,30832
3577,Revertron,2,0.00649,24671,80.01751,30832
3578,rhavenInc,2,0.00649,24673,80.02400,30832
3579,Rickyciber,2,0.00649,24675,80.03049,30832
3580,rickyma,2,0.00649,24677,80.03697,30832
3581,ritvik730,2,0.00649,24679,80.04346,30832
3582,Riverlution,2,0.00649,24681,80.04995,30832
3583,rkch2907,2,0.00649,24683,80.05643,30832
3584,rmsaad,2,0.00649,24685,80.06292,30832
3585,rmullinnix461332,2,0.00649,24687,80.06941,30832
3586,rmv9490,2,0.00649,24689,80.07590,30832
3587,robertcal,2,0.00649,24691,80.08238,30832
3588,RobertConanMcMillan,2,0.00649,24693,80.08887,30832
3589,robkasch,2,0.00649,24695,80.09536,30832
3590,rob-mag,2,0.00649,24697,80.10184,30832
3591,robotal,2,0.00649,24699,80.10833,30832
3592,robrakaric,2,0.00649,24701,80.11482,30832
3593,rockliffelewis,2,0.00649,24703,80.12130,30832
3594,roguelxx,2,0.00649,24705,80.12779,30832
3595,rohan-at-sentry,2,0.00649,24707,80.13428,30832
3596,roliverio,2,0.00649,24709,80.14076,30832
3597,romanzy313,2,0.00649,24711,80.14725,30832
3598,RomelClavel,2,0.00649,24713,80.15374,30832
3599,RonaldGalea,2,0.00649,24715,80.16022,30832
3600,rookiehelm,2,0.00649,24717,80.16671,30832
3601,roshanrenguin,2,0.00649,24719,80.17320,30832
3602,rothbauer,2,0.00649,24721,80.17968,30832
3603,RoyGershon100,2,0.00649,24723,80.18617,30832
3604,r-priyam,2,0.00649,24725,80.19266,30832
3605,rpt-lithic,2,0.00649,24727,80.19914,30832
3606,rsjatnika,2,0.00649,24729,80.20563,30832
3607,rteng1,2,0.00649,24731,80.21212,30832
3608,rtomadpg,2,0.00649,24733,80.21860,30832
3609,Ruanjq98,2,0.00649,24735,80.22509,30832
3610,rubasov,2,0.00649,24737,80.23158,30832
3611,Rudi3,2,0.00649,24739,80.23806,30832
3612,rumyunus,2,0.00649,24741,80.24455,30832
3613,ruospalo,2,0.00649,24743,80.25104,30832
3614,rushaan105gandhi,2,0.00649,24745,80.25752,30832
3615,ruslan-y,2,0.00649,24747,80.26401,30832
3616,ruslanys,2,0.00649,24749,80.27050,30832
3617,ryonotes,2,0.00649,24751,80.27698,30832
3618,Ryu0n,2,0.00649,24753,80.28347,30832
3619,s1monb,2,0.00649,24755,80.28996,30832
3620,s22su,2,0.00649,24757,80.29645,30832
3621,s6-marct,2,0.00649,24759,80.30293,30832
3622,sabrinalounis,2,0.00649,24761,80.30942,30832
3623,Sagarbud,2,0.00649,24763,80.31591,30832
3624,Sahilkhurana77,2,0.00649,24765,80.32239,30832
3625,SaifAqqad,2,0.00649,24767,80.32888,30832
3626,SamuelDuraj,2,0.00649,24769,80.33537,30832
3627,samuellvicente,2,0.00649,24771,80.34185,30832
3628,samuli-rukkila,2,0.00649,24773,80.34834,30832
3629,samyuh,2,0.00649,24775,80.35483,30832
3630,sanathlokanath1991,2,0.00649,24777,80.36131,30832
3631,sandrineperrin,2,0.00649,24779,80.36780,30832
3632,sankalp-khare,2,0.00649,24781,80.37429,30832
3633,sannysanoff,2,0.00649,24783,80.38077,30832
3634,sanshah1211,2,0.00649,24785,80.38726,30832
3635,satdeveloping,2,0.00649,24787,80.39375,30832
3636,Sathya-omnius,2,0.00649,24789,80.40023,30832
3637,satya19977,2,0.00649,24791,80.40672,30832
3638,Satyabati,2,0.00649,24793,80.41321,30832
3639,satyamg1620,2,0.00649,24795,80.41969,30832
3640,saylerb,2,0.00649,24797,80.42618,30832
3641,saymimo,2,0.00649,24799,80.43267,30832
3642,saymololy,2,0.00649,24801,80.43915,30832
3643,sberlin,2,0.00649,24803,80.44564,30832
3644,scme0,2,0.00649,24805,80.45213,30832
3645,sdibi24,2,0.00649,24807,80.45861,30832
3646,s-diez,2,0.00649,24809,80.46510,30832
3647,seanlee0923,2,0.00649,24811,80.47159,30832
3648,SebastianCallh,2,0.00649,24813,80.47807,30832
3649,Sebssekk,2,0.00649,24815,80.48456,30832
3650,seidigapbar,2,0.00649,24817,80.49105,30832
3651,seldish-og,2,0.00649,24819,80.49754,30832
3652,SelvamArul,2,0.00649,24821,80.50402,30832
3653,sergiuiacob1,2,0.00649,24823,80.51051,30832
3654,SerheoReutty,2,0.00649,24825,80.51700,30832
3655,serhiynovos,2,0.00649,24827,80.52348,30832
3656,SerRichard,2,0.00649,24829,80.52997,30832
3657,seshachalam-yv,2,0.00649,24831,80.53646,30832
3658,set808,2,0.00649,24833,80.54294,30832
3659,seth-mg,2,0.00649,24835,80.54943,30832
3660,SG127421,2,0.00649,24837,80.55592,30832
3661,sgrigsoftserve,2,0.00649,24839,80.56240,30832
3662,shafiquegavandi,2,0.00649,24841,80.56889,30832
3663,Shahbaz898414,2,0.00649,24843,80.57538,30832
3664,sharipalik,2,0.00649,24845,80.58186,30832
3665,sharma-mona,2,0.00649,24847,80.58835,30832
3666,sharsha315,2,0.00649,24849,80.59484,30832
3667,shashkin,2,0.00649,24851,80.60132,30832
3668,shayktrust,2,0.00649,24853,80.60781,30832
3669,shelilevine,2,0.00649,24855,80.61430,30832
3670,shellrausch,2,0.00649,24857,80.62078,30832
3671,shensl,2,0.00649,24859,80.62727,30832
3672,shiftyp,2,0.00649,24861,80.63376,30832
3673,shiva-appani-gep,2,0.00649,24863,80.64024,30832
3674,shivamgupta1,2,0.00649,24865,80.64673,30832
3675,shiv-tyagi,2,0.00649,24867,80.65322,30832
3676,shixqb,2,0.00649,24869,80.65970,30832
3677,shreedhar-kc,2,0.00649,24871,80.66619,30832
3678,shreyasvidhate,2,0.00649,24873,80.67268,30832
3679,shridhar1312,2,0.00649,24875,80.67916,30832
3680,shriii07,2,0.00649,24877,80.68565,30832
3681,shuai-hao-hs,2,0.00649,24879,80.69214,30832
3682,shubham-kaushal,2,0.00649,24881,80.69862,30832
3683,SH-Wang123,2,0.00649,24883,80.70511,30832
3684,shyoon-devops,2,0.00649,24885,80.71160,30832
3685,Sianao,2,0.00649,24887,80.71809,30832
3686,siddeshas07,2,0.00649,24889,80.72457,30832
3687,siddhsql,2,0.00649,24891,80.73106,30832
3688,sidi-elwely,2,0.00649,24893,80.73755,30832
3689,sierrasoleil,2,0.00649,24895,80.74403,30832
3690,SilentEntity,2,0.00649,24897,80.75052,30832
3691,silverwrath,2,0.00649,24899,80.75701,30832
3692,sinetris,2,0.00649,24901,80.76349,30832
3693,Sinscerly,2,0.00649,24903,80.76998,30832
3694,SIT-PRO,2,0.00649,24905,80.77647,30832
3695,sittg,2,0.00649,24907,80.78295,30832
3696,sivaprasadreddy,2,0.00649,24909,80.78944,30832
3697,sjafarli,2,0.00649,24911,80.79593,30832
3698,Sjoerd82,2,0.00649,24913,80.80241,30832
3699,sjrules,2,0.00649,24915,80.80890,30832
3700,skizilbash,2,0.00649,24917,80.81539,30832
3701,slagor,2,0.00649,24919,80.82187,30832
3702,smanchala569,2,0.00649,24921,80.82836,30832
3703,smanghi1,2,0.00649,24923,80.83485,30832
3704,s-mantzou,2,0.00649,24925,80.84133,30832
3705,smartxworks,2,0.00649,24927,80.84782,30832
3706,smileis2333,2,0.00649,24929,80.85431,30832
3707,SMUEric1127,2,0.00649,24931,80.86079,30832
3708,snaidus,2,0.00649,24933,80.86728,30832
3709,snailshadow,2,0.00649,24935,80.87377,30832
3710,SnehaAdhikary,2,0.00649,24937,80.88025,30832
3711,SnowBiz,2,0.00649,24939,80.88674,30832
3712,sobintho,2,0.00649,24941,80.89323,30832
3713,SohailLS,2,0.00649,24943,80.89971,30832
3714,solarvm,2,0.00649,24945,80.90620,30832
3715,somehowadev,2,0.00649,24947,80.91269,30832
3716,someoilguy,2,0.00649,24949,80.91917,30832
3717,songyanping,2,0.00649,24951,80.92566,30832
3718,soniarshika,2,0.00649,24953,80.93215,30832
3719,sonuchoudhari,2,0.00649,24955,80.93864,30832
3720,SoroushTaheri,2,0.00649,24957,80.94512,30832
3721,Sotatek-GiangPham2,2,0.00649,24959,80.95161,30832
3722,soumaity01,2,0.00649,24961,80.95810,30832
3723,soumaygupta,2,0.00649,24963,80.96458,30832
3724,sparecycles,2,0.00649,24965,80.97107,30832
3725,spark4862,2,0.00649,24967,80.97756,30832
3726,Spharah,2,0.00649,24969,80.98404,30832
3727,spolampalli88,2,0.00649,24971,80.99053,30832
3728,sqaisar,2,0.00649,24973,80.99702,30832
3729,sravsravan-deloitte,2,0.00649,24975,81.00350,30832
3730,srolija,2,0.00649,24977,81.00999,30832
3731,ss1969,2,0.00649,24979,81.01648,30832
3732,ssasoglu,2,0.00649,24981,81.02296,30832
3733,ssjawalkar,2,0.00649,24983,81.02945,30832
3734,stacey-guild,2,0.00649,24985,81.03594,30832
3735,stanbog,2,0.00649,24987,81.04242,30832
3736,stand-sure,2,0.00649,24989,81.04891,30832
3737,stanislav-c,2,0.00649,24991,81.05540,30832
3738,StefanBattmer,2,0.00649,24993,81.06188,30832
3739,stepanbaghdasaryan,2,0.00649,24995,81.06837,30832
3740,StephanHCB,2,0.00649,24997,81.07486,30832
3741,StephanSchrader,2,0.00649,24999,81.08134,30832
3742,StephenShamakian,2,0.00649,25001,81.08783,30832
3743,stephondoestech,2,0.00649,25003,81.09432,30832
3744,steven-herchak,2,0.00649,25005,81.10080,30832
3745,stevenlafl,2,0.00649,25007,81.10729,30832
3746,SteveWoodTi2,2,0.00649,25009,81.11378,30832
3747,Sthing,2,0.00649,25011,81.12026,30832
3748,stiidk,2,0.00649,25013,81.12675,30832
3749,stijnderyckere,2,0.00649,25015,81.13324,30832
3750,Studentshuang,2,0.00649,25017,81.13972,30832
3751,Subbad12,2,0.00649,25019,81.14621,30832
3752,SubhashKumardkalwal,2,0.00649,25021,81.15270,30832
3753,subhidh,2,0.00649,25023,81.15919,30832
3754,sudheer757,2,0.00649,25025,81.16567,30832
3755,sudo-nan0-RaySK,2,0.00649,25027,81.17216,30832
3756,SuminSSon,2,0.00649,25029,81.17865,30832
3757,SUNgardener,2,0.00649,25031,81.18513,30832
3758,sunjaec,2,0.00649,25033,81.19162,30832
3759,sunnybangale,2,0.00649,25035,81.19811,30832
3760,Sunspar,2,0.00649,25037,81.20459,30832
3761,suochensheng,2,0.00649,25039,81.21108,30832
3762,surapallykishore,2,0.00649,25041,81.21757,30832
3763,surbhigarg92,2,0.00649,25043,81.22405,30832
3764,sureshmol,2,0.00649,25045,81.23054,30832
3765,SuryanshPratap,2,0.00649,25047,81.23703,30832
3766,svx,2,0.00649,25049,81.24351,30832
3767,swamisriman,2,0.00649,25051,81.25000,30832
3768,swapnilaniljanorkarjanorkar-sap,2,0.00649,25053,81.25649,30832
3769,Swastik-Swarup-Dash,2,0.00649,25055,81.26297,30832
3770,swharr,2,0.00649,25057,81.26946,30832
3771,syadhunandan,2,0.00649,25059,81.27595,30832
3772,Synthenses,2,0.00649,25061,81.28243,30832
3773,syz2002,2,0.00649,25063,81.28892,30832
3774,szvasas,2,0.00649,25065,81.29541,30832
3775,szymon-v,2,0.00649,25067,81.30189,30832
3776,taanyasingh,2,0.00649,25069,81.30838,30832
3777,taka2021,2,0.00649,25071,81.31487,30832
3778,tamayika,2,0.00649,25073,81.32135,30832
3779,Tanusyadav,2,0.00649,25075,81.32784,30832
3780,tapthaker,2,0.00649,25077,81.33433,30832
3781,tarunsinghofficial,2,0.00649,25079,81.34081,30832
3782,Tayfun74,2,0.00649,25081,81.34730,30832
3783,tbcvl,2,0.00649,25083,81.35379,30832
3784,tbunch1,2,0.00649,25085,81.36028,30832
3785,tcali101,2,0.00649,25087,81.36676,30832
3786,tdtgit,2,0.00649,25089,81.37325,30832
3787,tdt-hai,2,0.00649,25091,81.37974,30832
3788,techiechap,2,0.00649,25093,81.38622,30832
3789,teeheehs,2,0.00649,25095,81.39271,30832
3790,tejokumar,2,0.00649,25097,81.39920,30832
3791,tentuku2,2,0.00649,25099,81.40568,30832
3792,tgtan90,2,0.00649,25101,81.41217,30832
3793,thanhnm-cs,2,0.00649,25103,81.41866,30832
3794,thebigbone,2,0.00649,25105,81.42514,30832
3795,thehaven,2,0.00649,25107,81.43163,30832
3796,TheLoGgI,2,0.00649,25109,81.43812,30832
3797,TheRaspyDev,2,0.00649,25111,81.44460,30832
3798,theriault,2,0.00649,25113,81.45109,30832
3799,ThibaultMontaufray,2,0.00649,25115,81.45758,30832
3800,thiner,2,0.00649,25117,81.46406,30832
3801,Thisausername99,2,0.00649,25119,81.47055,30832
3802,thisisayush,2,0.00649,25121,81.47704,30832
3803,Thomgrus,2,0.00649,25123,81.48352,30832
3804,thy09,2,0.00649,25125,81.49001,30832
3805,tianqiii666,2,0.00649,25127,81.49650,30832
3806,TibiIius,2,0.00649,25129,81.50298,30832
3807,Timen-GitHub-User,2,0.00649,25131,81.50947,30832
3808,timilehin2000,2,0.00649,25133,81.51596,30832
3809,Timothy1478,2,0.00649,25135,81.52244,30832
3810,TimoVink,2,0.00649,25137,81.52893,30832
3811,tinhutins,2,0.00649,25139,81.53542,30832
3812,tj-cisco,2,0.00649,25141,81.54190,30832
3813,tjhorner,2,0.00649,25143,81.54839,30832
3814,tknikita,2,0.00649,25145,81.55488,30832
3815,tkramarczyk-vgw,2,0.00649,25147,81.56136,30832
3816,tlbrown12,2,0.00649,25149,81.56785,30832
3817,tlm365,2,0.00649,25151,81.57434,30832
3818,tmvfb,2,0.00649,25153,81.58083,30832
3819,tofikwest,2,0.00649,25155,81.58731,30832
3820,tom-andersen,2,0.00649,25157,81.59380,30832
3821,TomasEkeli,2,0.00649,25159,81.60029,30832
3822,tomfrew,2,0.00649,25161,81.60677,30832
3823,tomsiwik,2,0.00649,25163,81.61326,30832
3824,TonyTangAndroid,2,0.00649,25165,81.61975,30832
3825,torchiaf,2,0.00649,25167,81.62623,30832
3826,tore-statsig,2,0.00649,25169,81.63272,30832
3827,tppolkow,2,0.00649,25171,81.63921,30832
3828,transynghi08011981,2,0.00649,25173,81.64569,30832
3829,trinaths,2,0.00649,25175,81.65218,30832
3830,TropicLegend,2,0.00649,25177,81.65867,30832
3831,Trotten,2,0.00649,25179,81.66515,30832
3832,tsidebottom,2,0.00649,25181,81.67164,30832
3833,tsirysndr,2,0.00649,25183,81.67813,30832
3834,tttingttt,2,0.00649,25185,81.68461,30832
3835,tuminoid2,2,0.00649,25187,81.69110,30832
3836,udayrachati,2,0.00649,25189,81.69759,30832
3837,udayyysharma,2,0.00649,25191,81.70407,30832
3838,UditNayak,2,0.00649,25193,81.71056,30832
3839,uepaki,2,0.00649,25195,81.71705,30832
3840,uidmehdi,2,0.00649,25197,81.72353,30832
3841,UltraSive,2,0.00649,25199,81.73002,30832
3842,ummels,2,0.00649,25201,81.73651,30832
3843,uniquemind27,2,0.00649,25203,81.74299,30832
3844,up201306506,2,0.00649,25205,81.74948,30832
3845,urpylka,2,0.00649,25207,81.75597,30832
3846,utsavll0,2,0.00649,25209,81.76245,30832
3847,uwefreidank,2,0.00649,25211,81.76894,30832
3848,valafon,2,0.00649,25213,81.77543,30832
3849,VALASALARAKESH,2,0.00649,25215,81.78191,30832
3850,ValeriyDolgov,2,0.00649,25217,81.78840,30832
3851,Vallenbo,2,0.00649,25219,81.79489,30832
3852,vantagerock,2,0.00649,25221,81.80138,30832
3853,varun-jupiter,2,0.00649,25223,81.80786,30832
3854,vchhasatia,2,0.00649,25225,81.81435,30832
3855,vcyj,2,0.00649,25227,81.82084,30832
3856,vdeters,2,0.00649,25229,81.82732,30832
3857,veerendervoskula,2,0.00649,25231,81.83381,30832
3858,vemoo,2,0.00649,25233,81.84030,30832
3859,vertisan,2,0.00649,25235,81.84678,30832
3860,vettalwu,2,0.00649,25237,81.85327,30832
3861,vettom,2,0.00649,25239,81.85976,30832
3862,veweaver,2,0.00649,25241,81.86624,30832
3863,Vidit-Kushwaha,2,0.00649,25243,81.87273,30832
3864,Vikram-arc,2,0.00649,25245,81.87922,30832
3865,viletay,2,0.00649,25247,81.88570,30832
3866,vilitux,2,0.00649,25249,81.89219,30832
3867,vimal-oneway,2,0.00649,25251,81.89868,30832
3868,vince-vibin,2,0.00649,25253,81.90516,30832
3869,vinhng,2,0.00649,25255,81.91165,30832
3870,vinuvk11,2,0.00649,25257,81.91814,30832
3871,viram99,2,0.00649,25259,81.92462,30832
3872,visan-csdisco,2,0.00649,25261,81.93111,30832
3873,vjerci,2,0.00649,25263,81.93760,30832
3874,vkhacharia,2,0.00649,25265,81.94408,30832
3875,vladsf,2,0.00649,25267,81.95057,30832
3876,vladyslav-androshchuk,2,0.00649,25269,81.95706,30832
3877,voliminal991,2,0.00649,25271,81.96354,30832
3878,Voltage152,2,0.00649,25273,81.97003,30832
3879,vordimous,2,0.00649,25275,81.97652,30832
3880,vpavankalyan,2,0.00649,25277,81.98300,30832
3881,vrevanth007,2,0.00649,25279,81.98949,30832
3882,vrok,2,0.00649,25281,81.99598,30832
3883,vshromov,2,0.00649,25283,82.00246,30832
3884,vs-odie,2,0.00649,25285,82.00895,30832
3885,vvitkovsky,2,0.00649,25287,82.01544,30832
3886,walking-appa,2,0.00649,25289,82.02193,30832
3887,WalrusQuake,2,0.00649,25291,82.02841,30832
3888,walterrowe,2,0.00649,25293,82.03490,30832
3889,wang3develop,2,0.00649,25295,82.04139,30832
3890,Wangdaoshuai,2,0.00649,25297,82.04787,30832
3891,wangyd1213,2,0.00649,25299,82.05436,30832
3892,warmbasket,2,0.00649,25301,82.06085,30832
3893,Watle-fan,2,0.00649,25303,82.06733,30832
3894,Wattyyy,2,0.00649,25305,82.07382,30832
3895,wayzeng,2,0.00649,25307,82.08031,30832
3896,WCierkowski,2,0.00649,25309,82.08679,30832
3897,webertrlz,2,0.00649,25311,82.09328,30832
3898,weli-l,2,0.00649,25313,82.09977,30832
3899,wellwind,2,0.00649,25315,82.10625,30832
3900,WesleyErd,2,0.00649,25317,82.11274,30832
3901,White-Clouds,2,0.00649,25319,82.11923,30832
3902,WhySoBad,2,0.00649,25321,82.12571,30832
3903,wickedvalley,2,0.00649,25323,82.13220,30832
3904,willendzw,2,0.00649,25325,82.13869,30832
3905,willianmga,2,0.00649,25327,82.14517,30832
3906,will-mei,2,0.00649,25329,82.15166,30832
3907,wizardofchaosland,2,0.00649,25331,82.15815,30832
3908,wjlwjlwjlwjlwjlwjlwjl,2,0.00649,25333,82.16463,30832
3909,wkongucd,2,0.00649,25335,82.17112,30832
3910,wlampert,2,0.00649,25337,82.17761,30832
3911,woefe,2,0.00649,25339,82.18409,30832
3912,Wong112t,2,0.00649,25341,82.19058,30832
3913,wucb,2,0.00649,25343,82.19707,30832
3914,wuleninja,2,0.00649,25345,82.20355,30832
3915,wwthw,2,0.00649,25347,82.21004,30832
3916,wxpjimmy,2,0.00649,25349,82.21653,30832
3917,WzhHL,2,0.00649,25351,82.22302,30832
3918,xasterKies,2,0.00649,25353,82.22950,30832
3919,XavierSeh,2,0.00649,25355,82.23599,30832
3920,xciteddev,2,0.00649,25357,82.24248,30832
3921,xcyyddss,2,0.00649,25359,82.24896,30832
3922,Xe,2,0.00649,25361,82.25545,30832
3923,xenochor,2,0.00649,25363,82.26194,30832
3924,xiacongling,2,0.00649,25365,82.26842,30832
3925,xiaoajlszt,2,0.00649,25367,82.27491,30832
3926,Xiaomajohn,2,0.00649,25369,82.28140,30832
3927,xiaoyaozibc,2,0.00649,25371,82.28788,30832
3928,xiormeesh,2,0.00649,25373,82.29437,30832
3929,xiphl,2,0.00649,25375,82.30086,30832
3930,xlccccc,2,0.00649,25377,82.30734,30832
3931,XRFXLP,2,0.00649,25379,82.31383,30832
3932,xujinheng,2,0.00649,25381,82.32032,30832
3933,XuSShuai,2,0.00649,25383,82.32680,30832
3934,y0ngha,2,0.00649,25385,82.33329,30832
3935,y2361547758,2,0.00649,25387,82.33978,30832
3936,YaelMagrafta,2,0.00649,25389,82.34626,30832
3937,yangfeiyu20102011,2,0.00649,25391,82.35275,30832
3938,yangjian41727,2,0.00649,25393,82.35924,30832
3939,yangrw1,2,0.00649,25395,82.36572,30832
3940,YarinOmesi,2,0.00649,25397,82.37221,30832
3941,Yarin-Shitrit,2,0.00649,25399,82.37870,30832
3942,yarivg,2,0.00649,25401,82.38518,30832
3943,YashKakrechaInexture,2,0.00649,25403,82.39167,30832
3944,yashp24,2,0.00649,25405,82.39816,30832
3945,Yaswanth45,2,0.00649,25407,82.40464,30832
3946,Yc-Chen,2,0.00649,25409,82.41113,30832
3947,Yeg-A,2,0.00649,25411,82.41762,30832
3948,yenki,2,0.00649,25413,82.42410,30832
3949,yetingtingytt,2,0.00649,25415,82.43059,30832
3950,yevgen-el8,2,0.00649,25417,82.43708,30832
3951,YIHONG-JIN,2,0.00649,25419,82.44357,30832
3952,yj1009282034,2,0.00649,25421,82.45005,30832
3953,yoas0bi,2,0.00649,25423,82.45654,30832
3954,YogeshK34,2,0.00649,25425,82.46303,30832
3955,yshashix,2,0.00649,25427,82.46951,30832
3956,yushuobuxiu,2,0.00649,25429,82.47600,30832
3957,yxryxy,2,0.00649,25431,82.48249,30832
3958,z63d,2,0.00649,25433,82.48897,30832
3959,ZachDougherty,2,0.00649,25435,82.49546,30832
3960,Zainafd,2,0.00649,25437,82.50195,30832
3961,zamamohx,2,0.00649,25439,82.50843,30832
3962,zameer712,2,0.00649,25441,82.51492,30832
3963,zcapper,2,0.00649,25443,82.52141,30832
3964,ZegLeo,2,0.00649,25445,82.52789,30832
3965,zehsor,2,0.00649,25447,82.53438,30832
3966,Zenitugo,2,0.00649,25449,82.54087,30832
3967,zhangxx9451,2,0.00649,25451,82.54735,30832
3968,ZiRunHua,2,0.00649,25453,82.55384,30832
3969,zjuliuf,2,0.00649,25455,82.56033,30832
3970,zmnv,2,0.00649,25457,82.56681,30832
3971,Zoddo,2,0.00649,25459,82.57330,30832
3972,zoltanpeto,2,0.00649,25461,82.57979,30832
3973,zongz1024,2,0.00649,25463,82.58627,30832
3974,zouxianyu,2,0.00649,25465,82.59276,30832
3975,ZuluLame,2,0.00649,25467,82.59925,30832
3976,zxqqingchuan,2,0.00649,25469,82.60573,30832
3977,0ljik,1,0.00324,25470,82.60898,30832
3978,0x000def42,1,0.00324,25471,82.61222,30832
3979,0xCuteSocks,1,0.00324,25472,82.61546,30832
3980,0xMALVEE,1,0.00324,25473,82.61871,30832
3981,1024O,1,0.00324,25474,82.62195,30832
3982,1129xujia,1,0.00324,25475,82.62519,30832
3983,12rashic,1,0.00324,25476,82.62844,30832
3984,12wzy12,1,0.00324,25477,82.63168,30832
3985,1310208262,1,0.00324,25478,82.63492,30832
3986,13ajay,1,0.00324,25479,82.63817,30832
3987,1432bbll,1,0.00324,25480,82.64141,30832
3988,15066952332,1,0.00324,25481,82.64465,30832
3989,15918594535,1,0.00324,25482,82.64790,30832
3990,1999ankitgoyal,1,0.00324,25483,82.65114,30832
3991,20Naresh,1,0.00324,25484,82.65439,30832
3992,211220052,1,0.00324,25485,82.65763,30832
3993,211220056,1,0.00324,25486,82.66087,30832
3994,21k,1,0.00324,25487,82.66412,30832
3995,23tona,1,0.00324,25488,82.66736,30832
3996,243560834,1,0.00324,25489,82.67060,30832
3997,337240552,1,0.00324,25490,82.67385,30832
3998,3835085601,1,0.00324,25491,82.67709,30832
3999,403-html,1,0.00324,25492,82.68033,30832
4000,4111-619,1,0.00324,25493,82.68358,30832
4001,42Network,1,0.00324,25494,82.68682,30832
4002,480132,1,0.00324,25495,82.69006,30832
4003,576196565,1,0.00324,25496,82.69331,30832
4004,70G37H3R,1,0.00324,25497,82.69655,30832
4005,749,1,0.00324,25498,82.69979,30832
4006,7795114391,1,0.00324,25499,82.70304,30832
4007,780662833,1,0.00324,25500,82.70628,30832
4008,7tigersniffstherose7,1,0.00324,25501,82.70952,30832
4009,9SMTM6,1,0.00324,25502,82.71277,30832
4010,a1856315445,1,0.00324,25503,82.71601,30832
4011,a2102107,1,0.00324,25504,82.71925,30832
4012,a5116638,1,0.00324,25505,82.72250,30832
4013,aallred-cw,1,0.00324,25506,82.72574,30832
4014,aartigao,1,0.00324,25507,82.72898,30832
4015,aastha2899,1,0.00324,25508,82.73223,30832
4016,aayeshaarshad,1,0.00324,25509,82.73547,30832
4017,abacchilb,1,0.00324,25510,82.73871,30832
4018,abagos,1,0.00324,25511,82.74196,30832
4019,abalamilla,1,0.00324,25512,82.74520,30832
4020,abaluta,1,0.00324,25513,82.74844,30832
4021,abdelraouf-bl,1,0.00324,25514,82.75169,30832
4022,abdnah,1,0.00324,25515,82.75493,30832
4023,abdulazezms,1,0.00324,25516,82.75817,30832
4024,abdulmoiz02,1,0.00324,25517,82.76142,30832
4025,abeleon-m1,1,0.00324,25518,82.76466,30832
4026,abhihendre,1,0.00324,25519,82.76790,30832
4027,abhijitvikash,1,0.00324,25520,82.77115,30832
4028,abhimanyu003,1,0.00324,25521,82.77439,30832
4029,abhinavk001,1,0.00324,25522,82.77763,30832
4030,abhinavs001,1,0.00324,25523,82.78088,30832
4031,abhinavsgaikwad93,1,0.00324,25524,82.78412,30832
4032,abhinavyesss,1,0.00324,25525,82.78736,30832
4033,AbhisekBag,1,0.00324,25526,82.79061,30832
4034,abhishek96negi,1,0.00324,25527,82.79385,30832
4035,abhishek-j16,1,0.00324,25528,82.79709,30832
4036,abhishekmahajan0709222,1,0.00324,25529,82.80034,30832
4037,abhishekmotifworks,1,0.00324,25530,82.80358,30832
4038,abhitrip07,1,0.00324,25531,82.80682,30832
4039,Abiji-2020,1,0.00324,25532,82.81007,30832
4040,abimbolaesuruoso-sky,1,0.00324,25533,82.81331,30832
4041,abmoussaoui,1,0.00324,25534,82.81655,30832
4042,abos,1,0.00324,25535,82.81980,30832
4043,abratanich,1,0.00324,25536,82.82304,30832
4044,abunet,1,0.00324,25537,82.82628,30832
4045,acaremrullah,1,0.00324,25538,82.82953,30832
4046,Acarlso,1,0.00324,25539,82.83277,30832
4047,acarvalho2-wiq,1,0.00324,25540,82.83601,30832
4048,acceptacross,1,0.00324,25541,82.83926,30832
4049,acornforth,1,0.00324,25542,82.84250,30832
4050,adam-cattermole,1,0.00324,25543,82.84574,30832
4051,adamf-sendblocks,1,0.00324,25544,82.84899,30832
4052,adam-harries-hub,1,0.00324,25545,82.85223,30832
4053,adamlwatson,1,0.00324,25546,82.85547,30832
4054,adamsem,1,0.00324,25547,82.85872,30832
4055,adamsmith959,1,0.00324,25548,82.86196,30832
4056,adam-suflida,1,0.00324,25549,82.86520,30832
4057,AdaQiao,1,0.00324,25550,82.86845,30832
4058,Addvilz,1,0.00324,25551,82.87169,30832
4059,adeelahmedcsku,1,0.00324,25552,82.87494,30832
4060,adeinega,1,0.00324,25553,82.87818,30832
4061,adenitiu,1,0.00324,25554,82.88142,30832
4062,adepretis,1,0.00324,25555,82.88467,30832
4063,adir852,1,0.00324,25556,82.88791,30832
4064,adist98,1,0.00324,25557,82.89115,30832
4065,aditjya,1,0.00324,25558,82.89440,30832
4066,Adity2030,1,0.00324,25559,82.89764,30832
4067,Aditya1523,1,0.00324,25560,82.90088,30832
4068,adityaAllen,1,0.00324,25561,82.90413,30832
4069,aditya-facets,1,0.00324,25562,82.90737,30832
4070,adityamittl,1,0.00324,25563,82.91061,30832
4071,adityapatadia,1,0.00324,25564,82.91386,30832
4072,adityawdubey,1,0.00324,25565,82.91710,30832
4073,adiun,1,0.00324,25566,82.92034,30832
4074,advorzhak,1,0.00324,25567,82.92359,30832
4075,ADV-R,1,0.00324,25568,82.92683,30832
4076,Aelina29,1,0.00324,25569,82.93007,30832
4077,aenshin-pp,1,0.00324,25570,82.93332,30832
4078,aestebangarcianavas,1,0.00324,25571,82.93656,30832
4079,AetheWu,1,0.00324,25572,82.93980,30832
4080,Aetylus,1,0.00324,25573,82.94305,30832
4081,afayasa,1,0.00324,25574,82.94629,30832
4082,afeblot,1,0.00324,25575,82.94953,30832
4083,afer4152,1,0.00324,25576,82.95278,30832
4084,Affanmir,1,0.00324,25577,82.95602,30832
4085,afilonchuk,1,0.00324,25578,82.95926,30832
4086,afink-osi,1,0.00324,25579,82.96251,30832
4087,AforOdoma,1,0.00324,25580,82.96575,30832
4088,AgarwalMaddy,1,0.00324,25581,82.96899,30832
4089,agateaux,1,0.00324,25582,82.97224,30832
4090,aGGre55or,1,0.00324,25583,82.97548,30832
4091,agirlnamedsophia,1,0.00324,25584,82.97872,30832
4092,aglv,1,0.00324,25585,82.98197,30832
4093,agoel25,1,0.00324,25586,82.98521,30832
4094,agologan,1,0.00324,25587,82.98845,30832
4095,ahaw2024,1,0.00324,25588,82.99170,30832
4096,ahbonsu,1,0.00324,25589,82.99494,30832
4097,aherbst-broad,1,0.00324,25590,82.99818,30832
4098,ahilden,1,0.00324,25591,83.00143,30832
4099,ahmedelq,1,0.00324,25592,83.00467,30832
4100,AhmedRaafat14,1,0.00324,25593,83.00791,30832
4101,ahublersos,1,0.00324,25594,83.01116,30832
4102,ahxxm,1,0.00324,25595,83.01440,30832
4103,AhyeongLee,1,0.00324,25596,83.01764,30832
4104,AichaDevOps,1,0.00324,25597,83.02089,30832
4105,aiici,1,0.00324,25598,83.02413,30832
4106,Airfan,1,0.00324,25599,83.02737,30832
4107,aitrics-ray,1,0.00324,25600,83.03062,30832
4108,aiweaver,1,0.00324,25601,83.03386,30832
4109,ajaygk95,1,0.00324,25602,83.03710,30832
4110,ajaymahto15,1,0.00324,25603,83.04035,30832
4111,ajhodgson,1,0.00324,25604,83.04359,30832
4112,ajit2548,1,0.00324,25605,83.04683,30832
4113,ajvengo,1,0.00324,25606,83.05008,30832
4114,ajwstevens,1,0.00324,25607,83.05332,30832
4115,akainu11,1,0.00324,25608,83.05656,30832
4116,akakira,1,0.00324,25609,83.05981,30832
4117,aKardasz,1,0.00324,25610,83.06305,30832
4118,AKBANK28,1,0.00324,25611,83.06629,30832
4119,akeebismail,1,0.00324,25612,83.06954,30832
4120,akgerber,1,0.00324,25613,83.07278,30832
4121,akguerrero,1,0.00324,25614,83.07602,30832
4122,Akhilesh170194,1,0.00324,25615,83.07927,30832
4123,aki-caffeine,1,0.00324,25616,83.08251,30832
4124,akienz99,1,0.00324,25617,83.08576,30832
4125,akiho-miyamura,1,0.00324,25618,83.08900,30832
4126,Akkimankar,1,0.00324,25619,83.09224,30832
4127,akolliakou,1,0.00324,25620,83.09549,30832
4128,akolosov-n,1,0.00324,25621,83.09873,30832
4129,akosel,1,0.00324,25622,83.10197,30832
4130,akramadel,1,0.00324,25623,83.10522,30832
4131,aksatish19,1,0.00324,25624,83.10846,30832
4132,akshaynanavare,1,0.00324,25625,83.11170,30832
4133,Akshobhya123,1,0.00324,25626,83.11495,30832
4134,akubik-splunk,1,0.00324,25627,83.11819,30832
4135,al3x609,1,0.00324,25628,83.12143,30832
4136,alabonte7,1,0.00324,25629,83.12468,30832
4137,alagusundarams,1,0.00324,25630,83.12792,30832
4138,AlainGIGNAC,1,0.00324,25631,83.13116,30832
4139,alaingiller,1,0.00324,25632,83.13441,30832
4140,alainrk,1,0.00324,25633,83.13765,30832
4141,alanalanyu,1,0.00324,25634,83.14089,30832
4142,alandekok,1,0.00324,25635,83.14414,30832
4143,alangilmor,1,0.00324,25636,83.14738,30832
4144,AlanGRutter,1,0.00324,25637,83.15062,30832
4145,AlanRitchie,1,0.00324,25638,83.15387,30832
4146,AlaskaJedi,1,0.00324,25639,83.15711,30832
4147,albertalvin8080,1,0.00324,25640,83.16035,30832
4148,albimn,1,0.00324,25641,83.16360,30832
4149,AlbinB97,1,0.00324,25642,83.16684,30832
4150,albinvass,1,0.00324,25643,83.17008,30832
4151,aldesgroup,1,0.00324,25644,83.17333,30832
4152,Aldisti,1,0.00324,25645,83.17657,30832
4153,aleboulanger,1,0.00324,25646,83.17981,30832
4154,AlejandroReBa,1,0.00324,25647,83.18306,30832
4155,aleksey-smirnov-deca,1,0.00324,25648,83.18630,30832
4156,aleMaqueda,1,0.00324,25649,83.18954,30832
4157,alemsas,1,0.00324,25650,83.19279,30832
4158,AlexanderSkogorev,1,0.00324,25651,83.19603,30832
4159,AlexanderStocks,1,0.00324,25652,83.19927,30832
4160,AlexandreGuidin,1,0.00324,25653,83.20252,30832
4161,alexandru-lazarev,1,0.00324,25654,83.20576,30832
4162,AlexBAV,1,0.00324,25655,83.20900,30832
4163,alexcodelf,1,0.00324,25656,83.21225,30832
4164,alexcyber,1,0.00324,25657,83.21549,30832
4165,AlexElin,1,0.00324,25658,83.21873,30832
4166,Alexey-Goru1ev,1,0.00324,25659,83.22198,30832
4167,AlexeyTozik,1,0.00324,25660,83.22522,30832
4168,alexhwcheng,1,0.00324,25661,83.22846,30832
4169,alexis-renard,1,0.00324,25662,83.23171,30832
4170,alexl-splunk,1,0.00324,25663,83.23495,30832
4171,AlexPo1234,1,0.00324,25664,83.23819,30832
4172,AlexPokatilov,1,0.00324,25665,83.24144,30832
4173,alexraddas,1,0.00324,25666,83.24468,30832
4174,alexrygalov,1,0.00324,25667,83.24792,30832
4175,alfadb,1,0.00324,25668,83.25117,30832
4176,alghanmi,1,0.00324,25669,83.25441,30832
4177,aliaksei-shlemiankou-unity,1,0.00324,25670,83.25765,30832
4178,Alice5698,1,0.00324,25671,83.26090,30832
4179,alin-grecu,1,0.00324,25672,83.26414,30832
4180,AliSajid,1,0.00324,25673,83.26738,30832
4181,AlistairMcCutcheonIAS,1,0.00324,25674,83.27063,30832
4182,aljaznuncic,1,0.00324,25675,83.27387,30832
4183,allen92524,1,0.00324,25676,83.27711,30832
4184,allen-gf,1,0.00324,25677,83.28036,30832
4185,allenmchan,1,0.00324,25678,83.28360,30832
4186,allexf,1,0.00324,25679,83.28684,30832
4187,allimacmillan,1,0.00324,25680,83.29009,30832
4188,Allow-tap,1,0.00324,25681,83.29333,30832
4189,allyrr,1,0.00324,25682,83.29657,30832
4190,almirosmanovic,1,0.00324,25683,83.29982,30832
4191,aloutfi,1,0.00324,25684,83.30306,30832
4192,alpekin98,1,0.00324,25685,83.30631,30832
4193,alperbasay,1,0.00324,25686,83.30955,30832
4194,Al-Serhan,1,0.00324,25687,83.31279,30832
4195,alsotang,1,0.00324,25688,83.31604,30832
4196,Althaf-C,1,0.00324,25689,83.31928,30832
4197,alxmitch,1,0.00324,25690,83.32252,30832
4198,amahdhaoui-ionos,1,0.00324,25691,83.32577,30832
4199,amalgawa,1,0.00324,25692,83.32901,30832
4200,amal-v,1,0.00324,25693,83.33225,30832
4201,a-manchal,1,0.00324,25694,83.33550,30832
4202,Aman-Manwani,1,0.00324,25695,83.33874,30832
4203,amanr-dev,1,0.00324,25696,83.34198,30832
4204,amarmsft,1,0.00324,25697,83.34523,30832
4205,amaze-escape,1,0.00324,25698,83.34847,30832
4206,amber-beasley-liatrio,1,0.00324,25699,83.35171,30832
4207,AMC-7,1,0.00324,25700,83.35496,30832
4208,amckellar-marzvfx,1,0.00324,25701,83.35820,30832
4209,amedveshchek,1,0.00324,25702,83.36144,30832
4210,amgoncal,1,0.00324,25703,83.36469,30832
4211,amichel,1,0.00324,25704,83.36793,30832
4212,AmicoJoules,1,0.00324,25705,83.37117,30832
4213,ami-descope,1,0.00324,25706,83.37442,30832
4214,aminerachyd,1,0.00324,25707,83.37766,30832
4215,aming27,1,0.00324,25708,83.38090,30832
4216,aminrj,1,0.00324,25709,83.38415,30832
4217,aminzakizebarjad,1,0.00324,25710,83.38739,30832
4218,amirabbas8,1,0.00324,25711,83.39063,30832
4219,Amir-Tayabali,1,0.00324,25712,83.39388,30832
4220,AmiSMB,1,0.00324,25713,83.39712,30832
4221,amit3512,1,0.00324,25714,83.40036,30832
4222,amit60829,1,0.00324,25715,83.40361,30832
4223,amith-k-r,1,0.00324,25716,83.40685,30832
4224,amit-mittal,1,0.00324,25717,83.41009,30832
4225,Amit-mycedar,1,0.00324,25718,83.41334,30832
4226,Amiyaer,1,0.00324,25719,83.41658,30832
4227,ammarar,1,0.00324,25720,83.41982,30832
4228,ammnt,1,0.00324,25721,83.42307,30832
4229,amorabito,1,0.00324,25722,83.42631,30832
4230,Amptye,1,0.00324,25723,83.42955,30832
4231,AmrElkady93,1,0.00324,25724,83.43280,30832
4232,AmrYousef,1,0.00324,25725,83.43604,30832
4233,amundead,1,0.00324,25726,83.43928,30832
4234,amurchick,1,0.00324,25727,83.44253,30832
4235,a-mykhailenko,1,0.00324,25728,83.44577,30832
4236,anandnool,1,0.00324,25729,83.44901,30832
4237,AnassZn,1,0.00324,25730,83.45226,30832
4238,anatols,1,0.00324,25731,83.45550,30832
4239,AndeYashwanth,1,0.00324,25732,83.45874,30832
4240,andonovski,1,0.00324,25733,83.46199,30832
4241,andrazjelenc,1,0.00324,25734,83.46523,30832
4242,andreasathanasopoulos,1,0.00324,25735,83.46847,30832
4243,AndreasBillmann,1,0.00324,25736,83.47172,30832
4244,AndreasDoblander,1,0.00324,25737,83.47496,30832
4245,Andreik8s,1,0.00324,25738,83.47820,30832
4246,andrekloster,1,0.00324,25739,83.48145,30832
4247,andrewdmaclean,1,0.00324,25740,83.48469,30832
4248,andrewkmin,1,0.00324,25741,83.48793,30832
4249,andrewmatthews,1,0.00324,25742,83.49118,30832
4250,andrewmeyer,1,0.00324,25743,83.49442,30832
4251,Andrew-Su-0718,1,0.00324,25744,83.49766,30832
4252,andrewvious,1,0.00324,25745,83.50091,30832
4253,AndrewWinterman,1,0.00324,25746,83.50415,30832
4254,andrewzrant,1,0.00324,25747,83.50739,30832
4255,andriimykhailovsumup,1,0.00324,25748,83.51064,30832
4256,andrii-rymar,1,0.00324,25749,83.51388,30832
4257,andycoderapptio,1,0.00324,25750,83.51713,30832
4258,AndyrVista,1,0.00324,25751,83.52037,30832
4259,aneesh2301,1,0.00324,25752,83.52361,30832
4260,angabini,1,0.00324,25753,83.52686,30832
4261,anhnlh,1,0.00324,25754,83.53010,30832
4262,anilkumarpole,1,0.00324,25755,83.53334,30832
4263,anindyahepth,1,0.00324,25756,83.53659,30832
4264,anish9461,1,0.00324,25757,83.53983,30832
4265,anisoptera,1,0.00324,25758,83.54307,30832
4266,anitakrueger,1,0.00324,25759,83.54632,30832
4267,Anjali24-54,1,0.00324,25760,83.54956,30832
4268,anjanee6260,1,0.00324,25761,83.55280,30832
4269,ankan-devops,1,0.00324,25762,83.55605,30832
4270,ankiiisharma,1,0.00324,25763,83.55929,30832
4271,ankita2402,1,0.00324,25764,83.56253,30832
4272,ankitgyawali,1,0.00324,25765,83.56578,30832
4273,Ankitwadhwa222,1,0.00324,25766,83.56902,30832
4274,ankneo,1,0.00324,25767,83.57226,30832
4275,anmol-pal,1,0.00324,25768,83.57551,30832
4276,annapras,1,0.00324,25769,83.57875,30832
4277,anoop1495,1,0.00324,25770,83.58199,30832
4278,anooprehman,1,0.00324,25771,83.58524,30832
4279,AnQueth,1,0.00324,25772,83.58848,30832
4280,anryko,1,0.00324,25773,83.59172,30832
4281,AnsenIO,1,0.00324,25774,83.59497,30832
4282,Ansible-man,1,0.00324,25775,83.59821,30832
4283,an-storozhev,1,0.00324,25776,83.60145,30832
4284,anthony-harris,1,0.00324,25777,83.60470,30832
4285,anthony-mds,1,0.00324,25778,83.60794,30832
4286,antongollbo123,1,0.00324,25779,83.61118,30832
4287,antoniasouza,1,0.00324,25780,83.61443,30832
4288,antonioazambuja,1,0.00324,25781,83.61767,30832
4289,antonio-gomez-navarro,1,0.00324,25782,83.62091,30832
4290,AntonKrug,1,0.00324,25783,83.62416,30832
4291,antonlidblad,1,0.00324,25784,83.62740,30832
4292,antonr-p2p,1,0.00324,25785,83.63064,30832
4293,antontruly,1,0.00324,25786,83.63389,30832
4294,anultravioletaurora,1,0.00324,25787,83.63713,30832
4295,anurag2994,1,0.00324,25788,83.64037,30832
4296,AnushaTRC,1,0.00324,25789,83.64362,30832
4297,anushkadoyan,1,0.00324,25790,83.64686,30832
4298,anyfeel,1,0.00324,25791,83.65010,30832
4299,anzb-cg,1,0.00324,25792,83.65335,30832
4300,aoc-dd,1,0.00324,25793,83.65659,30832
4301,aoommen-bunnings,1,0.00324,25794,83.65983,30832
4302,aottr,1,0.00324,25795,83.66308,30832
4303,apaarsaini03,1,0.00324,25796,83.66632,30832
4304,apamildner,1,0.00324,25797,83.66956,30832
4305,apaykush,1,0.00324,25798,83.67281,30832
4306,Apokalypt,1,0.00324,25799,83.67605,30832
4307,apoorvdwi,1,0.00324,25800,83.67929,30832
4308,apple-dot-com,1,0.00324,25801,83.68254,30832
4309,apurvakg,1,0.00324,25802,83.68578,30832
4310,aputlock,1,0.00324,25803,83.68902,30832
4311,aqq777,1,0.00324,25804,83.69227,30832
4312,aradhyabakshi,1,0.00324,25805,83.69551,30832
4313,araji-collibra,1,0.00324,25806,83.69875,30832
4314,Aramorth,1,0.00324,25807,83.70200,30832
4315,arattur,1,0.00324,25808,83.70524,30832
4316,aravind9988,1,0.00324,25809,83.70848,30832
4317,aravinthkarur,1,0.00324,25810,83.71173,30832
4318,Archesky,1,0.00324,25811,83.71497,30832
4319,Areeb786123,1,0.00324,25812,83.71821,30832
4320,ArenSH,1,0.00324,25813,83.72146,30832
4321,AresAme,1,0.00324,25814,83.72470,30832
4322,argon-kr,1,0.00324,25815,83.72794,30832
4323,ArielSzekely,1,0.00324,25816,83.73119,30832
4324,arifd,1,0.00324,25817,83.73443,30832
4325,arjunvkrishna,1,0.00324,25818,83.73768,30832
4326,arkberezkin,1,0.00324,25819,83.74092,30832
4327,armondressler,1,0.00324,25820,83.74416,30832
4328,Arpan-Soni,1,0.00324,25821,83.74741,30832
4329,arshh-d,1,0.00324,25822,83.75065,30832
4330,Artebomba,1,0.00324,25823,83.75389,30832
4331,artem-akulshin,1,0.00324,25824,83.75714,30832
4332,ArtemSkok-Leia,1,0.00324,25825,83.76038,30832
4333,ArthurJam,1,0.00324,25826,83.76362,30832
4334,artmakh,1,0.00324,25827,83.76687,30832
4335,artragis,1,0.00324,25828,83.77011,30832
4336,ArtTemiy,1,0.00324,25829,83.77335,30832
4337,arturs706,1,0.00324,25830,83.77660,30832
4338,arulthileeban,1,0.00324,25831,83.77984,30832
4339,ArunPesari2,1,0.00324,25832,83.78308,30832
4340,arunxls,1,0.00324,25833,83.78633,30832
4341,arushdesp,1,0.00324,25834,83.78957,30832
4342,AryaCherryLiu,1,0.00324,25835,83.79281,30832
4343,AryaLee,1,0.00324,25836,83.79606,30832
4344,aryazen,1,0.00324,25837,83.79930,30832
4345,asandoval,1,0.00324,25838,83.80254,30832
4346,asanka-x,1,0.00324,25839,83.80579,30832
4347,asgerjensen,1,0.00324,25840,83.80903,30832
4348,asgerkrabbe,1,0.00324,25841,83.81227,30832
4349,ashok-busi,1,0.00324,25842,83.81552,30832
4350,ashtongraves,1,0.00324,25843,83.81876,30832
4351,ashutoshrathore,1,0.00324,25844,83.82200,30832
4352,Ashwinip343,1,0.00324,25845,83.82525,30832
4353,asininemonkey,1,0.00324,25846,83.82849,30832
4354,asjayli,1,0.00324,25847,83.83173,30832
4355,asker9527,1,0.00324,25848,83.83498,30832
4356,aslanahmtv,1,0.00324,25849,83.83822,30832
4357,asluborski,1,0.00324,25850,83.84146,30832
4358,asmabahri,1,0.00324,25851,83.84471,30832
4359,asmitde,1,0.00324,25852,83.84795,30832
4360,ASoldo,1,0.00324,25853,83.85119,30832
4361,asouchang,1,0.00324,25854,83.85444,30832
4362,asphytotalxtc,1,0.00324,25855,83.85768,30832
4363,assices,1,0.00324,25856,83.86092,30832
4364,astanishevskyi-gl,1,0.00324,25857,83.86417,30832
4365,Astonal,1,0.00324,25858,83.86741,30832
4366,astove17,1,0.00324,25859,83.87065,30832
4367,astroy21,1,0.00324,25860,83.87390,30832
4368,aswath-betaflux,1,0.00324,25861,83.87714,30832
4369,aswingilli,1,0.00324,25862,83.88038,30832
4370,aswin-vijayan,1,0.00324,25863,83.88363,30832
4371,atabakhafeez,1,0.00324,25864,83.88687,30832
4372,Atharva-Kanherkar,1,0.00324,25865,83.89011,30832
4373,athnoc-dev,1,0.00324,25866,83.89336,30832
4374,Athuliva,1,0.00324,25867,83.89660,30832
4375,atimermann,1,0.00324,25868,83.89984,30832
4376,atlasoft,1,0.00324,25869,83.90309,30832
4377,atomic,1,0.00324,25870,83.90633,30832
4378,attaluris,1,0.00324,25871,83.90957,30832
4379,attentionat,1,0.00324,25872,83.91282,30832
4380,atulyadav745,1,0.00324,25873,83.91606,30832
4381,audgirka,1,0.00324,25874,83.91930,30832
4382,Audiotape-2,1,0.00324,25875,83.92255,30832
4383,augustl,1,0.00324,25876,83.92579,30832
4384,aureamunoz,1,0.00324,25877,83.92903,30832
4385,aurifolia,1,0.00324,25878,83.93228,30832
4386,AuroraEmiya,1,0.00324,25879,83.93552,30832
4387,Ausqa21,1,0.00324,25880,83.93876,30832
4388,AustinReeseKipsu,1,0.00324,25881,83.94201,30832
4389,autobotsop,1,0.00324,25882,83.94525,30832
4390,av1m,1,0.00324,25883,83.94850,30832
4391,avanide,1,0.00324,25884,83.95174,30832
4392,avaraljai,1,0.00324,25885,83.95498,30832
4393,averemee-si,1,0.00324,25886,83.95823,30832
4394,avi028,1,0.00324,25887,83.96147,30832
4395,avibellapu,1,0.00324,25888,83.96471,30832
4396,avinesh-tripathi-s1,1,0.00324,25889,83.96796,30832
4397,avinode-amagdy,1,0.00324,25890,83.97120,30832
4398,avi-ran,1,0.00324,25891,83.97444,30832
4399,avneesh91,1,0.00324,25892,83.97769,30832
4400,avoidalone,1,0.00324,25893,83.98093,30832
4401,avtrujillo,1,0.00324,25894,83.98417,30832
4402,awadakendagu,1,0.00324,25895,83.98742,30832
4403,awbuana,1,0.00324,25896,83.99066,30832
4404,Awinr,1,0.00324,25897,83.99390,30832
4405,awni,1,0.00324,25898,83.99715,30832
4406,awoichanksy,1,0.00324,25899,84.00039,30832
4407,awsdevopz,1,0.00324,25900,84.00363,30832
4408,axaxs,1,0.00324,25901,84.00688,30832
4409,axeII,1,0.00324,25902,84.01012,30832
4410,axe-me,1,0.00324,25903,84.01336,30832
4411,axif0,1,0.00324,25904,84.01661,30832
4412,Axnco,1,0.00324,25905,84.01985,30832
4413,axww,1,0.00324,25906,84.02309,30832
4414,ayates83,1,0.00324,25907,84.02634,30832
4415,a-yuex,1,0.00324,25908,84.02958,30832
4416,AyushGupta7024,1,0.00324,25909,84.03282,30832
4417,azeem225,1,0.00324,25910,84.03607,30832
4418,AZM999,1,0.00324,25911,84.03931,30832
4419,azryve,1,0.00324,25912,84.04255,30832
4420,azurebose,1,0.00324,25913,84.04580,30832
4421,b1r3k,1,0.00324,25914,84.04904,30832
4422,b3n3d17,1,0.00324,25915,84.05228,30832
4423,B4llouk,1,0.00324,25916,84.05553,30832
4424,b509,1,0.00324,25917,84.05877,30832
4425,BabaTataKaka,1,0.00324,25918,84.06201,30832
4426,babinkos,1,0.00324,25919,84.06526,30832
4427,baby-daddy,1,0.00324,25920,84.06850,30832
4428,backuitist,1,0.00324,25921,84.07174,30832
4429,Baenimyr,1,0.00324,25922,84.07499,30832
4430,BahaaAbouShakra,1,0.00324,25923,84.07823,30832
4431,bahner,1,0.00324,25924,84.08147,30832
4432,bakavets-ma,1,0.00324,25925,84.08472,30832
4433,bakduo,1,0.00324,25926,84.08796,30832
4434,bala19,1,0.00324,25927,84.09120,30832
4435,baldingone,1,0.00324,25928,84.09445,30832
4436,baloo42,1,0.00324,25929,84.09769,30832
4437,balorette,1,0.00324,25930,84.10093,30832
4438,bananatoast,1,0.00324,25931,84.10418,30832
4439,baobabtr33,1,0.00324,25932,84.10742,30832
4440,barkathaliucar,1,0.00324,25933,84.11066,30832
4441,barreiro,1,0.00324,25934,84.11391,30832
4442,barry110986,1,0.00324,25935,84.11715,30832
4443,barryzhang-cloud,1,0.00324,25936,84.12039,30832
4444,bart-braidwell,1,0.00324,25937,84.12364,30832
4445,bart-brodz,1,0.00324,25938,84.12688,30832
4446,bartecargo,1,0.00324,25939,84.13012,30832
4447,barywhyte,1,0.00324,25940,84.13337,30832
4448,bashirmindee,1,0.00324,25941,84.13661,30832
4449,Basrib,1,0.00324,25942,84.13985,30832
4450,bastien-k,1,0.00324,25943,84.14310,30832
4451,baterja,1,0.00324,25944,84.14634,30832
4452,baudouxbenjamin,1,0.00324,25945,84.14958,30832
4453,bbqf,1,0.00324,25946,84.15283,30832
4454,BCantos17,1,0.00324,25947,84.15607,30832
4455,bc-bishwash,1,0.00324,25948,84.15931,30832
4456,bdeetz,1,0.00324,25949,84.16256,30832
4457,bdljohnson,1,0.00324,25950,84.16580,30832
4458,bdumpp,1,0.00324,25951,84.16905,30832
4459,Beardedwan,1,0.00324,25952,84.17229,30832
4460,begmaroman,1,0.00324,25953,84.17553,30832
4461,Ben10k,1,0.00324,25954,84.17878,30832
4462,Benak961,1,0.00324,25955,84.18202,30832
4463,Benal78,1,0.00324,25956,84.18526,30832
4464,benass12,1,0.00324,25957,84.18851,30832
4465,benetaptech,1,0.00324,25958,84.19175,30832
4466,benjamingeer,1,0.00324,25959,84.19499,30832
4467,benjaminprevost,1,0.00324,25960,84.19824,30832
4468,benjy44,1,0.00324,25961,84.20148,30832
4469,bennypi,1,0.00324,25962,84.20472,30832
4470,benoit-parmentier-2,1,0.00324,25963,84.20797,30832
4471,bensalahmohameed,1,0.00324,25964,84.21121,30832
4472,Benson5555,1,0.00324,25965,84.21445,30832
4473,bensontruong,1,0.00324,25966,84.21770,30832
4474,bentzys,1,0.00324,25967,84.22094,30832
4475,berendiwema,1,0.00324,25968,84.22418,30832
4476,berikulyBeket,1,0.00324,25969,84.22743,30832
4477,berks-slack,1,0.00324,25970,84.23067,30832
4478,bernard0le,1,0.00324,25971,84.23391,30832
4479,Bernd-Tinkl-ASCONA,1,0.00324,25972,84.23716,30832
4480,bernhardreiter,1,0.00324,25973,84.24040,30832
4481,bertiniawara,1,0.00324,25974,84.24364,30832
4482,bert-jan,1,0.00324,25975,84.24689,30832
4483,bewinsnw,1,0.00324,25976,84.25013,30832
4484,bfinta,1,0.00324,25977,84.25337,30832
4485,bfrancom,1,0.00324,25978,84.25662,30832
4486,bgould-careplanner,1,0.00324,25979,84.25986,30832
4487,bgounon,1,0.00324,25980,84.26310,30832
4488,bgrouxupgrade,1,0.00324,25981,84.26635,30832
4489,bhanu8824,1,0.00324,25982,84.26959,30832
4490,bharatgoelharness,1,0.00324,25983,84.27283,30832
4491,Bharath-vi,1,0.00324,25984,84.27608,30832
4492,bhargavmak,1,0.00324,25985,84.27932,30832
4493,bhargavn-github,1,0.00324,25986,84.28256,30832
4494,bhartik021,1,0.00324,25987,84.28581,30832
4495,bhurlow,1,0.00324,25988,84.28905,30832
4496,bigfan6,1,0.00324,25989,84.29229,30832
4497,bigfatgoalieX,1,0.00324,25990,84.29554,30832
4498,BigKAA,1,0.00324,25991,84.29878,30832
4499,BigThor12,1,0.00324,25992,84.30202,30832
4500,BigValen,1,0.00324,25993,84.30527,30832
4501,bilaalrashid,1,0.00324,25994,84.30851,30832
4502,Bilanda,1,0.00324,25995,84.31175,30832
4503,BilBomba,1,0.00324,25996,84.31500,30832
4504,bilde2910,1,0.00324,25997,84.31824,30832
4505,biljicmarko,1,0.00324,25998,84.32148,30832
4506,billanel,1,0.00324,25999,84.32473,30832
4507,BillWarrenNY,1,0.00324,26000,84.32797,30832
4508,billylaing,1,0.00324,26001,84.33121,30832
4509,bingderder,1,0.00324,26002,84.33446,30832
4510,Biold,1,0.00324,26003,84.33770,30832
4511,BIPINAIREE,1,0.00324,26004,84.34094,30832
4512,birla,1,0.00324,26005,84.34419,30832
4513,Bishal-Bhandari01,1,0.00324,26006,84.34743,30832
4514,Biswa96,1,0.00324,26007,84.35067,30832
4515,bk62,1,0.00324,26008,84.35392,30832
4516,BL19,1,0.00324,26009,84.35716,30832
4517,blaaahJS,1,0.00324,26010,84.36040,30832
4518,blade5502,1,0.00324,26011,84.36365,30832
4519,BlauerPulli,1,0.00324,26012,84.36689,30832
4520,blchilders,1,0.00324,26013,84.37013,30832
4521,blfrie,1,0.00324,26014,84.37338,30832
4522,Blissbill,1,0.00324,26015,84.37662,30832
4523,blixco,1,0.00324,26016,84.37987,30832
4524,blixem777,1,0.00324,26017,84.38311,30832
4525,blixuga,1,0.00324,26018,84.38635,30832
4526,blizzah,1,0.00324,26019,84.38960,30832
4527,blo-grindr,1,0.00324,26020,84.39284,30832
4528,bloomingFlower,1,0.00324,26021,84.39608,30832
4529,blshkv,1,0.00324,26022,84.39933,30832
4530,bluekitedreamer,1,0.00324,26023,84.40257,30832
4531,blueowlgreenfish,1,0.00324,26024,84.40581,30832
4532,blurredpixel,1,0.00324,26025,84.40906,30832
4533,bluu926,1,0.00324,26026,84.41230,30832
4534,bmeier-pros,1,0.00324,26027,84.41554,30832
4535,bncbodrogi,1,0.00324,26028,84.41879,30832
4536,bnigh,1,0.00324,26029,84.42203,30832
4537,boardtc,1,0.00324,26030,84.42527,30832
4538,bobrosoft,1,0.00324,26031,84.42852,30832
4539,bob-tee,1,0.00324,26032,84.43176,30832
4540,bobvandevijver,1,0.00324,26033,84.43500,30832
4541,bocje,1,0.00324,26034,84.43825,30832
4542,BoeingFever,1,0.00324,26035,84.44149,30832
4543,bogdanmaracine,1,0.00324,26036,84.44473,30832
4544,bohdanbinahai,1,0.00324,26037,84.44798,30832
4545,bohuslav-broza,1,0.00324,26038,84.45122,30832
4546,bonelli,1,0.00324,26039,84.45446,30832
4547,bonilla-cesar,1,0.00324,26040,84.45771,30832
4548,bortojac,1,0.00324,26041,84.46095,30832
4549,bosh-3shape,1,0.00324,26042,84.46419,30832
4550,boulderbit,1,0.00324,26043,84.46744,30832
4551,Bourne-ID,1,0.00324,26044,84.47068,30832
4552,BoysheO,1,0.00324,26045,84.47392,30832
4553,bphenriques,1,0.00324,26046,84.47717,30832
4554,brad-getpassport,1,0.00324,26047,84.48041,30832
4555,brais-real-edo,1,0.00324,26048,84.48365,30832
4556,brandonbirdj,1,0.00324,26049,84.48690,30832
4557,brandonw62,1,0.00324,26050,84.49014,30832
4558,brankodjurkic,1,0.00324,26051,84.49338,30832
4559,BratusN,1,0.00324,26052,84.49663,30832
4560,brennenmurray,1,0.00324,26053,84.49987,30832
4561,BrentOnRails,1,0.00324,26054,84.50311,30832
4562,Brett-Nugent,1,0.00324,26055,84.50636,30832
4563,Brhett,1,0.00324,26056,84.50960,30832
4564,briantist,1,0.00324,26057,84.51284,30832
4565,brightchen,1,0.00324,26058,84.51609,30832
4566,britishrum,1,0.00324,26059,84.51933,30832
4567,brjadams,1,0.00324,26060,84.52257,30832
4568,BruceDone,1,0.00324,26061,84.52582,30832
4569,bruceybian,1,0.00324,26062,84.52906,30832
4570,bruno561,1,0.00324,26063,84.53230,30832
4571,brunodzogovic,1,0.00324,26064,84.53555,30832
4572,brunolima1989,1,0.00324,26065,84.53879,30832
4573,brunomendoncapicpay,1,0.00324,26066,84.54203,30832
4574,bruno-notifi,1,0.00324,26067,84.54528,30832
4575,brunopbarrote,1,0.00324,26068,84.54852,30832
4576,BryanJaramilloAE,1,0.00324,26069,84.55176,30832
4577,brycelowe,1,0.00324,26070,84.55501,30832
4578,bshutterkion,1,0.00324,26071,84.55825,30832
4579,bss-dmitry-shmakov,1,0.00324,26072,84.56149,30832
4580,btalberg,1,0.00324,26073,84.56474,30832
4581,btimby,1,0.00324,26074,84.56798,30832
4582,Bubba210,1,0.00324,26075,84.57122,30832
4583,bubianchi-criteo,1,0.00324,26076,84.57447,30832
4584,bucchi,1,0.00324,26077,84.57771,30832
4585,buddhamangler-cbre,1,0.00324,26078,84.58095,30832
4586,buehlera,1,0.00324,26079,84.58420,30832
4587,burlyunixguy-bug,1,0.00324,26080,84.58744,30832
4588,bvalyou,1,0.00324,26081,84.59069,30832
4589,bvamshidhar,1,0.00324,26082,84.59393,30832
4590,bvanderhorn,1,0.00324,26083,84.59717,30832
4591,bvbvr,1,0.00324,26084,84.60042,30832
4592,Bv-Lucas,1,0.00324,26085,84.60366,30832
4593,bvvstab,1,0.00324,26086,84.60690,30832
4594,bxcodec,1,0.00324,26087,84.61015,30832
4595,by-nelson,1,0.00324,26088,84.61339,30832
4596,ByPoP,1,0.00324,26089,84.61663,30832
4597,BYT3M3,1,0.00324,26090,84.61988,30832
4598,bytebeast,1,0.00324,26091,84.62312,30832
4599,c42-adam,1,0.00324,26092,84.62636,30832
4600,cabbott-bdai,1,0.00324,26093,84.62961,30832
4601,cafaray,1,0.00324,26094,84.63285,30832
4602,caglarkorkmaz,1,0.00324,26095,84.63609,30832
4603,cahidaydin,1,0.00324,26096,84.63934,30832
4604,cahyahikmawan,1,0.00324,26097,84.64258,30832
4605,caiberun,1,0.00324,26098,84.64582,30832
4606,cainytheslave,1,0.00324,26099,84.64907,30832
4607,cal0s93,1,0.00324,26100,84.65231,30832
4608,calebyyy,1,0.00324,26101,84.65555,30832
4609,calloc134,1,0.00324,26102,84.65880,30832
4610,CallumQ,1,0.00324,26103,84.66204,30832
4611,CameronMackenzie99,1,0.00324,26104,84.66528,30832
4612,cameron-martin,1,0.00324,26105,84.66853,30832
4613,CameronMukherjee,1,0.00324,26106,84.67177,30832
4614,cameron-townley,1,0.00324,26107,84.67501,30832
4615,canuckasaurus,1,0.00324,26108,84.67826,30832
4616,CaptainDonut,1,0.00324,26109,84.68150,30832
4617,CaptKay,1,0.00324,26110,84.68474,30832
4618,careduct,1,0.00324,26111,84.68799,30832
4619,carehabit,1,0.00324,26112,84.69123,30832
4620,carlos045,1,0.00324,26113,84.69447,30832
4621,CarlosFdez77,1,0.00324,26114,84.69772,30832
4622,carlos-ffs,1,0.00324,26115,84.70096,30832
4623,carlosmenezes,1,0.00324,26116,84.70420,30832
4624,CarlosPintoWindsor,1,0.00324,26117,84.70745,30832
4625,carlosrejano,1,0.00324,26118,84.71069,30832
4626,carovel-lg,1,0.00324,26119,84.71393,30832
4627,carrychair,1,0.00324,26120,84.71718,30832
4628,carvarr,1,0.00324,26121,84.72042,30832
4629,casualuser,1,0.00324,26122,84.72366,30832
4630,catcombo,1,0.00324,26123,84.72691,30832
4631,cater01,1,0.00324,26124,84.73015,30832
4632,Catman66,1,0.00324,26125,84.73339,30832
4633,Catoverflow,1,0.00324,26126,84.73664,30832
4634,catreadme,1,0.00324,26127,84.73988,30832
4635,caunu-s,1,0.00324,26128,84.74312,30832
4636,cawirawa,1,0.00324,26129,84.74637,30832
4637,cblaindnsf,1,0.00324,26130,84.74961,30832
4638,cbruegg,1,0.00324,26131,84.75285,30832
4639,ccaloian,1,0.00324,26132,84.75610,30832
4640,ccystephenclinton,1,0.00324,26133,84.75934,30832
4641,cdimartino,1,0.00324,26134,84.76258,30832
4642,cdxiaodong,1,0.00324,26135,84.76583,30832
4643,ceddy4395,1,0.00324,26136,84.76907,30832
4644,c-ehrlich,1,0.00324,26137,84.77231,30832
4645,cenktdkb,1,0.00324,26138,84.77556,30832
4646,centroxai,1,0.00324,26139,84.77880,30832
4647,ceriath,1,0.00324,26140,84.78204,30832
4648,ceuity,1,0.00324,26141,84.78529,30832
4649,ceving,1,0.00324,26142,84.78853,30832
4650,cgallisa,1,0.00324,26143,84.79177,30832
4651,cgriego,1,0.00324,26144,84.79502,30832
4652,c-grund,1,0.00324,26145,84.79826,30832
4653,chacoex,1,0.00324,26146,84.80150,30832
4654,chaddewitt,1,0.00324,26147,84.80475,30832
4655,chadglaser4682,1,0.00324,26148,84.80799,30832
4656,chagasjoao,1,0.00324,26149,84.81124,30832
4657,CHAITANYA510,1,0.00324,26150,84.81448,30832
4658,chaitanya-rafay,1,0.00324,26151,84.81772,30832
4659,chaixiaoguai,1,0.00324,26152,84.82097,30832
4660,cha-king,1,0.00324,26153,84.82421,30832
4661,challakiran334,1,0.00324,26154,84.82745,30832
4662,ChambersJoshua,1,0.00324,26155,84.83070,30832
4663,chamk21,1,0.00324,26156,84.83394,30832
4664,chanakya-svt,1,0.00324,26157,84.83718,30832
4665,Chander84,1,0.00324,26158,84.84043,30832
4666,chandlerkent,1,0.00324,26159,84.84367,30832
4667,chandralekhasingasani,1,0.00324,26160,84.84691,30832
4668,chandramohandonthu,1,0.00324,26161,84.85016,30832
4669,changchiyou,1,0.00324,26162,84.85340,30832
4670,ChangJieWuAi,1,0.00324,26163,84.85664,30832
4671,chansdad,1,0.00324,26164,84.85989,30832
4672,chanthakim20,1,0.00324,26165,84.86313,30832
4673,chanyoung1998,1,0.00324,26166,84.86637,30832
4674,charlesbjnr,1,0.00324,26167,84.86962,30832
4675,Charlie-todream,1,0.00324,26168,84.87286,30832
4676,CharlieX88,1,0.00324,26169,84.87610,30832
4677,chase1124,1,0.00324,26170,84.87935,30832
4678,chase-weiser88,1,0.00324,26171,84.88259,30832
4679,chatiti,1,0.00324,26172,84.88583,30832
4680,chbriem,1,0.00324,26173,84.88908,30832
4681,cheewai-bash,1,0.00324,26174,84.89232,30832
4682,cheezad,1,0.00324,26175,84.89556,30832
4683,chenhaorui0768,1,0.00324,26176,84.89881,30832
4684,Chen-Jiayun,1,0.00324,26177,84.90205,30832
4685,Chenyantt,1,0.00324,26178,84.90529,30832
4686,cheqrouni,1,0.00324,26179,84.90854,30832
4687,CheriseCodes,1,0.00324,26180,84.91178,30832
4688,chertz-auth0,1,0.00324,26181,84.91502,30832
4689,chgc,1,0.00324,26182,84.91827,30832
4690,chgz,1,0.00324,26183,84.92151,30832
4691,Chickenmarkus,1,0.00324,26184,84.92475,30832
4692,chickling123,1,0.00324,26185,84.92800,30832
4693,ChieloNewctle,1,0.00324,26186,84.93124,30832
4694,chih-chen,1,0.00324,26187,84.93448,30832
4695,chinmaygopal,1,0.00324,26188,84.93773,30832
4696,chinwobble,1,0.00324,26189,84.94097,30832
4697,chiqomar,1,0.00324,26190,84.94421,30832
4698,chit786,1,0.00324,26191,84.94746,30832
4699,chiuyuwen91,1,0.00324,26192,84.95070,30832
4700,chloekek,1,0.00324,26193,84.95394,30832
4701,chneau,1,0.00324,26194,84.95719,30832
4702,CHoldinghausen,1,0.00324,26195,84.96043,30832
4703,chrede88,1,0.00324,26196,84.96367,30832
4704,chrgraefe,1,0.00324,26197,84.96692,30832
4705,chrisabbott,1,0.00324,26198,84.97016,30832
4706,chrisdistasio,1,0.00324,26199,84.97340,30832
4707,chris-kapstan,1,0.00324,26200,84.97665,30832
4708,chrismaster,1,0.00324,26201,84.97989,30832
4709,chris-stinemetz,1,0.00324,26202,84.98313,30832
4710,christian-elsee,1,0.00324,26203,84.98638,30832
4711,christianfeurer,1,0.00324,26204,84.98962,30832
4712,ChristianKuehnel,1,0.00324,26205,84.99286,30832
4713,christiansipola,1,0.00324,26206,84.99611,30832
4714,christymcgrory,1,0.00324,26207,84.99935,30832
4715,chrpotr,1,0.00324,26208,85.00259,30832
4716,chtyce,1,0.00324,26209,85.00584,30832
4717,ChuBeRon,1,0.00324,26210,85.00908,30832
4718,Chuhan1112,1,0.00324,26211,85.01232,30832
4719,chuklov,1,0.00324,26212,85.01557,30832
4720,ChulfEvan,1,0.00324,26213,85.01881,30832
4721,Ci7rix,1,0.00324,26214,85.02206,30832
4722,cicognani1971,1,0.00324,26215,85.02530,30832
4723,cimitan,1,0.00324,26216,85.02854,30832
4724,cindyytong,1,0.00324,26217,85.03179,30832
4725,Cirruslucent,1,0.00324,26218,85.03503,30832
4726,citestsco,1,0.00324,26219,85.03827,30832
4727,cjhawkins,1,0.00324,26220,85.04152,30832
4728,cjim8889,1,0.00324,26221,85.04476,30832
4729,cjmoreno,1,0.00324,26222,85.04800,30832
4730,cjonesdialpad,1,0.00324,26223,85.05125,30832
4731,cjpearson,1,0.00324,26224,85.05449,30832
4732,ck9891,1,0.00324,26225,85.05773,30832
4733,clain23,1,0.00324,26226,85.06098,30832
4734,clee421,1,0.00324,26227,85.06422,30832
4735,ClementMaH,1,0.00324,26228,85.06746,30832
4736,clesquere,1,0.00324,26229,85.07071,30832
4737,clintonste,1,0.00324,26230,85.07395,30832
4738,cloudageinfo,1,0.00324,26231,85.07719,30832
4739,clumsy,1,0.00324,26232,85.08044,30832
4740,cmeeren,1,0.00324,26233,85.08368,30832
4741,cmgriffing,1,0.00324,26234,85.08692,30832
4742,cmmcleod,1,0.00324,26235,85.09017,30832
4743,cmnemoi,1,0.00324,26236,85.09341,30832
4744,cm-rudolph,1,0.00324,26237,85.09665,30832
4745,cnousra,1,0.00324,26238,85.09990,30832
4746,CodeBleu,1,0.00324,26239,85.10314,30832
4747,codecapitano,1,0.00324,26240,85.10638,30832
4748,Codecollab-go,1,0.00324,26241,85.10963,30832
4749,codedinsugar,1,0.00324,26242,85.11287,30832
4750,codekidX,1,0.00324,26243,85.11611,30832
4751,codeleep,1,0.00324,26244,85.11936,30832
4752,CodeMan99,1,0.00324,26245,85.12260,30832
4753,codeMehtab,1,0.00324,26246,85.12584,30832
4754,coderlzw-cn,1,0.00324,26247,85.12909,30832
4755,codernn,1,0.00324,26248,85.13233,30832
4756,CodeScriptum,1,0.00324,26249,85.13557,30832
4757,code-weirdo,1,0.00324,26250,85.13882,30832
4758,CodexRaunak,1,0.00324,26251,85.14206,30832
4759,coding-yogi,1,0.00324,26252,85.14530,30832
4760,cody-amtote,1,0.00324,26253,85.14855,30832
4761,codymoss-bnet,1,0.00324,26254,85.15179,30832
4762,codypperson,1,0.00324,26255,85.15503,30832
4763,coffeefreak101,1,0.00324,26256,85.15828,30832
4764,cogentist-yann,1,0.00324,26257,85.16152,30832
4765,coldnfire,1,0.00324,26258,85.16476,30832
4766,Coldoak,1,0.00324,26259,85.16801,30832
4767,colinleroy,1,0.00324,26260,85.17125,30832
4768,colin-test,1,0.00324,26261,85.17449,30832
4769,COMO-Acacio,1,0.00324,26262,85.17774,30832
4770,computerdeath,1,0.00324,26263,85.18098,30832
4771,conawolenr,1,0.00324,26264,85.18422,30832
4772,condawrangler,1,0.00324,26265,85.18747,30832
4773,confusedcrib,1,0.00324,26266,85.19071,30832
4774,connerstobie,1,0.00324,26267,85.19395,30832
4775,ConnorsApps,1,0.00324,26268,85.19720,30832
4776,connorworley,1,0.00324,26269,85.20044,30832
4777,ContainerDevCloud,1,0.00324,26270,85.20368,30832
4778,contributor,1,0.00324,26271,85.20693,30832
4779,ConvoyTom,1,0.00324,26272,85.21017,30832
4780,coolh,1,0.00324,26273,85.21341,30832
4781,coolkp,1,0.00324,26274,85.21666,30832
4782,cope,1,0.00324,26275,85.21990,30832
4783,corbinpa,1,0.00324,26276,85.22314,30832
4784,corinneherz-db,1,0.00324,26277,85.22639,30832
4785,CorneJB,1,0.00324,26278,85.22963,30832
4786,CortNick,1,0.00324,26279,85.23287,30832
4787,CosminPerRam,1,0.00324,26280,85.23612,30832
4788,cosmosiwi,1,0.00324,26281,85.23936,30832
4789,courtneyalexis67,1,0.00324,26282,85.24261,30832
4790,cp319391,1,0.00324,26283,85.24585,30832
4791,CP3cham,1,0.00324,26284,85.24909,30832
4792,cpanixperi,1,0.00324,26285,85.25234,30832
4793,cpg314,1,0.00324,26286,85.25558,30832
4794,cpratt34,1,0.00324,26287,85.25882,30832
4795,cprecup,1,0.00324,26288,85.26207,30832
4796,craftcodedev,1,0.00324,26289,85.26531,30832
4797,CraigTenn,1,0.00324,26290,85.26855,30832
4798,cranberrysoft,1,0.00324,26291,85.27180,30832
4799,craveytrain,1,0.00324,26292,85.27504,30832
4800,C-Ravina,1,0.00324,26293,85.27828,30832
4801,crazehang,1,0.00324,26294,85.28153,30832
4802,crazyFoolLh,1,0.00324,26295,85.28477,30832
4803,creatstar,1,0.00324,26296,85.28801,30832
4804,creidmiller,1,0.00324,26297,85.29126,30832
4805,Crelanss,1,0.00324,26298,85.29450,30832
4806,Critical-Impact,1,0.00324,26299,85.29774,30832
4807,crollorc,1,0.00324,26300,85.30099,30832
4808,CrowderSoup,1,0.00324,26301,85.30423,30832
4809,Crsk,1,0.00324,26302,85.30747,30832
4810,crysis74,1,0.00324,26303,85.31072,30832
4811,cs96and,1,0.00324,26304,85.31396,30832
4812,cs-cat,1,0.00324,26305,85.31720,30832
4813,CSi-CJ,1,0.00324,26306,85.32045,30832
4814,cs-matti,1,0.00324,26307,85.32369,30832
4815,cs-shadowbq,1,0.00324,26308,85.32693,30832
4816,cstaff14,1,0.00324,26309,85.33018,30832
4817,ctaro,1,0.00324,26310,85.33342,30832
4818,ctrlhxj,1,0.00324,26311,85.33666,30832
4819,ctwilleager-alio,1,0.00324,26312,85.33991,30832
4820,cuixiaojun001,1,0.00324,26313,85.34315,30832
4821,curly-brace-butler,1,0.00324,26314,85.34639,30832
4822,curryyyds7,1,0.00324,26315,85.34964,30832
4823,cuseinovic,1,0.00324,26316,85.35288,30832
4824,cx200190,1,0.00324,26317,85.35612,30832
4825,cx2c,1,0.00324,26318,85.35937,30832
4826,cybercuisine,1,0.00324,26319,85.36261,30832
4827,Cybersepp,1,0.00324,26320,85.36585,30832
4828,cyga,1,0.00324,26321,85.36910,30832
4829,CyTechNomad,1,0.00324,26322,85.37234,30832
4830,cywang16,1,0.00324,26323,85.37558,30832
4831,D0rkKnight,1,0.00324,26324,85.37883,30832
4832,d4kverma,1,0.00324,26325,85.38207,30832
4833,DaanQ42,1,0.00324,26326,85.38531,30832
4834,daanschipper,1,0.00324,26327,85.38856,30832
4835,dacofr,1,0.00324,26328,85.39180,30832
4836,dacrhu,1,0.00324,26329,85.39504,30832
4837,Daddy2531jaturong,1,0.00324,26330,85.39829,30832
4838,daf182,1,0.00324,26331,85.40153,30832
4839,dafanasiev,1,0.00324,26332,85.40477,30832
4840,dagrawal2,1,0.00324,26333,85.40802,30832
4841,daicjohn,1,0.00324,26334,85.41126,30832
4842,Dala0,1,0.00324,26335,85.41450,30832
4843,damaru-inc,1,0.00324,26336,85.41775,30832
4844,damianmartinezUala,1,0.00324,26337,85.42099,30832
4845,dana-c0914,1,0.00324,26338,85.42423,30832
4846,dan-catalano-vc,1,0.00324,26339,85.42748,30832
4847,dan-cooke,1,0.00324,26340,85.43072,30832
4848,dandresm,1,0.00324,26341,85.43396,30832
4849,DanElias,1,0.00324,26342,85.43721,30832
4850,dangdong163,1,0.00324,26343,85.44045,30832
4851,danger-soul,1,0.00324,26344,85.44369,30832
4852,dani-CO-CN,1,0.00324,26345,85.44694,30832
4853,danielclough,1,0.00324,26346,85.45018,30832
4854,Danieldqr,1,0.00324,26347,85.45343,30832
4855,danielhartnell,1,0.00324,26348,85.45667,30832
4856,danielhoult,1,0.00324,26349,85.45991,30832
4857,daniel-i-geoactio,1,0.00324,26350,85.46316,30832
4858,DanielIrons,1,0.00324,26351,85.46640,30832
4859,daniel-johns-99,1,0.00324,26352,85.46964,30832
4860,DanielJuravski,1,0.00324,26353,85.47289,30832
4861,DanielMcFarlin,1,0.00324,26354,85.47613,30832
4862,Daniel-Ojo-Williams,1,0.00324,26355,85.47937,30832
4863,daniel-orlov,1,0.00324,26356,85.48262,30832
4864,danielsinai,1,0.00324,26357,85.48586,30832
4865,danielsnider-aws,1,0.00324,26358,85.48910,30832
4866,danielzhangau,1,0.00324,26359,85.49235,30832
4867,danilodorgam,1,0.00324,26360,85.49559,30832
4868,DaniloGT,1,0.00324,26361,85.49883,30832
4869,danneu,1,0.00324,26362,85.50208,30832
4870,danny50610,1,0.00324,26363,85.50532,30832
4871,Danny5487401,1,0.00324,26364,85.50856,30832
4872,dannycuevas,1,0.00324,26365,85.51181,30832
4873,dannymawani,1,0.00324,26366,85.51505,30832
4874,DannyMeister,1,0.00324,26367,85.51829,30832
4875,dantunan,1,0.00324,26368,85.52154,30832
4876,DanVerh,1,0.00324,26369,85.52478,30832
4877,daochun-zhao,1,0.00324,26370,85.52802,30832
4878,DarhkVoyd,1,0.00324,26371,85.53127,30832
4879,darkin424,1,0.00324,26372,85.53451,30832
4880,Darnefei,1,0.00324,26373,85.53775,30832
4881,darrellschrag,1,0.00324,26374,85.54100,30832
4882,DARSHAN-THE-CODER,1,0.00324,26375,85.54424,30832
4883,darth-sipid,1,0.00324,26376,85.54748,30832
4884,dashashutosh24,1,0.00324,26377,85.55073,30832
4885,DasMagischeToastbrot,1,0.00324,26378,85.55397,30832
4886,davejbax,1,0.00324,26379,85.55721,30832
4887,david1188,1,0.00324,26380,85.56046,30832
4888,David7-1,1,0.00324,26381,85.56370,30832
4889,daviddavidgit,1,0.00324,26382,85.56694,30832
4890,david-deck,1,0.00324,26383,85.57019,30832
4891,DavidGevargizianAtFanatics,1,0.00324,26384,85.57343,30832
4892,DavidJim07,1,0.00324,26385,85.57667,30832
4893,davidnajar,1,0.00324,26386,85.57992,30832
4894,davidpsv17,1,0.00324,26387,85.58316,30832
4895,davidstrouk,1,0.00324,26388,85.58640,30832
4896,david-vavra,1,0.00324,26389,85.58965,30832
4897,davidwangqing,1,0.00324,26390,85.59289,30832
4898,daviinaa,1,0.00324,26391,85.59613,30832
4899,davojan,1,0.00324,26392,85.59938,30832
4900,davquar,1,0.00324,26393,85.60262,30832
4901,dazfez,1,0.00324,26394,85.60586,30832
4902,dbdiky,1,0.00324,26395,85.60911,30832
4903,dc-95,1,0.00324,26396,85.61235,30832
4904,dcais,1,0.00324,26397,85.61559,30832
4905,dcedstrom,1,0.00324,26398,85.61884,30832
4906,dchiaramello,1,0.00324,26399,85.62208,30832
4907,dcormier,1,0.00324,26400,85.62532,30832
4908,ddanat-smm,1,0.00324,26401,85.62857,30832
4909,ddhh8023,1,0.00324,26402,85.63181,30832
4910,ddiger,1,0.00324,26403,85.63505,30832
4911,ddl-abishek,1,0.00324,26404,85.63830,30832
4912,ddluke,1,0.00324,26405,85.64154,30832
4913,ddn0,1,0.00324,26406,85.64478,30832
4914,deadpoolcode1,1,0.00324,26407,85.64803,30832
4915,deadprogram,1,0.00324,26408,85.65127,30832
4916,deajan,1,0.00324,26409,85.65451,30832
4917,deamicis,1,0.00324,26410,85.65776,30832
4918,deamn,1,0.00324,26411,85.66100,30832
4919,Deams51,1,0.00324,26412,85.66424,30832
4920,DeanDonkov,1,0.00324,26413,85.66749,30832
4921,Deb30,1,0.00324,26414,85.67073,30832
4922,declan-grogan,1,0.00324,26415,85.67398,30832
4923,DeclerckLouis,1,0.00324,26416,85.67722,30832
4924,deepaksrivastavaz,1,0.00324,26417,85.68046,30832
4925,deepraj02,1,0.00324,26418,85.68371,30832
4926,deer-wmde,1,0.00324,26419,85.68695,30832
4927,DefactoTechnology,1,0.00324,26420,85.69019,30832
4928,defaulterrr,1,0.00324,26421,85.69344,30832
4929,Dehbeie,1,0.00324,26422,85.69668,30832
4930,dehoej,1,0.00324,26423,85.69992,30832
4931,DeJayDev,1,0.00324,26424,85.70317,30832
4932,Deleplace,1,0.00324,26425,85.70641,30832
4933,deleteLater,1,0.00324,26426,85.70965,30832
4934,DellanX,1,0.00324,26427,85.71290,30832
4935,DeltaEpsilon7787,1,0.00324,26428,85.71614,30832
4936,demurgos,1,0.00324,26429,85.71938,30832
4937,dengliu,1,0.00324,26430,85.72263,30832
4938,denis-volin,1,0.00324,26431,85.72587,30832
4939,denizin42,1,0.00324,26432,85.72911,30832
4940,dennysmvn,1,0.00324,26433,85.73236,30832
4941,denodaeus,1,0.00324,26434,85.73560,30832
4942,deponian,1,0.00324,26435,85.73884,30832
4943,DepravityDemo,1,0.00324,26436,85.74209,30832
4944,dersvenhesse,1,0.00324,26437,85.74533,30832
4945,Dessix,1,0.00324,26438,85.74857,30832
4946,Destorntw,1,0.00324,26439,85.75182,30832
4947,DestroyFlag,1,0.00324,26440,85.75506,30832
4948,Devang1988,1,0.00324,26441,85.75830,30832
4949,devashishroychowdhury,1,0.00324,26442,85.76155,30832
4950,DEVDEVIL007,1,0.00324,26443,85.76479,30832
4951,developer67890,1,0.00324,26444,85.76803,30832
4952,Deveshs23,1,0.00324,26445,85.77128,30832
4953,devinchristianson,1,0.00324,26446,85.77452,30832
4954,devmanspi,1,0.00324,26447,85.77776,30832
4955,devops-aws-linux,1,0.00324,26448,85.78101,30832
4956,DevopsMercenary,1,0.00324,26449,85.78425,30832
4957,devops-username,1,0.00324,26450,85.78749,30832
4958,devsyw,1,0.00324,26451,85.79074,30832
4959,DevWouter,1,0.00324,26452,85.79398,30832
4960,Dexter2008,1,0.00324,26453,85.79722,30832
4961,dfo-alseth,1,0.00324,26454,85.80047,30832
4962,dfonteps,1,0.00324,26455,85.80371,30832
4963,dforesman,1,0.00324,26456,85.80695,30832
4964,dgo-ableton,1,0.00324,26457,85.81020,30832
4965,dgroh,1,0.00324,26458,85.81344,30832
4966,dhade33,1,0.00324,26459,85.81668,30832
4967,dhamkannan,1,0.00324,26460,85.81993,30832
4968,DhamodharReddy,1,0.00324,26461,85.82317,30832
4969,dhananjay-ng,1,0.00324,26462,85.82641,30832
4970,Dharma-09,1,0.00324,26463,85.82966,30832
4971,dharminfadia,1,0.00324,26464,85.83290,30832
4972,dhernandoatnewrelic,1,0.00324,26465,85.83614,30832
4973,DhirajBhakta,1,0.00324,26466,85.83939,30832
4974,dhorner71,1,0.00324,26467,85.84263,30832
4975,dhruv5176,1,0.00324,26468,85.84587,30832
4976,dianyo,1,0.00324,26469,85.84912,30832
4977,diego7marques,1,0.00324,26470,85.85236,30832
4978,diegoamaralpp,1,0.00324,26471,85.85560,30832
4979,diegoholiveira,1,0.00324,26472,85.85885,30832
4980,Diegunio,1,0.00324,26473,85.86209,30832
4981,dieunguyenxuan,1,0.00324,26474,85.86533,30832
4982,digitalthumbs,1,0.00324,26475,85.86858,30832
4983,digitalyuki,1,0.00324,26476,85.87182,30832
4984,dijarvrella,1,0.00324,26477,85.87506,30832
4985,dilipbravo,1,0.00324,26478,85.87831,30832
4986,dilipkraghupatruni,1,0.00324,26479,85.88155,30832
4987,dillfrescott,1,0.00324,26480,85.88480,30832
4988,DimitryVo,1,0.00324,26481,85.88804,30832
4989,dimwael,1,0.00324,26482,85.89128,30832
4990,dingsoyr,1,0.00324,26483,85.89453,30832
4991,dipak101505,1,0.00324,26484,85.89777,30832
4992,dipeshprajapatixoxoday,1,0.00324,26485,85.90101,30832
4993,dirkdaems,1,0.00324,26486,85.90426,30832
4994,dirkjf,1,0.00324,26487,85.90750,30832
4995,DirkRusche,1,0.00324,26488,85.91074,30832
4996,DitmirSpahiu,1,0.00324,26489,85.91399,30832
4997,divyank-gupta-sp,1,0.00324,26490,85.91723,30832
4998,divyasriram90,1,0.00324,26491,85.92047,30832
4999,dj95,1,0.00324,26492,85.92372,30832
5000,djberube,1,0.00324,26493,85.92696,30832
5001,djerveren,1,0.00324,26494,85.93020,30832
5002,DJGizmof,1,0.00324,26495,85.93345,30832
5003,djimenez-savi,1,0.00324,26496,85.93669,30832
5004,dkrhodes,1,0.00324,26497,85.93993,30832
5005,dkrynick,1,0.00324,26498,85.94318,30832
5006,dlapianosipos,1,0.00324,26499,85.94642,30832
5007,Dlyftservies,1,0.00324,26500,85.94966,30832
5008,dmack-blackford,1,0.00324,26501,85.95291,30832
5009,d-mahard,1,0.00324,26502,85.95615,30832
5010,Dmarcotrigiano,1,0.00324,26503,85.95939,30832
5011,dmarquez-splunk,1,0.00324,26504,85.96264,30832
5012,dmashal,1,0.00324,26505,85.96588,30832
5013,dmefs,1,0.00324,26506,85.96912,30832
5014,dmeniche,1,0.00324,26507,85.97237,30832
5015,dmildh-absci,1,0.00324,26508,85.97561,30832
5016,dmitriy-shleht,1,0.00324,26509,85.97885,30832
5017,DmytryS,1,0.00324,26510,85.98210,30832
5018,dnguyen-anomali,1,0.00324,26511,85.98534,30832
5019,dnprogramming,1,0.00324,26512,85.98858,30832
5020,docid00,1,0.00324,26513,85.99183,30832
5021,dockndev,1,0.00324,26514,85.99507,30832
5022,dogukanarkan,1,0.00324,26515,85.99831,30832
5023,dolphin-Dang,1,0.00324,26516,86.00156,30832
5024,domedellolio,1,0.00324,26517,86.00480,30832
5025,domenkozar,1,0.00324,26518,86.00804,30832
5026,dominikriemer,1,0.00324,26519,86.01129,30832
5027,donfly-gyh,1,0.00324,26520,86.01453,30832
5028,dongsupkim-onepredict,1,0.00324,26521,86.01777,30832
5029,DonovanSoftly,1,0.00324,26522,86.02102,30832
5030,dontbesatisfied,1,0.00324,26523,86.02426,30832
5031,dorrogeray,1,0.00324,26524,86.02750,30832
5032,doskhandoszhanov,1,0.00324,26525,86.03075,30832
5033,dotsinspace,1,0.00324,26526,86.03399,30832
5034,DOUS3L,1,0.00324,26527,86.03723,30832
5035,dpanech-wr,1,0.00324,26528,86.04048,30832
5036,Dpkbhatt052,1,0.00324,26529,86.04372,30832
5037,drabelogarner,1,0.00324,26530,86.04696,30832
5038,Drauren,1,0.00324,26531,86.05021,30832
5039,drawnwren,1,0.00324,26532,86.05345,30832
5040,drdkmkkr,1,0.00324,26533,86.05669,30832
5041,dreamingdeer,1,0.00324,26534,86.05994,30832
5042,DREAMINGtimezero,1,0.00324,26535,86.06318,30832
5043,dreamniu,1,0.00324,26536,86.06642,30832
5044,dreams-money,1,0.00324,26537,86.06967,30832
5045,DreamyKit,1,0.00324,26538,86.07291,30832
5046,DrJume,1,0.00324,26539,86.07615,30832
5047,Dronec,1,0.00324,26540,86.07940,30832
5048,dr-platform-devops,1,0.00324,26541,86.08264,30832
5049,DrScho,1,0.00324,26542,86.08588,30832
5050,drtimwright,1,0.00324,26543,86.08913,30832
5051,drumdarway,1,0.00324,26544,86.09237,30832
5052,DSkoufis,1,0.00324,26545,86.09561,30832
5053,dsmithsl,1,0.00324,26546,86.09886,30832
5054,dsputnikk,1,0.00324,26547,86.10210,30832
5055,dsyoeun,1,0.00324,26548,86.10535,30832
5056,dthauvin,1,0.00324,26549,86.10859,30832
5057,dtrexler,1,0.00324,26550,86.11183,30832
5058,dtsander,1,0.00324,26551,86.11508,30832
5059,dubainerd,1,0.00324,26552,86.11832,30832
5060,dubewarsagar,1,0.00324,26553,86.12156,30832
5061,dubiousgit,1,0.00324,26554,86.12481,30832
5062,dulhaver,1,0.00324,26555,86.12805,30832
5063,dune89,1,0.00324,26556,86.13129,30832
5064,duoarc,1,0.00324,26557,86.13454,30832
5065,duongcongtoai,1,0.00324,26558,86.13778,30832
5066,duplabe,1,0.00324,26559,86.14102,30832
5067,DustinTrap,1,0.00324,26560,86.14427,30832
5068,dustmop,1,0.00324,26561,86.14751,30832
5069,dutts,1,0.00324,26562,86.15075,30832
5070,duxin40,1,0.00324,26563,86.15400,30832
5071,dverzolla,1,0.00324,26564,86.15724,30832
5072,dwang-qm,1,0.00324,26565,86.16048,30832
5073,Dwwestcoast,1,0.00324,26566,86.16373,30832
5074,dydx,1,0.00324,26567,86.16697,30832
5075,dyens,1,0.00324,26568,86.17021,30832
5076,Dyex719,1,0.00324,26569,86.17346,30832
5077,dygabo,1,0.00324,26570,86.17670,30832
5078,dykderrick,1,0.00324,26571,86.17994,30832
5079,dynamic-entropy,1,0.00324,26572,86.18319,30832
5080,dynastymasra,1,0.00324,26573,86.18643,30832
5081,dzivoing,1,0.00324,26574,86.18967,30832
5082,dzubchik,1,0.00324,26575,86.19292,30832
5083,eadmundo,1,0.00324,26576,86.19616,30832
5084,earonesty,1,0.00324,26577,86.19940,30832
5085,EarthlingDavey,1,0.00324,26578,86.20265,30832
5086,ease2cc,1,0.00324,26579,86.20589,30832
5087,eash11,1,0.00324,26580,86.20913,30832
5088,ebyerly,1,0.00324,26581,86.21238,30832
5089,ecabrerar,1,0.00324,26582,86.21562,30832
5090,eddylacrombe,1,0.00324,26583,86.21886,30832
5091,eddyyuen,1,0.00324,26584,86.22211,30832
5092,EdgeCloudX,1,0.00324,26585,86.22535,30832
5093,EdsonLuisVieira,1,0.00324,26586,86.22859,30832
5094,eduards-vavere,1,0.00324,26587,86.23184,30832
5095,eeowaa,1,0.00324,26588,86.23508,30832
5096,efranco-technisys,1,0.00324,26589,86.23832,30832
5097,ehardy,1,0.00324,26590,86.24157,30832
5098,ehdis,1,0.00324,26591,86.24481,30832
5099,ehsannas,1,0.00324,26592,86.24805,30832
5100,ehuzii,1,0.00324,26593,86.25130,30832
5101,ehxdie,1,0.00324,26594,86.25454,30832
5102,eitanzuk,1,0.00324,26595,86.25778,30832
5103,Ek1m5,1,0.00324,26596,86.26103,30832
5104,ekarak-upwork,1,0.00324,26597,86.26427,30832
5105,ekorian,1,0.00324,26598,86.26751,30832
5106,ekwoka,1,0.00324,26599,86.27076,30832
5107,elaineclsouza,1,0.00324,26600,86.27400,30832
5108,El-Begawy,1,0.00324,26601,86.27724,30832
5109,elehcim,1,0.00324,26602,86.28049,30832
5110,elidemwill83,1,0.00324,26603,86.28373,30832
5111,elijahchanakira,1,0.00324,26604,86.28697,30832
5112,EliranTurgeman,1,0.00324,26605,86.29022,30832
5113,elja,1,0.00324,26606,86.29346,30832
5114,elliotd123,1,0.00324,26607,86.29670,30832
5115,Elliot-xq,1,0.00324,26608,86.29995,30832
5116,elMateso,1,0.00324,26609,86.30319,30832
5117,elvenlegolas,1,0.00324,26610,86.30643,30832
5118,elysweyr,1,0.00324,26611,86.30968,30832
5119,emanuelef,1,0.00324,26612,86.31292,30832
5120,emanuil-tolev,1,0.00324,26613,86.31617,30832
5121,emmalidtdg,1,0.00324,26614,86.31941,30832
5122,emostov,1,0.00324,26615,86.32265,30832
5123,emreozen,1,0.00324,26616,86.32590,30832
5124,emretorx,1,0.00324,26617,86.32914,30832
5125,emuthiah,1,0.00324,26618,86.33238,30832
5126,enataraj,1,0.00324,26619,86.33563,30832
5127,enbao5833,1,0.00324,26620,86.33887,30832
5128,Endiaoshuai,1,0.00324,26621,86.34211,30832
5129,EnemyCabbage,1,0.00324,26622,86.34536,30832
5130,eniolastyle,1,0.00324,26623,86.34860,30832
5131,ennnas,1,0.00324,26624,86.35184,30832
5132,enrique-ayala,1,0.00324,26625,86.35509,30832
5133,EnturWilhelm,1,0.00324,26626,86.35833,30832
5134,Envely,1,0.00324,26627,86.36157,30832
5135,enza252,1,0.00324,26628,86.36482,30832
5136,eolalde,1,0.00324,26629,86.36806,30832
5137,epicdigitalacademy,1,0.00324,26630,86.37130,30832
5138,erald14,1,0.00324,26631,86.37455,30832
5139,eratolekov,1,0.00324,26632,86.37779,30832
5140,Erica177,1,0.00324,26633,86.38103,30832
5141,ericallam,1,0.00324,26634,86.38428,30832
5142,ericayin,1,0.00324,26635,86.38752,30832
5143,eric-epsilla,1,0.00324,26636,86.39076,30832
5144,ericjmooney,1,0.00324,26637,86.39401,30832
5145,EricJQ,1,0.00324,26638,86.39725,30832
5146,ericksilvaRendimento,1,0.00324,26639,86.40049,30832
5147,ErikTraedal,1,0.00324,26640,86.40374,30832
5148,erlatbud,1,0.00324,26641,86.40698,30832
5149,errisnil,1,0.00324,26642,86.41022,30832
5150,erritis,1,0.00324,26643,86.41347,30832
5151,ErshovYS,1,0.00324,26644,86.41671,30832
5152,ertemplin,1,0.00324,26645,86.41995,30832
5153,Erwinathor,1,0.00324,26646,86.42320,30832
5154,esatakyol,1,0.00324,26647,86.42644,30832
5155,eshiettjoseph,1,0.00324,26648,86.42968,30832
5156,es-korneev,1,0.00324,26649,86.43293,30832
5157,eslam-hegazy-runprof,1,0.00324,26650,86.43617,30832
5158,esoterra,1,0.00324,26651,86.43941,30832
5159,espgus,1,0.00324,26652,86.44266,30832
5160,estebanmathia,1,0.00324,26653,86.44590,30832
5161,e-stepanov,1,0.00324,26654,86.44914,30832
5162,ethanbayliss,1,0.00324,26655,86.45239,30832
5163,ethangodt,1,0.00324,26656,86.45563,30832
5164,ethanstanley3,1,0.00324,26657,86.45887,30832
5165,Ethereal-Coder,1,0.00324,26658,86.46212,30832
5166,EtherZa,1,0.00324,26659,86.46536,30832
5167,etiago,1,0.00324,26660,86.46860,30832
5168,etiennegrignon-intuit,1,0.00324,26661,86.47185,30832
5169,etimoshenko,1,0.00324,26662,86.47509,30832
5170,EugeneGoroschenya,1,0.00324,26663,86.47833,30832
5171,eugenejen,1,0.00324,26664,86.48158,30832
5172,eugenesan,1,0.00324,26665,86.48482,30832
5173,evanbb,1,0.00324,26666,86.48806,30832
5174,evanhutnik,1,0.00324,26667,86.49131,30832
5175,evanlivingston,1,0.00324,26668,86.49455,30832
5176,evanvenell,1,0.00324,26669,86.49779,30832
5177,evanwhitehouse,1,0.00324,26670,86.50104,30832
5178,evaristorivi,1,0.00324,26671,86.50428,30832
5179,eveletspb,1,0.00324,26672,86.50752,30832
5180,evgenymo,1,0.00324,26673,86.51077,30832
5181,evill,1,0.00324,26674,86.51401,30832
5182,evin-bz,1,0.00324,26675,86.51725,30832
5183,exorcito,1,0.00324,26676,86.52050,30832
5184,exs-dmiketa,1,0.00324,26677,86.52374,30832
5185,eyja42,1,0.00324,26678,86.52698,30832
5186,ezeqme,1,0.00324,26679,86.53023,30832
5187,f5-jay,1,0.00324,26680,86.53347,30832
5188,fa0311,1,0.00324,26681,86.53672,30832
5189,faali1,1,0.00324,26682,86.53996,30832
5190,fabi-alstom,1,0.00324,26683,86.54320,30832
5191,FabienZouaoui,1,0.00324,26684,86.54645,30832
5192,fadebek,1,0.00324,26685,86.54969,30832
5193,faelis,1,0.00324,26686,86.55293,30832
5194,fahad3853,1,0.00324,26687,86.55618,30832
5195,FahadBSyed,1,0.00324,26688,86.55942,30832
5196,fahaddd-git,1,0.00324,26689,86.56266,30832
5197,faisalp4p,1,0.00324,26690,86.56591,30832
5198,faizan-planview,1,0.00324,26691,86.56915,30832
5199,fakeNews-jpg,1,0.00324,26692,86.57239,30832
5200,FakerGao,1,0.00324,26693,86.57564,30832
5201,falsovsky,1,0.00324,26694,86.57888,30832
5202,fangwentong,1,0.00324,26695,86.58212,30832
5203,fanyang01,1,0.00324,26696,86.58537,30832
5204,farhadh91,1,0.00324,26697,86.58861,30832
5205,farid-akhoundov,1,0.00324,26698,86.59185,30832
5206,farisamour,1,0.00324,26699,86.59510,30832
5207,Farooqay,1,0.00324,26700,86.59834,30832
5208,faximan,1,0.00324,26701,86.60158,30832
5209,fazal-10,1,0.00324,26702,86.60483,30832
5210,fazzy12,1,0.00324,26703,86.60807,30832
5211,fchen77,1,0.00324,26704,86.61131,30832
5212,fcke,1,0.00324,26705,86.61456,30832
5213,fcornelius,1,0.00324,26706,86.61780,30832
5214,fcoulloudon,1,0.00324,26707,86.62104,30832
5215,fditolla,1,0.00324,26708,86.62429,30832
5216,Fel1xgte,1,0.00324,26709,86.62753,30832
5217,FeldrinH,1,0.00324,26710,86.63077,30832
5218,FelipeEmerimRandon,1,0.00324,26711,86.63402,30832
5219,felipemendes1994,1,0.00324,26712,86.63726,30832
5220,felipevillanuevaiii,1,0.00324,26713,86.64050,30832
5221,FelixLusseau,1,0.00324,26714,86.64375,30832
5222,felixprado-mc,1,0.00324,26715,86.64699,30832
5223,fengman1ou,1,0.00324,26716,86.65023,30832
5224,fenixjin,1,0.00324,26717,86.65348,30832
5225,feorlen,1,0.00324,26718,86.65672,30832
5226,FernandoAAbanC,1,0.00324,26719,86.65996,30832
5227,fernandoataoldotcom,1,0.00324,26720,86.66321,30832
5228,fernandoescolar,1,0.00324,26721,86.66645,30832
5229,feynmanloo,1,0.00324,26722,86.66969,30832
5230,FharChua,1,0.00324,26723,86.67294,30832
5231,fharper,1,0.00324,26724,86.67618,30832
5232,filippomascolo,1,0.00324,26725,86.67942,30832
5233,filo891,1,0.00324,26726,86.68267,30832
5234,fin-fabionoris,1,0.00324,26727,86.68591,30832
5235,finnbear,1,0.00324,26728,86.68915,30832
5236,finnlander,1,0.00324,26729,86.69240,30832
5237,FireAnt121,1,0.00324,26730,86.69564,30832
5238,FireSBurnsmuP,1,0.00324,26731,86.69888,30832
5239,Fireshtorm1k,1,0.00324,26732,86.70213,30832
5240,FishmanL,1,0.00324,26733,86.70537,30832
5241,fivlao,1,0.00324,26734,86.70861,30832
5242,fixed77,1,0.00324,26735,86.71186,30832
5243,FizikRoot,1,0.00324,26736,86.71510,30832
5244,FizzQAQ,1,0.00324,26737,86.71834,30832
5245,fjerhammer,1,0.00324,26738,86.72159,30832
5246,fkonradmain,1,0.00324,26739,86.72483,30832
5247,FlameFactory,1,0.00324,26740,86.72807,30832
5248,flamiau04,1,0.00324,26741,86.73132,30832
5249,flatherskevin,1,0.00324,26742,86.73456,30832
5250,flaviudobie,1,0.00324,26743,86.73780,30832
5251,Flekyno,1,0.00324,26744,86.74105,30832
5252,Floodnut,1,0.00324,26745,86.74429,30832
5253,florenciazabala,1,0.00324,26746,86.74754,30832
5254,FlorentGrognet,1,0.00324,26747,86.75078,30832
5255,florentinchaussoy,1,0.00324,26748,86.75402,30832
5256,flowhub-team,1,0.00324,26749,86.75727,30832
5257,flowy0,1,0.00324,26750,86.76051,30832
5258,FloyzenCode,1,0.00324,26751,86.76375,30832
5259,FLubos,1,0.00324,26752,86.76700,30832
5260,Fluder-Paradyne,1,0.00324,26753,86.77024,30832
5261,FluffyLePandaRoux,1,0.00324,26754,86.77348,30832
5262,fluidum,1,0.00324,26755,86.77673,30832
5263,Fluxx,1,0.00324,26756,86.77997,30832
5264,flyingsilverfin,1,0.00324,26757,86.78321,30832
5265,fmarani,1,0.00324,26758,86.78646,30832
5266,fmeier-nera,1,0.00324,26759,86.78970,30832
5267,fnayou,1,0.00324,26760,86.79294,30832
5268,fnmut,1,0.00324,26761,86.79619,30832
5269,fnordian,1,0.00324,26762,86.79943,30832
5270,folays,1,0.00324,26763,86.80267,30832
5271,Foobartender,1,0.00324,26764,86.80592,30832
5272,footflaps,1,0.00324,26765,86.80916,30832
5273,forsakening,1,0.00324,26766,86.81240,30832
5274,foundrytechnologies,1,0.00324,26767,86.81565,30832
5275,fpetr,1,0.00324,26768,86.81889,30832
5276,Fra9ment,1,0.00324,26769,86.82213,30832
5277,francesco-furnari,1,0.00324,26770,86.82538,30832
5278,francisfandino,1,0.00324,26771,86.82862,30832
5279,Francis-Mwaniki,1,0.00324,26772,86.83186,30832
5280,francoo98,1,0.00324,26773,86.83511,30832
5281,franco-viotti,1,0.00324,26774,86.83835,30832
5282,franjurinec,1,0.00324,26775,86.84159,30832
5283,frankforpresident,1,0.00324,26776,86.84484,30832
5284,frankmorgner,1,0.00324,26777,86.84808,30832
5285,freddidierRTE,1,0.00324,26778,86.85132,30832
5286,Freelance-IT,1,0.00324,26779,86.85457,30832
5287,fresh2dev,1,0.00324,26780,86.85781,30832
5288,Frezyy123,1,0.00324,26781,86.86105,30832
5289,fromagge,1,0.00324,26782,86.86430,30832
5290,FSeifer,1,0.00324,26783,86.86754,30832
5291,fstsantos,1,0.00324,26784,86.87078,30832
5292,FstTesla,1,0.00324,26785,86.87403,30832
5293,fuji8,1,0.00324,26786,86.87727,30832
5294,furiousassault,1,0.00324,26787,86.88051,30832
5295,Fusaaaann,1,0.00324,26788,86.88376,30832
5296,fusiyuan2010,1,0.00324,26789,86.88700,30832
5297,fvaleye,1,0.00324,26790,86.89024,30832
5298,fwtlc,1,0.00324,26791,86.89349,30832
5299,gabotronix,1,0.00324,26792,86.89673,30832
5300,GabrielBianconi,1,0.00324,26793,86.89997,30832
5301,gabrielliraaraujo,1,0.00324,26794,86.90322,30832
5302,GabrielMulcahy,1,0.00324,26795,86.90646,30832
5303,gabriel-suela,1,0.00324,26796,86.90970,30832
5304,gaelxcowi,1,0.00324,26797,86.91295,30832
5305,gaer87,1,0.00324,26798,86.91619,30832
5306,G-Akiraka,1,0.00324,26799,86.91943,30832
5307,galenwarren,1,0.00324,26800,86.92268,30832
5308,ganawaj,1,0.00324,26801,86.92592,30832
5309,ganchkal,1,0.00324,26802,86.92916,30832
5310,GandophSmida,1,0.00324,26803,86.93241,30832
5311,ganey,1,0.00324,26804,86.93565,30832
5312,ganyga,1,0.00324,26805,86.93889,30832
5313,gaocheng001,1,0.00324,26806,86.94214,30832
5314,GaoChX,1,0.00324,26807,86.94538,30832
5315,gaofeiseu,1,0.00324,26808,86.94862,30832
5316,gaolc,1,0.00324,26809,86.95187,30832
5317,gaomusiki,1,0.00324,26810,86.95511,30832
5318,gardo984,1,0.00324,26811,86.95835,30832
5319,garethedwards-tass,1,0.00324,26812,86.96160,30832
5320,Garry1704,1,0.00324,26813,86.96484,30832
5321,garvit027,1,0.00324,26814,86.96809,30832
5322,GatFox,1,0.00324,26815,86.97133,30832
5323,Gaurav-1306,1,0.00324,26816,86.97457,30832
5324,gautsing,1,0.00324,26817,86.97782,30832
5325,Gazzonyx,1,0.00324,26818,86.98106,30832
5326,gbovegra,1,0.00324,26819,86.98430,30832
5327,gbranco,1,0.00324,26820,86.98755,30832
5328,GBRGUP2,1,0.00324,26821,86.99079,30832
5329,gcasali01,1,0.00324,26822,86.99403,30832
5330,gchaviaras-NS1,1,0.00324,26823,86.99728,30832
5331,gcoakleyjr,1,0.00324,26824,87.00052,30832
5332,Gcxchunxia,1,0.00324,26825,87.00376,30832
5333,gdiazlo,1,0.00324,26826,87.00701,30832
5334,gdw2,1,0.00324,26827,87.01025,30832
5335,ged-flod,1,0.00324,26828,87.01349,30832
5336,GeekWizkid,1,0.00324,26829,87.01674,30832
5337,GeetaAhuja,1,0.00324,26830,87.01998,30832
5338,GenaSG,1,0.00324,26831,87.02322,30832
5339,genglik,1,0.00324,26832,87.02647,30832
5340,genie-zs,1,0.00324,26833,87.02971,30832
5341,Genmutant,1,0.00324,26834,87.03295,30832
5342,gen-nimble,1,0.00324,26835,87.03620,30832
5343,Geobert,1,0.00324,26836,87.03944,30832
5344,Geoffro187,1,0.00324,26837,87.04268,30832
5345,GeordieGuy,1,0.00324,26838,87.04593,30832
5346,GeorgeGkinis,1,0.00324,26839,87.04917,30832
5347,GeorgGroenendaal,1,0.00324,26840,87.05241,30832
5348,GeorgiHristov1990,1,0.00324,26841,87.05566,30832
5349,GeorgiIvanovITGix,1,0.00324,26842,87.05890,30832
5350,geraldvindas,1,0.00324,26843,87.06214,30832
5351,geray-zsg,1,0.00324,26844,87.06539,30832
5352,gerchik,1,0.00324,26845,87.06863,30832
5353,Gertoperto,1,0.00324,26846,87.07187,30832
5354,geurjas,1,0.00324,26847,87.07512,30832
5355,gevalo1,1,0.00324,26848,87.07836,30832
5356,ggabijaa,1,0.00324,26849,87.08160,30832
5357,gg-kialo,1,0.00324,26850,87.08485,30832
5358,ghaythta,1,0.00324,26851,87.08809,30832
5359,ghirardinicola,1,0.00324,26852,87.09133,30832
5360,ghostd,1,0.00324,26853,87.09458,30832
5361,giacomolm,1,0.00324,26854,87.09782,30832
5362,GiamBoscaro,1,0.00324,26855,87.10106,30832
5363,gianlucam76,1,0.00324,26856,87.10431,30832
5364,gicao,1,0.00324,26857,87.10755,30832
5365,gilad-aperio,1,0.00324,26858,87.11079,30832
5366,Gilad-Sharaby,1,0.00324,26859,87.11404,30832
5367,gildasleaute,1,0.00324,26860,87.11728,30832
5368,Gilk260,1,0.00324,26861,87.12052,30832
5369,GimpArm,1,0.00324,26862,87.12377,30832
5370,ginachioma,1,0.00324,26863,87.12701,30832
5371,ginomcfino,1,0.00324,26864,87.13025,30832
5372,giridshar841,1,0.00324,26865,87.13350,30832
5373,gislikonrad,1,0.00324,26866,87.13674,30832
5374,GitarPlayer,1,0.00324,26867,87.13998,30832
5375,GitBluub,1,0.00324,26868,87.14323,30832
5376,github-master-ltz,1,0.00324,26869,87.14647,30832
5377,git-lishixian,1,0.00324,26870,87.14971,30832
5378,gitzhoujw,1,0.00324,26871,87.15296,30832
5379,giulio-chillipharm,1,0.00324,26872,87.15620,30832
5380,gizmoguy,1,0.00324,26873,87.15944,30832
5381,gjycn,1,0.00324,26874,87.16269,30832
5382,gkyildirim,1,0.00324,26875,87.16593,30832
5383,glawson6-ao,1,0.00324,26876,87.16917,30832
5384,gleb-boushev-effem,1,0.00324,26877,87.17242,30832
5385,glennlod,1,0.00324,26878,87.17566,30832
5386,glitchy,1,0.00324,26879,87.17891,30832
5387,gMoellemann,1,0.00324,26880,87.18215,30832
5388,gmollema,1,0.00324,26881,87.18539,30832
5389,gms1,1,0.00324,26882,87.18864,30832
5390,gnakh,1,0.00324,26883,87.19188,30832
5391,GodAtum360,1,0.00324,26884,87.19512,30832
5392,gokhanusta423,1,0.00324,26885,87.19837,30832
5393,Gokilp,1,0.00324,26886,87.20161,30832
5394,golightsctm,1,0.00324,26887,87.20485,30832
5395,GoodOwl,1,0.00324,26888,87.20810,30832
5396,GordonSmith,1,0.00324,26889,87.21134,30832
5397,gorge511,1,0.00324,26890,87.21458,30832
5398,gorkaerana,1,0.00324,26891,87.21783,30832
5399,gotoweb,1,0.00324,26892,87.22107,30832
5400,gouyelliot,1,0.00324,26893,87.22431,30832
5401,govindagopi,1,0.00324,26894,87.22756,30832
5402,gpackers,1,0.00324,26895,87.23080,30832
5403,gpapaz,1,0.00324,26896,87.23404,30832
5404,gpezza2,1,0.00324,26897,87.23729,30832
5405,gpnikhil,1,0.00324,26898,87.24053,30832
5406,gponto,1,0.00324,26899,87.24377,30832
5407,graffzon,1,0.00324,26900,87.24702,30832
5408,graham924,1,0.00324,26901,87.25026,30832
5409,gravityhurry,1,0.00324,26902,87.25350,30832
5410,grbaiges,1,0.00324,26903,87.25675,30832
5411,grecosoft,1,0.00324,26904,87.25999,30832
5412,greg-anetac,1,0.00324,26905,87.26323,30832
5413,GregdTd,1,0.00324,26906,87.26648,30832
5414,gregorymkirk,1,0.00324,26907,87.26972,30832
5415,Grey-Fox,1,0.00324,26908,87.27296,30832
5416,grgar,1,0.00324,26909,87.27621,30832
5417,grindnoise,1,0.00324,26910,87.27945,30832
5418,grinish21,1,0.00324,26911,87.28269,30832
5419,grizzlybearg,1,0.00324,26912,87.28594,30832
5420,grjan7,1,0.00324,26913,87.28918,30832
5421,gross2001,1,0.00324,26914,87.29242,30832
5422,Growing111,1,0.00324,26915,87.29567,30832
5423,grozandrei,1,0.00324,26916,87.29891,30832
5424,grubitwo,1,0.00324,26917,87.30215,30832
5425,grudra7714,1,0.00324,26918,87.30540,30832
5426,gruzchik,1,0.00324,26919,87.30864,30832
5427,gsaudade99,1,0.00324,26920,87.31188,30832
5428,gscho,1,0.00324,26921,87.31513,30832
5429,gsevla,1,0.00324,26922,87.31837,30832
5430,gsn82,1,0.00324,26923,87.32161,30832
5431,guanlinz,1,0.00324,26924,87.32486,30832
5432,gucucig,1,0.00324,26925,87.32810,30832
5433,guhilling,1,0.00324,26926,87.33134,30832
5434,guialbuk,1,0.00324,26927,87.33459,30832
5435,guideline-space,1,0.00324,26928,87.33783,30832
5436,guilhermebr,1,0.00324,26929,87.34107,30832
5437,gukwonku,1,0.00324,26930,87.34432,30832
5438,guliziskender,1,0.00324,26931,87.34756,30832
5439,guohao9527,1,0.00324,26932,87.35080,30832
5440,guohao-rosicky,1,0.00324,26933,87.35405,30832
5441,guozijing,1,0.00324,26934,87.35729,30832
5442,Gurunathan5029,1,0.00324,26935,87.36053,30832
5443,gu-san,1,0.00324,26936,87.36378,30832
5444,gustavoaca1997,1,0.00324,26937,87.36702,30832
5445,gustavo-sdo,1,0.00324,26938,87.37026,30832
5446,guttentag,1,0.00324,26939,87.37351,30832
5447,GuttormAndreas,1,0.00324,26940,87.37675,30832
5448,gwa-enorkus,1,0.00324,26941,87.37999,30832
5449,GYMmaorui,1,0.00324,26942,87.38324,30832
5450,gzulauf,1,0.00324,26943,87.38648,30832
5451,h4tr3d,1,0.00324,26944,87.38972,30832
5452,habishath,1,0.00324,26945,87.39297,30832
5453,Hackatosh,1,0.00324,26946,87.39621,30832
5454,haerxiong,1,0.00324,26947,87.39946,30832
5455,hafiz-qasim,1,0.00324,26948,87.40270,30832
5456,haibchen,1,0.00324,26949,87.40594,30832
5457,HaikalRFadhilahh,1,0.00324,26950,87.40919,30832
5458,hailiangchen,1,0.00324,26951,87.41243,30832
5459,Haknt,1,0.00324,26952,87.41567,30832
5460,HalfSugerd,1,0.00324,26953,87.41892,30832
5461,hammadahmed1985,1,0.00324,26954,87.42216,30832
5462,HammadZafarr,1,0.00324,26955,87.42540,30832
5463,Hamza007-pro,1,0.00324,26956,87.42865,30832
5464,hanamurayuki,1,0.00324,26957,87.43189,30832
5465,hananto1,1,0.00324,26958,87.43513,30832
5466,hanjos,1,0.00324,26959,87.43838,30832
5467,hankug1234,1,0.00324,26960,87.44162,30832
5468,hanneso,1,0.00324,26961,87.44486,30832
5469,HanNguyen-dev,1,0.00324,26962,87.44811,30832
5470,hannupiki-eficode,1,0.00324,26963,87.45135,30832
5471,hanrx,1,0.00324,26964,87.45459,30832
5472,Hansenq,1,0.00324,26965,87.45784,30832
5473,Hanson-Tsai,1,0.00324,26966,87.46108,30832
5474,hansvanbeneden,1,0.00324,26967,87.46432,30832
5475,hanwangsf,1,0.00324,26968,87.46757,30832
5476,happwrap,1,0.00324,26969,87.47081,30832
5477,haraldhaas,1,0.00324,26970,87.47405,30832
5478,harder-worker,1,0.00324,26971,87.47730,30832
5479,hardikpaloda123,1,0.00324,26972,87.48054,30832
5480,Hardik-Parikh,1,0.00324,26973,87.48378,30832
5481,harelguy,1,0.00324,26974,87.48703,30832
5482,harikishore23,1,0.00324,26975,87.49027,30832
5483,harishchavan1993,1,0.00324,26976,87.49351,30832
5484,harispraba,1,0.00324,26977,87.49676,30832
5485,haritbe,1,0.00324,26978,87.50000,30832
5486,Harminder9995,1,0.00324,26979,87.50324,30832
5487,harpreetaulakh,1,0.00324,26980,87.50649,30832
5488,harrietgrace,1,0.00324,26981,87.50973,30832
5489,harrymilne,1,0.00324,26982,87.51297,30832
5490,harshaar-sophos,1,0.00324,26983,87.51622,30832
5491,harshan89,1,0.00324,26984,87.51946,30832
5492,harshey1103,1,0.00324,26985,87.52270,30832
5493,harshita3199,1,0.00324,26986,87.52595,30832
5494,HartBlanc,1,0.00324,26987,87.52919,30832
5495,harti2006,1,0.00324,26988,87.53243,30832
5496,hasslemark,1,0.00324,26989,87.53568,30832
5497,hasues,1,0.00324,26990,87.53892,30832
5498,HatboyWonder,1,0.00324,26991,87.54216,30832
5499,havrylenkok,1,0.00324,26992,87.54541,30832
5500,hax,1,0.00324,26993,87.54865,30832
5501,haykharut,1,0.00324,26994,87.55189,30832
5502,Hbrehman,1,0.00324,26995,87.55514,30832
5503,hcank,1,0.00324,26996,87.55838,30832
5504,hdweiss,1,0.00324,26997,87.56162,30832
5505,Heart-tide,1,0.00324,26998,87.56487,30832
5506,Hebilicious,1,0.00324,26999,87.56811,30832
5507,hecalzu,1,0.00324,27000,87.57135,30832
5508,hedgieinsocks,1,0.00324,27001,87.57460,30832
5509,heitorfm,1,0.00324,27002,87.57784,30832
5510,hekhammassi,1,0.00324,27003,87.58108,30832
5511,helioascorreia,1,0.00324,27004,87.58433,30832
5512,hemchander007,1,0.00324,27005,87.58757,30832
5513,hengfeiyang,1,0.00324,27006,87.59081,30832
5514,henry-kuehl,1,0.00324,27007,87.59406,30832
5515,HenryLiu0,1,0.00324,27008,87.59730,30832
5516,henry-spanka,1,0.00324,27009,87.60054,30832
5517,henrywhitaker3,1,0.00324,27010,87.60379,30832
5518,heover1cks,1,0.00324,27011,87.60703,30832
5519,here-abarany,1,0.00324,27012,87.61028,30832
5520,herman-ounapuu-ep,1,0.00324,27013,87.61352,30832
5521,hernanDatgDev,1,0.00324,27014,87.61676,30832
5522,HerrSolix,1,0.00324,27015,87.62001,30832
5523,Herve-Moriou,1,0.00324,27016,87.62325,30832
5524,hesam-talkscriber,1,0.00324,27017,87.62649,30832
5525,hexagonal-banana,1,0.00324,27018,87.62974,30832
5526,Hexton09,1,0.00324,27019,87.63298,30832
5527,hgambarian,1,0.00324,27020,87.63622,30832
5528,HGZahn,1,0.00324,27021,87.63947,30832
5529,hhenke-mle,1,0.00324,27022,87.64271,30832
5530,hhopen,1,0.00324,27023,87.64595,30832
5531,hibachrach,1,0.00324,27024,87.64920,30832
5532,hibri,1,0.00324,27025,87.65244,30832
5533,hi-kaneko,1,0.00324,27026,87.65568,30832
5534,Himanshu0301,1,0.00324,27027,87.65893,30832
5535,himanshubarman6196,1,0.00324,27028,87.66217,30832
5536,hime,1,0.00324,27029,87.66541,30832
5537,himeshladva,1,0.00324,27030,87.66866,30832
5538,hiturria,1,0.00324,27031,87.67190,30832
5539,hivanov,1,0.00324,27032,87.67514,30832
5540,hive74,1,0.00324,27033,87.67839,30832
5541,hjk235456,1,0.00324,27034,87.68163,30832
5542,HKalbasi,1,0.00324,27035,87.68487,30832
5543,hkbiet,1,0.00324,27036,87.68812,30832
5544,HKMV,1,0.00324,27037,87.69136,30832
5545,h-mavrodiev,1,0.00324,27038,87.69460,30832
5546,hnsmn,1,0.00324,27039,87.69785,30832
5547,HoangNguyen689,1,0.00324,27040,87.70109,30832
5548,HOchacha,1,0.00324,27041,87.70433,30832
5549,hogiabao2601,1,0.00324,27042,87.70758,30832
5550,Hoid,1,0.00324,27043,87.71082,30832
5551,Hojland,1,0.00324,27044,87.71406,30832
5552,holgerlausen,1,0.00324,27045,87.71731,30832
5553,hollermay,1,0.00324,27046,87.72055,30832
5554,hollycai05,1,0.00324,27047,87.72379,30832
5555,hong539,1,0.00324,27048,87.72704,30832
5556,hoolioh,1,0.00324,27049,87.73028,30832
5557,hopeshared-lee,1,0.00324,27050,87.73352,30832
5558,HoussinSa,1,0.00324,27051,87.73677,30832
5559,howellshan,1,0.00324,27052,87.74001,30832
5560,howiezhao,1,0.00324,27053,87.74325,30832
5561,howtosolveit,1,0.00324,27054,87.74650,30832
5562,hrdonka,1,0.00324,27055,87.74974,30832
5563,hritikchaudhary,1,0.00324,27056,87.75298,30832
5564,hrmcardle0,1,0.00324,27057,87.75623,30832
5565,hsavy,1,0.00324,27058,87.75947,30832
5566,hschimmel,1,0.00324,27059,87.76271,30832
5567,hsilva-keep,1,0.00324,27060,87.76596,30832
5568,htorres74,1,0.00324,27061,87.76920,30832
5569,httpcarlxs,1,0.00324,27062,87.77244,30832
5570,HuaJFrame,1,0.00324,27063,87.77569,30832
5571,huangzhw,1,0.00324,27064,87.77893,30832
5572,huasiy,1,0.00324,27065,87.78217,30832
5573,hubster1,1,0.00324,27066,87.78542,30832
5574,hueiyuan,1,0.00324,27067,87.78866,30832
5575,huggymann,1,0.00324,27068,87.79190,30832
5576,hugo4715,1,0.00324,27069,87.79515,30832
5577,hugo-brito,1,0.00324,27070,87.79839,30832
5578,hugotms,1,0.00324,27071,87.80163,30832
5579,huhnfe,1,0.00324,27072,87.80488,30832
5580,hukaidong,1,0.00324,27073,87.80812,30832
5581,humelse,1,0.00324,27074,87.81136,30832
5582,hungbbear,1,0.00324,27075,87.81461,30832
5583,hunorczirjek,1,0.00324,27076,87.81785,30832
5584,HunterGerlach,1,0.00324,27077,87.82109,30832
5585,huo-yuan-ja,1,0.00324,27078,87.82434,30832
5586,HusmithaSilva,1,0.00324,27079,87.82758,30832
5587,hutm,1,0.00324,27080,87.83083,30832
5588,HWCopilot,1,0.00324,27081,87.83407,30832
5589,hyb175,1,0.00324,27082,87.83731,30832
5590,Hybrid512,1,0.00324,27083,87.84056,30832
5591,Hyilo40,1,0.00324,27084,87.84380,30832
5592,hyunwoo1123,1,0.00324,27085,87.84704,30832
5593,hyywestwood,1,0.00324,27086,87.85029,30832
5594,hzfq,1,0.00324,27087,87.85353,30832
5595,HzheSxs,1,0.00324,27088,87.85677,30832
5596,i551110,1,0.00324,27089,87.86002,30832
5597,iaincalderfh,1,0.00324,27090,87.86326,30832
5598,IamAliBaba,1,0.00324,27091,87.86650,30832
5599,iamFrancescoFerro,1,0.00324,27092,87.86975,30832
5600,iamro,1,0.00324,27093,87.87299,30832
5601,IamTamika,1,0.00324,27094,87.87623,30832
5602,iamwep,1,0.00324,27095,87.87948,30832
5603,iamWing,1,0.00324,27096,87.88272,30832
5604,ian-activeloop,1,0.00324,27097,87.88596,30832
5605,ianko,1,0.00324,27098,87.88921,30832
5606,I-ANY,1,0.00324,27099,87.89245,30832
5607,ibarchenkov,1,0.00324,27100,87.89569,30832
5608,ibbw,1,0.00324,27101,87.89894,30832
5609,ibishal,1,0.00324,27102,87.90218,30832
5610,ichAB,1,0.00324,27103,87.90542,30832
5611,ichuniq,1,0.00324,27104,87.90867,30832
5612,idg10,1,0.00324,27105,87.91191,30832
5613,idle-code,1,0.00324,27106,87.91515,30832
5614,idojustt,1,0.00324,27107,87.91840,30832
5615,idonava,1,0.00324,27108,87.92164,30832
5616,idovak,1,0.00324,27109,87.92488,30832
5617,idoyo7,1,0.00324,27110,87.92813,30832
5618,ifurs,1,0.00324,27111,87.93137,30832
5619,igh9410,1,0.00324,27112,87.93461,30832
5620,ignasr,1,0.00324,27113,87.93786,30832
5621,ignitewala,1,0.00324,27114,87.94110,30832
5622,igooch,1,0.00324,27115,87.94434,30832
5623,iheme,1,0.00324,27116,87.94759,30832
5624,IIITM-Jay,1,0.00324,27117,87.95083,30832
5625,ikotowski,1,0.00324,27118,87.95407,30832
5626,ilanbol,1,0.00324,27119,87.95732,30832
5627,Ilchert,1,0.00324,27120,87.96056,30832
5628,ilevinupgrade,1,0.00324,27121,87.96380,30832
5629,iliyasali2107,1,0.00324,27122,87.96705,30832
5630,illegalbae,1,0.00324,27123,87.97029,30832
5631,illnr,1,0.00324,27124,87.97353,30832
5632,illthizam-healthhelper,1,0.00324,27125,87.97678,30832
5633,ilsanto17,1,0.00324,27126,87.98002,30832
5634,imad-elbouhati,1,0.00324,27127,87.98326,30832
5635,imaharu,1,0.00324,27128,87.98651,30832
5636,imaldonado1,1,0.00324,27129,87.98975,30832
5637,imanAzi,1,0.00324,27130,87.99299,30832
5638,Imanghvs,1,0.00324,27131,87.99624,30832
5639,imanishbarnwal,1,0.00324,27132,87.99948,30832
5640,imizimi95,1,0.00324,27133,88.00272,30832
5641,ImmarKarimm,1,0.00324,27134,88.00597,30832
5642,imorato,1,0.00324,27135,88.00921,30832
5643,imperfect-fourth,1,0.00324,27136,88.01245,30832
5644,ImplausibleGrrl,1,0.00324,27137,88.01570,30832
5645,imstevenxyz,1,0.00324,27138,88.01894,30832
5646,Indaplace,1,0.00324,27139,88.02218,30832
5647,Indhu06,1,0.00324,27140,88.02543,30832
5648,InduprasadSR,1,0.00324,27141,88.02867,30832
5649,ineednousername,1,0.00324,27142,88.03191,30832
5650,infa-vdas,1,0.00324,27143,88.03516,30832
5651,infralabs-cloud,1,0.00324,27144,88.03840,30832
5652,ingestevezaquino,1,0.00324,27145,88.04165,30832
5653,innotecsol,1,0.00324,27146,88.04489,30832
5654,inola-ww,1,0.00324,27147,88.04813,30832
5655,inshitaM,1,0.00324,27148,88.05138,30832
5656,InSuperposition,1,0.00324,27149,88.05462,30832
5657,interpixelstudios,1,0.00324,27150,88.05786,30832
5658,Invisiblesil123,1,0.00324,27151,88.06111,30832
5659,ioboi,1,0.00324,27152,88.06435,30832
5660,iouri-s,1,0.00324,27153,88.06759,30832
5661,ipoval,1,0.00324,27154,88.07084,30832
5662,IPreferWater,1,0.00324,27155,88.07408,30832
5663,iprytol-devops,1,0.00324,27156,88.07732,30832
5664,ipyton,1,0.00324,27157,88.08057,30832
5665,iqbal722,1,0.00324,27158,88.08381,30832
5666,irenedo,1,0.00324,27159,88.08705,30832
5667,irisityavnertamir,1,0.00324,27160,88.09030,30832
5668,iriszhou320,1,0.00324,27161,88.09354,30832
5669,ironcloud117,1,0.00324,27162,88.09678,30832
5670,IronmanGC,1,0.00324,27163,88.10003,30832
5671,isaac-mcfadyen,1,0.00324,27164,88.10327,30832
5672,ischilling,1,0.00324,27165,88.10651,30832
5673,IshaanDesai45,1,0.00324,27166,88.10976,30832
5674,Ishaanj18,1,0.00324,27167,88.11300,30832
5675,Ishad-M-I-M,1,0.00324,27168,88.11624,30832
5676,isHuangXin,1,0.00324,27169,88.11949,30832
5677,isikdos,1,0.00324,27170,88.12273,30832
5678,iskander-bargaoui,1,0.00324,27171,88.12597,30832
5679,islglad,1,0.00324,27172,88.12922,30832
5680,ismail9001,1,0.00324,27173,88.13246,30832
5681,ismaillatona,1,0.00324,27174,88.13570,30832
5682,istvano,1,0.00324,27175,88.13895,30832
5683,itAvgur,1,0.00324,27176,88.14219,30832
5684,itsamenathan,1,0.00324,27177,88.14543,30832
5685,itsezc,1,0.00324,27178,88.14868,30832
5686,itsmehemant123,1,0.00324,27179,88.15192,30832
5687,itsNotMyUsername,1,0.00324,27180,88.15516,30832
5688,itssven,1,0.00324,27181,88.15841,30832
5689,itwpcs,1,0.00324,27182,88.16165,30832
5690,itzncr214,1,0.00324,27183,88.16489,30832
5691,iv0rish,1,0.00324,27184,88.16814,30832
5692,iva3682,1,0.00324,27185,88.17138,30832
5693,iVampireSP,1,0.00324,27186,88.17462,30832
5694,ivankravets,1,0.00324,27187,88.17787,30832
5695,ivanpfalcao,1,0.00324,27188,88.18111,30832
5696,ivan-vizibit,1,0.00324,27189,88.18435,30832
5697,ivasquezs,1,0.00324,27190,88.18760,30832
5698,ivergara,1,0.00324,27191,88.19084,30832
5699,iverly,1,0.00324,27192,88.19408,30832
5700,iydoowii,1,0.00324,27193,88.19733,30832
5701,J0shSkqlq,1,0.00324,27194,88.20057,30832
5702,j3ffrw,1,0.00324,27195,88.20381,30832
5703,j4nvkvc,1,0.00324,27196,88.20706,30832
5704,j809,1,0.00324,27197,88.21030,30832
5705,J90307,1,0.00324,27198,88.21354,30832
5706,ja250535,1,0.00324,27199,88.21679,30832
5707,jaapenstaart,1,0.00324,27200,88.22003,30832
5708,jaceding,1,0.00324,27201,88.22327,30832
5709,jack1234-cloud,1,0.00324,27202,88.22652,30832
5710,jack2gs,1,0.00324,27203,88.22976,30832
5711,jack9410,1,0.00324,27204,88.23300,30832
5712,JackHuHappy,1,0.00324,27205,88.23625,30832
5713,jackiehope,1,0.00324,27206,88.23949,30832
5714,jack-kearney,1,0.00324,27207,88.24273,30832
5715,jackovsky8,1,0.00324,27208,88.24598,30832
5716,Jackyen,1,0.00324,27209,88.24922,30832
5717,jacobbednarz,1,0.00324,27210,88.25246,30832
5718,jacob-tolar-bridg,1,0.00324,27211,88.25571,30832
5719,jacobycwang,1,0.00324,27212,88.25895,30832
5720,jadamroth,1,0.00324,27213,88.26220,30832
5721,jade-tseng,1,0.00324,27214,88.26544,30832
5722,jaeuHeo,1,0.00324,27215,88.26868,30832
5723,jafager,1,0.00324,27216,88.27193,30832
5724,jagexjake,1,0.00324,27217,88.27517,30832
5725,jahknem,1,0.00324,27218,88.27841,30832
5726,JaimySmets,1,0.00324,27219,88.28166,30832
5727,jainsourabh2,1,0.00324,27220,88.28490,30832
5728,jakelevirne,1,0.00324,27221,88.28814,30832
5729,jakubkustra-tomtom,1,0.00324,27222,88.29139,30832
5730,JakubLedworowski,1,0.00324,27223,88.29463,30832
5731,jalvarezit,1,0.00324,27224,88.29787,30832
5732,jamaalscarlett,1,0.00324,27225,88.30112,30832
5733,jame-developer,1,0.00324,27226,88.30436,30832
5734,james-bartlett,1,0.00324,27227,88.30760,30832
5735,jamesdavidson,1,0.00324,27228,88.31085,30832
5736,jamesderune,1,0.00324,27229,88.31409,30832
5737,JamesHutchison,1,0.00324,27230,88.31733,30832
5738,jamesmw-anz,1,0.00324,27231,88.32058,30832
5739,james-newell-forge,1,0.00324,27232,88.32382,30832
5740,Jamesta51,1,0.00324,27233,88.32706,30832
5741,jameswu0731,1,0.00324,27234,88.33031,30832
5742,jamilxt,1,0.00324,27235,88.33355,30832
5743,janderssonse,1,0.00324,27236,88.33679,30832
5744,janemiceli,1,0.00324,27237,88.34004,30832
5745,janfrederik,1,0.00324,27238,88.34328,30832
5746,JanhaviAlekar,1,0.00324,27239,88.34652,30832
5747,janisar007,1,0.00324,27240,88.34977,30832
5748,JanKoppe,1,0.00324,27241,88.35301,30832
5749,jankovicgd,1,0.00324,27242,88.35625,30832
5750,janluke,1,0.00324,27243,88.35950,30832
5751,janorn,1,0.00324,27244,88.36274,30832
5752,jansoukup,1,0.00324,27245,88.36598,30832
5753,JanVargovsky,1,0.00324,27246,88.36923,30832
5754,janyao520,1,0.00324,27247,88.37247,30832
5755,jaosn60810,1,0.00324,27248,88.37571,30832
5756,jaredsburrows,1,0.00324,27249,88.37896,30832
5757,JasenChao,1,0.00324,27250,88.38220,30832
5758,JasirVoriya,1,0.00324,27251,88.38544,30832
5759,jasonlai1218,1,0.00324,27252,88.38869,30832
5760,jasperjorna,1,0.00324,27253,88.39193,30832
5761,javac2005,1,0.00324,27254,88.39517,30832
5762,jayachristina,1,0.00324,27255,88.39842,30832
5763,JayantDhakajd,1,0.00324,27256,88.40166,30832
5764,jayb1976,1,0.00324,27257,88.40490,30832
5765,Jaychueng,1,0.00324,27258,88.40815,30832
5766,Jay-Topher,1,0.00324,27259,88.41139,30832
5767,jayzalani,1,0.00324,27260,88.41463,30832
5768,jbennett7,1,0.00324,27261,88.41788,30832
5769,jbiskur,1,0.00324,27262,88.42112,30832
5770,jbluntz,1,0.00324,27263,88.42436,30832
5771,jcabrerizo,1,0.00324,27264,88.42761,30832
5772,jchenbl,1,0.00324,27265,88.43085,30832
5773,JChew7568,1,0.00324,27266,88.43409,30832
5774,jconti,1,0.00324,27267,88.43734,30832
5775,jcubic,1,0.00324,27268,88.44058,30832
5776,J-Dany,1,0.00324,27269,88.44382,30832
5777,JDeuce,1,0.00324,27270,88.44707,30832
5778,jdeus,1,0.00324,27271,88.45031,30832
5779,jdsaund,1,0.00324,27272,88.45355,30832
5780,jdunck,1,0.00324,27273,88.45680,30832
5781,jdupont22,1,0.00324,27274,88.46004,30832
5782,Jebarajjacob1,1,0.00324,27275,88.46328,30832
5783,jebbers-lq,1,0.00324,27276,88.46653,30832
5784,jedops,1,0.00324,27277,88.46977,30832
5785,jedrus2000,1,0.00324,27278,88.47302,30832
5786,jefferybradberry,1,0.00324,27279,88.47626,30832
5787,Jefferycheng,1,0.00324,27280,88.47950,30832
5788,jelin-sh,1,0.00324,27281,88.48275,30832
5789,JenilLaheri,1,0.00324,27282,88.48599,30832
5790,jenndaltonlg,1,0.00324,27283,88.48923,30832
5791,jennk123,1,0.00324,27284,88.49248,30832
5792,JensenJose,1,0.00324,27285,88.49572,30832
5793,jeremylong,1,0.00324,27286,88.49896,30832
5794,jereques,1,0.00324,27287,88.50221,30832
5795,Jeroenvandepol,1,0.00324,27288,88.50545,30832
5796,jeromev66,1,0.00324,27289,88.50869,30832
5797,jesseanttila-cai,1,0.00324,27290,88.51194,30832
5798,Jessehuze,1,0.00324,27291,88.51518,30832
5799,jesslane94,1,0.00324,27292,88.51842,30832
5800,jesuspv,1,0.00324,27293,88.52167,30832
5801,jeswant,1,0.00324,27294,88.52491,30832
5802,jfroy,1,0.00324,27295,88.52815,30832
5803,j-fulbright,1,0.00324,27296,88.53140,30832
5804,jgardner-qha,1,0.00324,27297,88.53464,30832
5805,jgayer,1,0.00324,27298,88.53788,30832
5806,jgibo,1,0.00324,27299,88.54113,30832
5807,jgooge-vso,1,0.00324,27300,88.54437,30832
5808,jgrammen-agilitypr,1,0.00324,27301,88.54761,30832
5809,jgranieczny,1,0.00324,27302,88.55086,30832
5810,jhaanvi5,1,0.00324,27303,88.55410,30832
5811,jhested,1,0.00324,27304,88.55734,30832
5812,jhoeljp,1,0.00324,27305,88.56059,30832
5813,jhoward-ts,1,0.00324,27306,88.56383,30832
5814,jhsqsp,1,0.00324,27307,88.56707,30832
5815,jiaflu,1,0.00324,27308,88.57032,30832
5816,jianghao65536,1,0.00324,27309,88.57356,30832
5817,jiantang99,1,0.00324,27310,88.57680,30832
5818,JiaruiZhang713,1,0.00324,27311,88.58005,30832
5819,jibzmat,1,0.00324,27312,88.58329,30832
5820,jichangyun,1,0.00324,27313,88.58653,30832
5821,JifeiMei,1,0.00324,27314,88.58978,30832
5822,jiho-jung,1,0.00324,27315,88.59302,30832
5823,JimmyCater87,1,0.00324,27316,88.59626,30832
5824,jimsoft1000,1,0.00324,27317,88.59951,30832
5825,jinghongzhaoying,1,0.00324,27318,88.60275,30832
5826,JinoArch,1,0.00324,27319,88.60599,30832
5827,jinsheng8888,1,0.00324,27320,88.60924,30832
5828,jiqi8716,1,0.00324,27321,88.61248,30832
5829,JJaviMS,1,0.00324,27322,88.61572,30832
5830,JJjjxx,1,0.00324,27323,88.61897,30832
5831,jjl9807,1,0.00324,27324,88.62221,30832
5832,jjouanno-kwaku-it,1,0.00324,27325,88.62545,30832
5833,jjpersch,1,0.00324,27326,88.62870,30832
5834,jkumarpa,1,0.00324,27327,88.63194,30832
5835,jladd-bah,1,0.00324,27328,88.63518,30832
5836,jlassery,1,0.00324,27329,88.63843,30832
5837,jlfxt,1,0.00324,27330,88.64167,30832
5838,jlyshoel,1,0.00324,27331,88.64491,30832
5839,jm-amt,1,0.00324,27332,88.64816,30832
5840,jmcdade11,1,0.00324,27333,88.65140,30832
5841,jmeher2020,1,0.00324,27334,88.65464,30832
5842,jmerciercode,1,0.00324,27335,88.65789,30832
5843,jmg421,1,0.00324,27336,88.66113,30832
5844,jmimico,1,0.00324,27337,88.66437,30832
5845,jmink,1,0.00324,27338,88.66762,30832
5846,jmjesperson,1,0.00324,27339,88.67086,30832
5847,jmkolbe,1,0.00324,27340,88.67410,30832
5848,jm-nab,1,0.00324,27341,88.67735,30832
5849,jmrithyunjaya,1,0.00324,27342,88.68059,30832
5850,jmunoz19,1,0.00324,27343,88.68383,30832
5851,jnormen,1,0.00324,27344,88.68708,30832
5852,jnprogrammer,1,0.00324,27345,88.69032,30832
5853,jnsp,1,0.00324,27346,88.69357,30832
5854,jo12bar,1,0.00324,27347,88.69681,30832
5855,joachimvenaas,1,0.00324,27348,88.70005,30832
5856,joanmp-ndtx,1,0.00324,27349,88.70330,30832
5857,joannazhou888,1,0.00324,27350,88.70654,30832
5858,joansmic,1,0.00324,27351,88.70978,30832
5859,jodesmet,1,0.00324,27352,88.71303,30832
5860,jodr5786,1,0.00324,27353,88.71627,30832
5861,JoelDimbernat,1,0.00324,27354,88.71951,30832
5862,joelmccoy,1,0.00324,27355,88.72276,30832
5863,joey-squid,1,0.00324,27356,88.72600,30832
5864,joey-yez,1,0.00324,27357,88.72924,30832
5865,joggienl,1,0.00324,27358,88.73249,30832
5866,johannesanchez,1,0.00324,27359,88.73573,30832
5867,JohannSig,1,0.00324,27360,88.73897,30832
5868,johirulalam,1,0.00324,27361,88.74222,30832
5869,johnboy14,1,0.00324,27362,88.74546,30832
5870,johnbuckley,1,0.00324,27363,88.74870,30832
5871,johnden12,1,0.00324,27364,88.75195,30832
5872,johnlaur,1,0.00324,27365,88.75519,30832
5873,johnmssdish,1,0.00324,27366,88.75843,30832
5874,JohnnyJayJay,1,0.00324,27367,88.76168,30832
5875,johschmidt42,1,0.00324,27368,88.76492,30832
5876,Jokas377,1,0.00324,27369,88.76816,30832
5877,jolet,1,0.00324,27370,88.77141,30832
5878,jomakori,1,0.00324,27371,88.77465,30832
5879,jonasby,1,0.00324,27372,88.77789,30832
5880,jonaskuh,1,0.00324,27373,88.78114,30832
5881,JonasMH,1,0.00324,27374,88.78438,30832
5882,jonathan-hosmer,1,0.00324,27375,88.78762,30832
5883,jonathanzhang02,1,0.00324,27376,88.79087,30832
5884,Jonath-z,1,0.00324,27377,88.79411,30832
5885,jondo2010,1,0.00324,27378,88.79735,30832
5886,jongwoonkim2,1,0.00324,27379,88.80060,30832
5887,jonjpbm,1,0.00324,27380,88.80384,30832
5888,JonMerlevede,1,0.00324,27381,88.80708,30832
5889,jonsbun,1,0.00324,27382,88.81033,30832
5890,jonvance,1,0.00324,27383,88.81357,30832
5891,JonWoodlief,1,0.00324,27384,88.81681,30832
5892,joohyung-park,1,0.00324,27385,88.82006,30832
5893,joonnna,1,0.00324,27386,88.82330,30832
5894,jooosh,1,0.00324,27387,88.82654,30832
5895,jordanlibrande,1,0.00324,27388,88.82979,30832
5896,jordiandreu,1,0.00324,27389,88.83303,30832
5897,JorensM,1,0.00324,27390,88.83627,30832
5898,jorgerodriguezsj,1,0.00324,27391,88.83952,30832
5899,jorgerudo,1,0.00324,27392,88.84276,30832
5900,jormenjanssen,1,0.00324,27393,88.84600,30832
5901,JoseCarlosGarcia95,1,0.00324,27394,88.84925,30832
5902,josecarre,1,0.00324,27395,88.85249,30832
5903,josepcorrea,1,0.00324,27396,88.85573,30832
5904,joseph2021k,1,0.00324,27397,88.85898,30832
5905,josephmask,1,0.00324,27398,88.86222,30832
5906,josersleal,1,0.00324,27399,88.86546,30832
5907,josesa-xx,1,0.00324,27400,88.86871,30832
5908,josesimoes,1,0.00324,27401,88.87195,30832
5909,joshc-nimble,1,0.00324,27402,88.87519,30832
5910,joshelb,1,0.00324,27403,88.87844,30832
5911,joshmorningstar,1,0.00324,27404,88.88168,30832
5912,joshuajohananorthos,1,0.00324,27405,88.88492,30832
5913,josmo,1,0.00324,27406,88.88817,30832
5914,josyulav,1,0.00324,27407,88.89141,30832
5915,jowharshamshiri,1,0.00324,27408,88.89465,30832
5916,Joydeepgmr,1,0.00324,27409,88.89790,30832
5917,joywek,1,0.00324,27410,88.90114,30832
5918,jp2246,1,0.00324,27411,88.90439,30832
5919,jparkash2,1,0.00324,27412,88.90763,30832
5920,jpgrizzaffi,1,0.00324,27413,88.91087,30832
5921,jpyingleong,1,0.00324,27414,88.91412,30832
5922,jpylypiw,1,0.00324,27415,88.91736,30832
5923,jrgifford,1,0.00324,27416,88.92060,30832
5924,jrjohansen,1,0.00324,27417,88.92385,30832
5925,js185692,1,0.00324,27418,88.92709,30832
5926,js4000all,1,0.00324,27419,88.93033,30832
5927,jschilli,1,0.00324,27420,88.93358,30832
5928,jsegitz,1,0.00324,27421,88.93682,30832
5929,jskulski,1,0.00324,27422,88.94006,30832
5930,jsmrcka,1,0.00324,27423,88.94331,30832
5931,jsolovjo,1,0.00324,27424,88.94655,30832
5932,jsultana-leap,1,0.00324,27425,88.94979,30832
5933,JSv4,1,0.00324,27426,88.95304,30832
5934,jsxiaoshunzi,1,0.00324,27427,88.95628,30832
5935,jt0,1,0.00324,27428,88.95952,30832
5936,jtjackson,1,0.00324,27429,88.96277,30832
5937,juhosyrjanen,1,0.00324,27430,88.96601,30832
5938,julianortlieb,1,0.00324,27431,88.96925,30832
5939,julienrbrt,1,0.00324,27432,88.97250,30832
5940,Jumat8459,1,0.00324,27433,88.97574,30832
5941,june-bee,1,0.00324,27434,88.97898,30832
5942,JunseoChoJJ,1,0.00324,27435,88.98223,30832
5943,jusch23,1,0.00324,27436,88.98547,30832
5944,justinb-shipt,1,0.00324,27437,88.98871,30832
5945,justincorrigible,1,0.00324,27438,88.99196,30832
5946,jvsancho80,1,0.00324,27439,88.99520,30832
5947,jwennerberg,1,0.00324,27440,88.99844,30832
5948,jwhittem,1,0.00324,27441,89.00169,30832
5949,jwojciechowski-rtbh,1,0.00324,27442,89.00493,30832
5950,jy-kkkim,1,0.00324,27443,89.00817,30832
5951,k1empka,1,0.00324,27444,89.01142,30832
5952,k2nt,1,0.00324,27445,89.01466,30832
5953,kaarel-sm,1,0.00324,27446,89.01790,30832
5954,kabali126,1,0.00324,27447,89.02115,30832
5955,kadhriesh,1,0.00324,27448,89.02439,30832
5956,kain88-de,1,0.00324,27449,89.02763,30832
5957,Kai-Z-JP,1,0.00324,27450,89.03088,30832
5958,kajoong-yoon,1,0.00324,27451,89.03412,30832
5959,kajov,1,0.00324,27452,89.03736,30832
5960,kalabukdima,1,0.00324,27453,89.04061,30832
5961,kalhaarsavaj,1,0.00324,27454,89.04385,30832
5962,KalinIvanov-l,1,0.00324,27455,89.04709,30832
5963,kalyanram262,1,0.00324,27456,89.05034,30832
5964,Kamal-Basha,1,0.00324,27457,89.05358,30832
5965,Kamalpreet-KK,1,0.00324,27458,89.05682,30832
5966,Kameleoon,1,0.00324,27459,89.06007,30832
5967,kamelj,1,0.00324,27460,89.06331,30832
5968,kammal07,1,0.00324,27461,89.06655,30832
5969,Kampadais,1,0.00324,27462,89.06980,30832
5970,Kamran-khosravi,1,0.00324,27463,89.07304,30832
5971,KANGA94,1,0.00324,27464,89.07628,30832
5972,kangkanghanhan,1,0.00324,27465,89.07953,30832
5973,kangman,1,0.00324,27466,89.08277,30832
5974,kangy-google,1,0.00324,27467,89.08601,30832
5975,Kanishkpsr007,1,0.00324,27468,89.08926,30832
5976,kannan-ak,1,0.00324,27469,89.09250,30832
5977,kannan-nic,1,0.00324,27470,89.09574,30832
5978,kanupriyaraheja,1,0.00324,27471,89.09899,30832
5979,kaolaaz163,1,0.00324,27472,89.10223,30832
5980,kapaje,1,0.00324,27473,89.10547,30832
5981,kapelnick,1,0.00324,27474,89.10872,30832
5982,KapilBillore,1,0.00324,27475,89.11196,30832
5983,KarlDegen,1,0.00324,27476,89.11520,30832
5984,KarolJagodzinski,1,0.00324,27477,89.11845,30832
5985,karthick-ponnusamy,1,0.00324,27478,89.12169,30832
5986,Karthikdasari0423,1,0.00324,27479,89.12494,30832
5987,Karthikeyan22794,1,0.00324,27480,89.12818,30832
5988,kasanitej,1,0.00324,27481,89.13142,30832
5989,kashifkhan,1,0.00324,27482,89.13467,30832
5990,KataaOmar,1,0.00324,27483,89.13791,30832
5991,Kaurin,1,0.00324,27484,89.14115,30832
5992,KaustubhDhokte,1,0.00324,27485,89.14440,30832
5993,Kavisha4,1,0.00324,27486,89.14764,30832
5994,kayasa12321,1,0.00324,27487,89.15088,30832
5995,kays002,1,0.00324,27488,89.15413,30832
5996,kazmerdome,1,0.00324,27489,89.15737,30832
5997,kblase,1,0.00324,27490,89.16061,30832
5998,kbocock-krg,1,0.00324,27491,89.16386,30832
5999,kboro,1,0.00324,27492,89.16710,30832
6000,kbreit-insight,1,0.00324,27493,89.17034,30832
6001,kchiranjewee63,1,0.00324,27494,89.17359,30832
6002,kcm-krishna-git,1,0.00324,27495,89.17683,30832
6003,kdavh,1,0.00324,27496,89.18007,30832
6004,kdavis,1,0.00324,27497,89.18332,30832
6005,kdejaeger,1,0.00324,27498,89.18656,30832
6006,kdevray,1,0.00324,27499,89.18980,30832
6007,kdlugajczyk,1,0.00324,27500,89.19305,30832
6008,keastm,1,0.00324,27501,89.19629,30832
6009,keiluo,1,0.00324,27502,89.19953,30832
6010,keisni,1,0.00324,27503,89.20278,30832
6011,KeitelDOG,1,0.00324,27504,89.20602,30832
6012,keithBieszczat,1,0.00324,27505,89.20926,30832
6013,kekeskuya,1,0.00324,27506,89.21251,30832
6014,kellis5137,1,0.00324,27507,89.21575,30832
6015,kelteseth,1,0.00324,27508,89.21899,30832
6016,kelvien-microsoft,1,0.00324,27509,89.22224,30832
6017,kenissongmelo,1,0.00324,27510,89.22548,30832
6018,kentan88,1,0.00324,27511,89.22872,30832
6019,keoren3,1,0.00324,27512,89.23197,30832
6020,kermakovich,1,0.00324,27513,89.23521,30832
6021,Kesavkrish01,1,0.00324,27514,89.23845,30832
6022,kevbo,1,0.00324,27515,89.24170,30832
6023,kevin7s-io,1,0.00324,27516,89.24494,30832
6024,kevin-emodo,1,0.00324,27517,89.24818,30832
6025,kevinfzs,1,0.00324,27518,89.25143,30832
6026,kevinhikaruevans,1,0.00324,27519,89.25467,30832
6027,KevinHock,1,0.00324,27520,89.25791,30832
6028,kevinkasper,1,0.00324,27521,89.26116,30832
6029,kevinwielander,1,0.00324,27522,89.26440,30832
6030,keyle56,1,0.00324,27523,89.26764,30832
6031,kfollesdal,1,0.00324,27524,89.27089,30832
6032,kgomez-bitso,1,0.00324,27525,89.27413,30832
6033,Khagesh16,1,0.00324,27526,89.27737,30832
6034,khalidbelk,1,0.00324,27527,89.28062,30832
6035,khodedawsh,1,0.00324,27528,89.28386,30832
6036,khord,1,0.00324,27529,89.28710,30832
6037,khushgcp,1,0.00324,27530,89.29035,30832
6038,kiddmi,1,0.00324,27531,89.29359,30832
6039,KIINGOFKEBAB,1,0.00324,27532,89.29683,30832
6040,kikcorp,1,0.00324,27533,89.30008,30832
6041,Kiliandeca,1,0.00324,27534,89.30332,30832
6042,kimisu1,1,0.00324,27535,89.30656,30832
6043,kim-sondrup,1,0.00324,27536,89.30981,30832
6044,kinoher,1,0.00324,27537,89.31305,30832
6045,kinvaris,1,0.00324,27538,89.31629,30832
6046,kiol-nsk,1,0.00324,27539,89.31954,30832
6047,kirankumarkolli,1,0.00324,27540,89.32278,30832
6048,kiranvaddadi,1,0.00324,27541,89.32602,30832
6049,KirillPerepelitsa,1,0.00324,27542,89.32927,30832
6050,kis024,1,0.00324,27543,89.33251,30832
6051,KJCheo-weston,1,0.00324,27544,89.33576,30832
6052,k-kaminskas,1,0.00324,27545,89.33900,30832
6053,kkantonop,1,0.00324,27546,89.34224,30832
6054,kkarmakarMS,1,0.00324,27547,89.34549,30832
6055,kkr2320,1,0.00324,27548,89.34873,30832
6056,klacointe,1,0.00324,27549,89.35197,30832
6057,klausmeyer,1,0.00324,27550,89.35522,30832
6058,klayders,1,0.00324,27551,89.35846,30832
6059,Kleclerc18,1,0.00324,27552,89.36170,30832
6060,klemens-u,1,0.00324,27553,89.36495,30832
6061,klinki,1,0.00324,27554,89.36819,30832
6062,kljude,1,0.00324,27555,89.37143,30832
6063,klyalldr,1,0.00324,27556,89.37468,30832
6064,kmcdon83,1,0.00324,27557,89.37792,30832
6065,kmeinhar,1,0.00324,27558,89.38116,30832
6066,kmsarabu,1,0.00324,27559,89.38441,30832
6067,kmzs,1,0.00324,27560,89.38765,30832
6068,knackstedt,1,0.00324,27561,89.39089,30832
6069,knikolla,1,0.00324,27562,89.39414,30832
6070,KnownSubset,1,0.00324,27563,89.39738,30832
6071,kobe148,1,0.00324,27564,89.40062,30832
6072,KobeVK,1,0.00324,27565,89.40387,30832
6073,kocisr,1,0.00324,27566,89.40711,30832
6074,kockas,1,0.00324,27567,89.41035,30832
6075,koell-casa,1,0.00324,27568,89.41360,30832
6076,koenvandesande,1,0.00324,27569,89.41684,30832
6077,kogratte,1,0.00324,27570,89.42008,30832
6078,koh-satoh-wpg,1,0.00324,27571,89.42333,30832
6079,kometen,1,0.00324,27572,89.42657,30832
6080,kommipraneeth,1,0.00324,27573,89.42981,30832
6081,KONE-XAD,1,0.00324,27574,89.43306,30832
6082,KonstantinWinkel,1,0.00324,27575,89.43630,30832
6083,KoolKevin,1,0.00324,27576,89.43954,30832
6084,kopax-polyconseil,1,0.00324,27577,89.44279,30832
6085,kornpow,1,0.00324,27578,89.44603,30832
6086,Koshiz,1,0.00324,27579,89.44927,30832
6087,Kosinkothegreat,1,0.00324,27580,89.45252,30832
6088,kOstovic,1,0.00324,27581,89.45576,30832
6089,kostrzewa9ld,1,0.00324,27582,89.45900,30832
6090,kostukyura,1,0.00324,27583,89.46225,30832
6091,kothaabhishek1,1,0.00324,27584,89.46549,30832
6092,KOTOXJle6,1,0.00324,27585,89.46873,30832
6093,koustreak,1,0.00324,27586,89.47198,30832
6094,kperreau,1,0.00324,27587,89.47522,30832
6095,kpol-lgx,1,0.00324,27588,89.47846,30832
6096,kpreeti2588,1,0.00324,27589,89.48171,30832
6097,kp-savvy,1,0.00324,27590,89.48495,30832
6098,kramkris,1,0.00324,27591,89.48819,30832
6099,KrappRamiro,1,0.00324,27592,89.49144,30832
6100,krasv,1,0.00324,27593,89.49468,30832
6101,Kratacoa,1,0.00324,27594,89.49792,30832
6102,kristencrawford,1,0.00324,27595,89.50117,30832
6103,krolle08,1,0.00324,27596,89.50441,30832
6104,krstp,1,0.00324,27597,89.50765,30832
6105,ksai2389,1,0.00324,27598,89.51090,30832
6106,kswift,1,0.00324,27599,89.51414,30832
6107,ktkd,1,0.00324,27600,89.51738,30832
6108,kubebn,1,0.00324,27601,89.52063,30832
6109,kubevalet,1,0.00324,27602,89.52387,30832
6110,kucharskim,1,0.00324,27603,89.52711,30832
6111,kul,1,0.00324,27604,89.53036,30832
6112,kulpatel,1,0.00324,27605,89.53360,30832
6113,kumanav07,1,0.00324,27606,89.53684,30832
6114,kumarutkarsh1248,1,0.00324,27607,89.54009,30832
6115,kumashiro,1,0.00324,27608,89.54333,30832
6116,KunduruJayasimhareddy,1,0.00324,27609,89.54657,30832
6117,kuriman01,1,0.00324,27610,89.54982,30832
6118,kuroyi,1,0.00324,27611,89.55306,30832
6119,kusaeva,1,0.00324,27612,89.55631,30832
6120,kust-soptim,1,0.00324,27613,89.55955,30832
6121,kvamsi-bea,1,0.00324,27614,89.56279,30832
6122,kw30conn,1,0.00324,27615,89.56604,30832
6123,kwit75,1,0.00324,27616,89.56928,30832
6124,kwop,1,0.00324,27617,89.57252,30832
6125,kylebisley,1,0.00324,27618,89.57577,30832
6126,kylejuliandev,1,0.00324,27619,89.57901,30832
6127,kylinklee,1,0.00324,27620,89.58225,30832
6128,Kyris11,1,0.00324,27621,89.58550,30832
6129,kytool,1,0.00324,27622,89.58874,30832
6130,kyungeunni,1,0.00324,27623,89.59198,30832
6131,l1k,1,0.00324,27624,89.59523,30832
6132,L4puta,1,0.00324,27625,89.59847,30832
6133,lachlan-smith,1,0.00324,27626,89.60171,30832
6134,lacike200,1,0.00324,27627,89.60496,30832
6135,lacitakacs,1,0.00324,27628,89.60820,30832
6136,Lacoz,1,0.00324,27629,89.61144,30832
6137,lacrosse1991,1,0.00324,27630,89.61469,30832
6138,LadaVarga,1,0.00324,27631,89.61793,30832
6139,lado936,1,0.00324,27632,89.62117,30832
6140,LagrangeH,1,0.00324,27633,89.62442,30832
6141,LahNabil,1,0.00324,27634,89.62766,30832
6142,LaiArturs,1,0.00324,27635,89.63090,30832
6143,laiyincaicai,1,0.00324,27636,89.63415,30832
6144,la-jamesh,1,0.00324,27637,89.63739,30832
6145,lakineni,1,0.00324,27638,89.64063,30832
6146,lalitr091,1,0.00324,27639,89.64388,30832
6147,lamarwhitej,1,0.00324,27640,89.64712,30832
6148,LandYoungYoung,1,0.00324,27641,89.65036,30832
6149,LangdalP,1,0.00324,27642,89.65361,30832
6150,langyastudio,1,0.00324,27643,89.65685,30832
6151,LanYuqiao,1,0.00324,27644,89.66009,30832
6152,laopoom,1,0.00324,27645,89.66334,30832
6153,LaramieHartmann,1,0.00324,27646,89.66658,30832
6154,larryTheCoder,1,0.00324,27647,89.66982,30832
6155,larvacea,1,0.00324,27648,89.67307,30832
6156,lasithsh,1,0.00324,27649,89.67631,30832
6157,lauragra-y,1,0.00324,27650,89.67955,30832
6158,lburja,1,0.00324,27651,89.68280,30832
6159,Le1ns,1,0.00324,27652,89.68604,30832
6160,leaf-node,1,0.00324,27653,89.68928,30832
6161,lebe-dev,1,0.00324,27654,89.69253,30832
6162,lechugaletal,1,0.00324,27655,89.69577,30832
6163,ledouxpl,1,0.00324,27656,89.69901,30832
6164,leegin,1,0.00324,27657,89.70226,30832
6165,LeelaChacha,1,0.00324,27658,89.70550,30832
6166,leganck,1,0.00324,27659,89.70874,30832
6167,legendary-acp,1,0.00324,27660,89.71199,30832
6168,LeGmask,1,0.00324,27661,89.71523,30832
6169,lehenric,1,0.00324,27662,89.71847,30832
6170,LeidyMuffin,1,0.00324,27663,89.72172,30832
6171,LeifSchumi,1,0.00324,27664,89.72496,30832
6172,lemonqqqq,1,0.00324,27665,89.72820,30832
6173,Lennart01,1,0.00324,27666,89.73145,30832
6174,lenow55,1,0.00324,27667,89.73469,30832
6175,lenzch,1,0.00324,27668,89.73793,30832
6176,LeonardAzah,1,0.00324,27669,89.74118,30832
6177,leona-ya,1,0.00324,27670,89.74442,30832
6178,leonheldattoradex,1,0.00324,27671,89.74766,30832
6179,lesinigo,1,0.00324,27672,89.75091,30832
6180,Lesly-Yosselin-Cabral,1,0.00324,27673,89.75415,30832
6181,LetSets,1,0.00324,27674,89.75739,30832
6182,LeulAria,1,0.00324,27675,89.76064,30832
6183,leuven65,1,0.00324,27676,89.76388,30832
6184,LeviAckermanga,1,0.00324,27677,89.76713,30832
6185,Levivb,1,0.00324,27678,89.77037,30832
6186,levkp,1,0.00324,27679,89.77361,30832
6187,lewimuchiri,1,0.00324,27680,89.77686,30832
6188,Lewisjmp,1,0.00324,27681,89.78010,30832
6189,LewisSDAFNI,1,0.00324,27682,89.78334,30832
6190,lezruk,1,0.00324,27683,89.78659,30832
6191,lfmatosm,1,0.00324,27684,89.78983,30832
6192,lhenry7,1,0.00324,27685,89.79307,30832
6193,lholota,1,0.00324,27686,89.79632,30832
6194,L-ian9,1,0.00324,27687,89.79956,30832
6195,LiangYang1018,1,0.00324,27688,89.80280,30832
6196,liaoyt,1,0.00324,27689,89.80605,30832
6197,li-dennis,1,0.00324,27690,89.80929,30832
6198,Lightxyz,1,0.00324,27691,89.81253,30832
6199,LIHPAM,1,0.00324,27692,89.81578,30832
6200,lihuawei321,1,0.00324,27693,89.81902,30832
6201,LiJiaxu756,1,0.00324,27694,89.82226,30832
6202,lijonath,1,0.00324,27695,89.82551,30832
6203,likevin97,1,0.00324,27696,89.82875,30832
6204,LikLiComing,1,0.00324,27697,89.83199,30832
6205,ling9535464,1,0.00324,27698,89.83524,30832
6206,lingesh00,1,0.00324,27699,89.83848,30832
6207,LingyanCao,1,0.00324,27700,89.84172,30832
6208,lingyinyumo,1,0.00324,27701,89.84497,30832
6209,LinJim,1,0.00324,27702,89.84821,30832
6210,Lintonash,1,0.00324,27703,89.85145,30832
6211,Lionz01,1,0.00324,27704,89.85470,30832
6212,lior-eng,1,0.00324,27705,89.85794,30832
6213,liouk,1,0.00324,27706,89.86118,30832
6214,liruixl,1,0.00324,27707,89.86443,30832
6215,littledoublelin,1,0.00324,27708,89.86767,30832
6216,littlesheng19,1,0.00324,27709,89.87091,30832
6217,liubocflt,1,0.00324,27710,89.87416,30832
6218,LiuG-lynx,1,0.00324,27711,89.87740,30832
6219,liu-hm19,1,0.00324,27712,89.88064,30832
6220,liwadman,1,0.00324,27713,89.88389,30832
6221,liweizhi,1,0.00324,27714,89.88713,30832
6222,liwoove,1,0.00324,27715,89.89037,30832
6223,LiZhongChen0073,1,0.00324,27716,89.89362,30832
6224,lizongwu,1,0.00324,27717,89.89686,30832
6225,lizy14,1,0.00324,27718,89.90010,30832
6226,ljccc-rbs,1,0.00324,27719,89.90335,30832
6227,Lj-Sakura,1,0.00324,27720,89.90659,30832
6228,ljyzzZ,1,0.00324,27721,89.90983,30832
6229,llinros,1,0.00324,27722,89.91308,30832
6230,llukaspl,1,0.00324,27723,89.91632,30832
6231,lmorvan,1,0.00324,27724,89.91956,30832
6232,locustbaby,1,0.00324,27725,89.92281,30832
6233,logan-bobo,1,0.00324,27726,89.92605,30832
6234,lokesh-balla,1,0.00324,27727,89.92929,30832
6235,lokeshsingh3721,1,0.00324,27728,89.93254,30832
6236,loki-shin,1,0.00324,27729,89.93578,30832
6237,LollyBomb-hub,1,0.00324,27730,89.93902,30832
6238,LoneExile,1,0.00324,27731,89.94227,30832
6239,longlx8,1,0.00324,27732,89.94551,30832
6240,loranloranvl,1,0.00324,27733,89.94875,30832
6241,lordrip,1,0.00324,27734,89.95200,30832
6242,lorenzogrv,1,0.00324,27735,89.95524,30832
6243,louisgls,1,0.00324,27736,89.95848,30832
6244,louis-jaris,1,0.00324,27737,89.96173,30832
6245,louislatreille-cb,1,0.00324,27738,89.96497,30832
6246,Loumy,1,0.00324,27739,89.96821,30832
6247,lovi88,1,0.00324,27740,89.97146,30832
6248,lpdswing,1,0.00324,27741,89.97470,30832
6249,lsabalo,1,0.00324,27742,89.97794,30832
6250,lsacco-nutreense,1,0.00324,27743,89.98119,30832
6251,lsq-19,1,0.00324,27744,89.98443,30832
6252,l-technicore,1,0.00324,27745,89.98768,30832
6253,luananegreiros,1,0.00324,27746,89.99092,30832
6254,luanhdeandrade,1,0.00324,27747,89.99416,30832
6255,luanshuo,1,0.00324,27748,89.99741,30832
6256,lubomirw,1,0.00324,27749,90.00065,30832
6257,lucamontano98,1,0.00324,27750,90.00389,30832
6258,lucasafonsokremer,1,0.00324,27751,90.00714,30832
6259,lucaskitinha,1,0.00324,27752,90.01038,30832
6260,LuciaCabanillasRodriguez,1,0.00324,27753,90.01362,30832
6261,luckwings,1,0.00324,27754,90.01687,30832
6262,LuckyHawk,1,0.00324,27755,90.02011,30832
6263,luckylinux,1,0.00324,27756,90.02335,30832
6264,lucky-yb,1,0.00324,27757,90.02660,30832
6265,lucyeun-alation,1,0.00324,27758,90.02984,30832
6266,Luflosi,1,0.00324,27759,90.03308,30832
6267,lugatecan,1,0.00324,27760,90.03633,30832
6268,lugogregory,1,0.00324,27761,90.03957,30832
6269,luis-fnogueira,1,0.00324,27762,90.04281,30832
6270,lu-jason,1,0.00324,27763,90.04606,30832
6271,luke2261git,1,0.00324,27764,90.04930,30832
6272,LukeDRussell,1,0.00324,27765,90.05254,30832
6273,lukegil,1,0.00324,27766,90.05579,30832
6274,lulala1126,1,0.00324,27767,90.05903,30832
6275,lulkek,1,0.00324,27768,90.06227,30832
6276,lumattr,1,0.00324,27769,90.06552,30832
6277,lunkan93,1,0.00324,27770,90.06876,30832
6278,luoyanzecs,1,0.00324,27771,90.07200,30832
6279,luskin,1,0.00324,27772,90.07525,30832
6280,luweijun1992,1,0.00324,27773,90.07849,30832
6281,luyuanx2,1,0.00324,27774,90.08173,30832
6282,Lxb921006,1,0.00324,27775,90.08498,30832
6283,Lyndon-Li,1,0.00324,27776,90.08822,30832
6284,lyquid617,1,0.00324,27777,90.09146,30832
6285,m1devops,1,0.00324,27778,90.09471,30832
6286,m1schka-bdr,1,0.00324,27779,90.09795,30832
6287,maarten-blokker,1,0.00324,27780,90.10119,30832
6288,MaBiConti,1,0.00324,27781,90.10444,30832
6289,ma-bo-panda,1,0.00324,27782,90.10768,30832
6290,Macwdo,1,0.00324,27783,90.11092,30832
6291,madala0611,1,0.00324,27784,90.11417,30832
6292,madhukumar1801,1,0.00324,27785,90.11741,30832
6293,MadhuSudhanBhaskar,1,0.00324,27786,90.12065,30832
6294,madimp,1,0.00324,27787,90.12390,30832
6295,madolson,1,0.00324,27788,90.12714,30832
6296,madsholden,1,0.00324,27789,90.13038,30832
6297,madstorage,1,0.00324,27790,90.13363,30832
6298,maestroi,1,0.00324,27791,90.13687,30832
6299,Magherkin,1,0.00324,27792,90.14011,30832
6300,magkal,1,0.00324,27793,90.14336,30832
6301,maherjaafar,1,0.00324,27794,90.14660,30832
6302,maiiabocharova,1,0.00324,27795,90.14984,30832
6303,Maikels,1,0.00324,27796,90.15309,30832
6304,MairaTariq16,1,0.00324,27797,90.15633,30832
6305,Maisiechiu,1,0.00324,27798,90.15957,30832
6306,majeformation,1,0.00324,27799,90.16282,30832
6307,majeinfo,1,0.00324,27800,90.16606,30832
6308,majermarci,1,0.00324,27801,90.16930,30832
6309,makekz,1,0.00324,27802,90.17255,30832
6310,makon57,1,0.00324,27803,90.17579,30832
6311,maks1001281,1,0.00324,27804,90.17903,30832
6312,maksimphono,1,0.00324,27805,90.18228,30832
6313,MaksimRudakov,1,0.00324,27806,90.18552,30832
6314,MalakaManojKumar321,1,0.00324,27807,90.18876,30832
6315,malhotraashna,1,0.00324,27808,90.19201,30832
6316,Malia00019,1,0.00324,27809,90.19525,30832
6317,MaliFotouhi,1,0.00324,27810,90.19850,30832
6318,malshan1991,1,0.00324,27811,90.20174,30832
6319,maltelehmann,1,0.00324,27812,90.20498,30832
6320,Manardson,1,0.00324,27813,90.20823,30832
6321,manasnisar,1,0.00324,27814,90.21147,30832
6322,ManishIBM,1,0.00324,27815,90.21471,30832
6323,manjunathmkotabal,1,0.00324,27816,90.21796,30832
6324,manlinux,1,0.00324,27817,90.22120,30832
6325,mannro,1,0.00324,27818,90.22444,30832
6326,manojksardana,1,0.00324,27819,90.22769,30832
6327,mano-lis,1,0.00324,27820,90.23093,30832
6328,manologg,1,0.00324,27821,90.23417,30832
6329,manshshriva,1,0.00324,27822,90.23742,30832
6330,ManuHeel,1,0.00324,27823,90.24066,30832
6331,manumbs,1,0.00324,27824,90.24390,30832
6332,many-juice,1,0.00324,27825,90.24715,30832
6333,ManziBryan,1,0.00324,27826,90.25039,30832
6334,MaoBigger,1,0.00324,27827,90.25363,30832
6335,maratrixx,1,0.00324,27828,90.25688,30832
6336,marblenix,1,0.00324,27829,90.26012,30832
6337,marblom007,1,0.00324,27830,90.26336,30832
6338,marc-at,1,0.00324,27831,90.26661,30832
6339,marc-delpech,1,0.00324,27832,90.26985,30832
6340,marcelhorner,1,0.00324,27833,90.27309,30832
6341,marcmaliar,1,0.00324,27834,90.27634,30832
6342,marcmognol,1,0.00324,27835,90.27958,30832
6343,marcoantonio-af,1,0.00324,27836,90.28282,30832
6344,marcoboi,1,0.00324,27837,90.28607,30832
6345,MarcoDelGamba,1,0.00324,27838,90.28931,30832
6346,marco-giovannini-73team,1,0.00324,27839,90.29255,30832
6347,MarcoGriep88,1,0.00324,27840,90.29580,30832
6348,marcolongol,1,0.00324,27841,90.29904,30832
6349,marcomandola,1,0.00324,27842,90.30228,30832
6350,marcosQuesada,1,0.00324,27843,90.30553,30832
6351,marcossilvestrini,1,0.00324,27844,90.30877,30832
6352,marcpalm,1,0.00324,27845,90.31201,30832
6353,Marcus-Rosti,1,0.00324,27846,90.31526,30832
6354,marc-weber1,1,0.00324,27847,90.31850,30832
6355,Marfien,1,0.00324,27848,90.32174,30832
6356,marianomoura,1,0.00324,27849,90.32499,30832
6357,marianpierson,1,0.00324,27850,90.32823,30832
6358,mariel-sendblocks,1,0.00324,27851,90.33147,30832
6359,marinafrank,1,0.00324,27852,90.33472,30832
6360,MarinaTeper35,1,0.00324,27853,90.33796,30832
6361,MarioNoll,1,0.00324,27854,90.34120,30832
6362,mario-shippo,1,0.00324,27855,90.34445,30832
6363,mariusz-gomse-centra,1,0.00324,27856,90.34769,30832
6364,marjus45,1,0.00324,27857,90.35093,30832
6365,markchou0225,1,0.00324,27858,90.35418,30832
6366,marknotfound,1,0.00324,27859,90.35742,30832
6367,markotitel,1,0.00324,27860,90.36066,30832
6368,markprovan,1,0.00324,27861,90.36391,30832
6369,markri,1,0.00324,27862,90.36715,30832
6370,markusrt,1,0.00324,27863,90.37039,30832
6371,marnoux-luna,1,0.00324,27864,90.37364,30832
6372,maronuu,1,0.00324,27865,90.37688,30832
6373,maroux,1,0.00324,27866,90.38012,30832
6374,marticardus,1,0.00324,27867,90.38337,30832
6375,Martin4R,1,0.00324,27868,90.38661,30832
6376,martineduvaz,1,0.00324,27869,90.38985,30832
6377,martinfrycs1,1,0.00324,27870,90.39310,30832
6378,MartinHjelm,1,0.00324,27871,90.39634,30832
6379,martin-jeremic,1,0.00324,27872,90.39958,30832
6380,Martin-Narvar,1,0.00324,27873,90.40283,30832
6381,Martin-Office,1,0.00324,27874,90.40607,30832
6382,martin-traverse,1,0.00324,27875,90.40931,30832
6383,Marwen-TAALLAH,1,0.00324,27876,90.41256,30832
6384,MarynaIshchenko,1,0.00324,27877,90.41580,30832
6385,marziply,1,0.00324,27878,90.41905,30832
6386,masato-hi,1,0.00324,27879,90.42229,30832
6387,MashinaMashina,1,0.00324,27880,90.42553,30832
6388,masikrus,1,0.00324,27881,90.42878,30832
6389,maskalev,1,0.00324,27882,90.43202,30832
6390,massimeddu-sj,1,0.00324,27883,90.43526,30832
6391,masteredd,1,0.00324,27884,90.43851,30832
6392,MasterSergius,1,0.00324,27885,90.44175,30832
6393,masx200,1,0.00324,27886,90.44499,30832
6394,matan-cohen,1,0.00324,27887,90.44824,30832
6395,mateuszbanasiewicz,1,0.00324,27888,90.45148,30832
6396,matgapa,1,0.00324,27889,90.45472,30832
6397,mathbeal,1,0.00324,27890,90.45797,30832
6398,mathematikoi,1,0.00324,27891,90.46121,30832
6399,MatheusAfinovicz,1,0.00324,27892,90.46445,30832
6400,mathias9395,1,0.00324,27893,90.46770,30832
6401,matias-gon,1,0.00324,27894,90.47094,30832
6402,matiasr2503,1,0.00324,27895,90.47418,30832
6403,matkovic,1,0.00324,27896,90.47743,30832
6404,matmitch,1,0.00324,27897,90.48067,30832
6405,mattaerial,1,0.00324,27898,90.48391,30832
6406,mattbeck,1,0.00324,27899,90.48716,30832
6407,matthax,1,0.00324,27900,90.49040,30832
6408,matthew117,1,0.00324,27901,90.49364,30832
6409,matthiasguentert,1,0.00324,27902,90.49689,30832
6410,matthiasLetsGit,1,0.00324,27903,90.50013,30832
6411,mattiasr,1,0.00324,27904,90.50337,30832
6412,MattJud,1,0.00324,27905,90.50662,30832
6413,mattlalumiere,1,0.00324,27906,90.50986,30832
6414,MattLamont,1,0.00324,27907,90.51310,30832
6415,matt-mercer,1,0.00324,27908,90.51635,30832
6416,MattMolloyatHilti,1,0.00324,27909,90.51959,30832
6417,mattstermh93,1,0.00324,27910,90.52283,30832
6418,matya,1,0.00324,27911,90.52608,30832
6419,Matz13,1,0.00324,27912,90.52932,30832
6420,mau-alex-ruiz,1,0.00324,27913,90.53256,30832
6421,maulikam,1,0.00324,27914,90.53581,30832
6422,maurosch,1,0.00324,27915,90.53905,30832
6423,mauved,1,0.00324,27916,90.54229,30832
6424,mawen12,1,0.00324,27917,90.54554,30832
6425,max-allan,1,0.00324,27918,90.54878,30832
6426,MaximeD,1,0.00324,27919,90.55202,30832
6427,maxksec,1,0.00324,27920,90.55527,30832
6428,maxlavr,1,0.00324,27921,90.55851,30832
6429,max-nazarati,1,0.00324,27922,90.56175,30832
6430,maxvisser,1,0.00324,27923,90.56500,30832
6431,mayankjagnani,1,0.00324,27924,90.56824,30832
6432,mayankrkhunt,1,0.00324,27925,90.57148,30832
6433,maylukas,1,0.00324,27926,90.57473,30832
6434,mayrmartin,1,0.00324,27927,90.57797,30832
6435,mbarralo,1,0.00324,27928,90.58121,30832
6436,mbelconis,1,0.00324,27929,90.58446,30832
6437,mbgit2,1,0.00324,27930,90.58770,30832
6438,mbinder42,1,0.00324,27931,90.59094,30832
6439,mbounaceur,1,0.00324,27932,90.59419,30832
6440,mcancarevic,1,0.00324,27933,90.59743,30832
6441,mcarleio,1,0.00324,27934,90.60067,30832
6442,mcaxtrzen,1,0.00324,27935,90.60392,30832
6443,mcblum,1,0.00324,27936,90.60716,30832
6444,mccullough-ea,1,0.00324,27937,90.61040,30832
6445,McDonald755,1,0.00324,27938,90.61365,30832
6446,mchristie,1,0.00324,27939,90.61689,30832
6447,mcnealjw63,1,0.00324,27940,90.62013,30832
6448,mdazfar2,1,0.00324,27941,90.62338,30832
6449,MDDTGitHub,1,0.00324,27942,90.62662,30832
6450,mdiin,1,0.00324,27943,90.62987,30832
6451,mdziczkowski,1,0.00324,27944,90.63311,30832
6452,MDziurakh,1,0.00324,27945,90.63635,30832
6453,me1ram,1,0.00324,27946,90.63960,30832
6454,MedAzizTousli,1,0.00324,27947,90.64284,30832
6455,MedFazazi,1,0.00324,27948,90.64608,30832
6456,medykn-git,1,0.00324,27949,90.64933,30832
6457,meekara,1,0.00324,27950,90.65257,30832
6458,meetjn,1,0.00324,27951,90.65581,30832
6459,Mehrozkhan,1,0.00324,27952,90.65906,30832
6460,MehulChamria,1,0.00324,27953,90.66230,30832
6461,meijie-xiang,1,0.00324,27954,90.66554,30832
6462,meiridror,1,0.00324,27955,90.66879,30832
6463,melldy,1,0.00324,27956,90.67203,30832
6464,melnikovpetr123,1,0.00324,27957,90.67527,30832
6465,melsmo,1,0.00324,27958,90.67852,30832
6466,m-e-l-u-h-a-n,1,0.00324,27959,90.68176,30832
6467,Menethoran,1,0.00324,27960,90.68500,30832
6468,MengSubaru,1,0.00324,27961,90.68825,30832
6469,mengyu1987,1,0.00324,27962,90.69149,30832
6470,Meppo,1,0.00324,27963,90.69473,30832
6471,merrkry,1,0.00324,27964,90.69798,30832
6472,Mersho,1,0.00324,27965,90.70122,30832
6473,mert-kirpici,1,0.00324,27966,90.70446,30832
6474,messerzen,1,0.00324,27967,90.70771,30832
6475,Metanesia,1,0.00324,27968,90.71095,30832
6476,metasyn,1,0.00324,27969,90.71419,30832
6477,meter-peter,1,0.00324,27970,90.71744,30832
6478,methamode,1,0.00324,27971,90.72068,30832
6479,Mfia8686,1,0.00324,27972,90.72392,30832
6480,mfischler,1,0.00324,27973,90.72717,30832
6481,mfittko,1,0.00324,27974,90.73041,30832
6482,mfnd0,1,0.00324,27975,90.73365,30832
6483,mgblackwater,1,0.00324,27976,90.73690,30832
6484,mgthantzin,1,0.00324,27977,90.74014,30832
6485,mhasanunal,1,0.00324,27978,90.74338,30832
6486,mhmdbahja,1,0.00324,27979,90.74663,30832
6487,Mia1112,1,0.00324,27980,90.74987,30832
6488,michaelAtCoalesce,1,0.00324,27981,90.75311,30832
6489,michaelbarnard,1,0.00324,27982,90.75636,30832
6490,MichaelHarden,1,0.00324,27983,90.75960,30832
6491,michael-mader,1,0.00324,27984,90.76284,30832
6492,MichaelRSilva,1,0.00324,27985,90.76609,30832
6493,michaelschuett-tomtom,1,0.00324,27986,90.76933,30832
6494,michaelthielemans,1,0.00324,27987,90.77257,30832
6495,michalleptuch,1,0.00324,27988,90.77582,30832
6496,michalrosenbaum,1,0.00324,27989,90.77906,30832
6497,michcl,1,0.00324,27990,90.78230,30832
6498,micheleietri,1,0.00324,27991,90.78555,30832
6499,micheleriva,1,0.00324,27992,90.78879,30832
6500,MichelFortes,1,0.00324,27993,90.79203,30832
6501,michellebeard,1,0.00324,27994,90.79528,30832
6502,MickeyShiue,1,0.00324,27995,90.79852,30832
6503,micku,1,0.00324,27996,90.80176,30832
6504,mickymics,1,0.00324,27997,90.80501,30832
6505,miclud,1,0.00324,27998,90.80825,30832
6506,microbn,1,0.00324,27999,90.81149,30832
6507,Mieszko96,1,0.00324,28000,90.81474,30832
6508,mietnik,1,0.00324,28001,90.81798,30832
6509,miezys,1,0.00324,28002,90.82122,30832
6510,miguelaca,1,0.00324,28003,90.82447,30832
6511,MiguelMartinho,1,0.00324,28004,90.82771,30832
6512,Mihawk-lf,1,0.00324,28005,90.83095,30832
6513,MIJOTHY-V2,1,0.00324,28006,90.83420,30832
6514,mike22664,1,0.00324,28007,90.83744,30832
6515,mikechesterwang,1,0.00324,28008,90.84069,30832
6516,mikeh096,1,0.00324,28009,90.84393,30832
6517,mikeisraelit,1,0.00324,28010,90.84717,30832
6518,MikeLamsma,1,0.00324,28011,90.85042,30832
6519,MikeMarcin,1,0.00324,28012,90.85366,30832
6520,mike-prog-lab,1,0.00324,28013,90.85690,30832
6521,mikerhemtulla,1,0.00324,28014,90.86015,30832
6522,mikesouza,1,0.00324,28015,90.86339,30832
6523,MikhailIvanou,1,0.00324,28016,90.86663,30832
6524,miko-bautista,1,0.00324,28017,90.86988,30832
6525,mikulskibartosz,1,0.00324,28018,90.87312,30832
6526,milenmladenov9,1,0.00324,28019,90.87636,30832
6527,MilenRusev,1,0.00324,28020,90.87961,30832
6528,Miller-5,1,0.00324,28021,90.88285,30832
6529,Miller-Kyle,1,0.00324,28022,90.88609,30832
6530,mindonwarp,1,0.00324,28023,90.88934,30832
6531,mindthecap,1,0.00324,28024,90.89258,30832
6532,minhtuyenvp02,1,0.00324,28025,90.89582,30832
6533,minmzzhang,1,0.00324,28026,90.89907,30832
6534,MinpengJin,1,0.00324,28027,90.90231,30832
6535,MinskLeo,1,0.00324,28028,90.90555,30832
6536,Mir3605,1,0.00324,28029,90.90880,30832
6537,mirceanton,1,0.00324,28030,90.91204,30832
6538,Mirciulica15,1,0.00324,28031,90.91528,30832
6539,MirkoPiaggesi,1,0.00324,28032,90.91853,30832
6540,mischa-n,1,0.00324,28033,90.92177,30832
6541,misha-codethink,1,0.00324,28034,90.92501,30832
6542,misoknr,1,0.00324,28035,90.92826,30832
6543,MitaliMSahoo,1,0.00324,28036,90.93150,30832
6544,MitchIonascu,1,0.00324,28037,90.93474,30832
6545,mithun26779,1,0.00324,28038,90.93799,30832
6546,mittkkoo,1,0.00324,28039,90.94123,30832
6547,miwig,1,0.00324,28040,90.94447,30832
6548,mjamaah,1,0.00324,28041,90.94772,30832
6549,mjayaram,1,0.00324,28042,90.95096,30832
6550,MJFND,1,0.00324,28043,90.95420,30832
6551,mjhumkhawala-ias,1,0.00324,28044,90.95745,30832
6552,mjiricka,1,0.00324,28045,90.96069,30832
6553,mjneth,1,0.00324,28046,90.96393,30832
6554,mjtieman,1,0.00324,28047,90.96718,30832
6555,mkisantal,1,0.00324,28048,90.97042,30832
6556,Mkori1,1,0.00324,28049,90.97366,30832
6557,MKrbm,1,0.00324,28050,90.97691,30832
6558,mkrishna-alt,1,0.00324,28051,90.98015,30832
6559,mkryvy-cb,1,0.00324,28052,90.98339,30832
6560,mkuster,1,0.00324,28053,90.98664,30832
6561,MLukman,1,0.00324,28054,90.98988,30832
6562,mmajdalawi98,1,0.00324,28055,90.99312,30832
6563,mmakmo,1,0.00324,28056,90.99637,30832
6564,mmalek,1,0.00324,28057,90.99961,30832
6565,mmcniece,1,0.00324,28058,91.00285,30832
6566,mmerbes,1,0.00324,28059,91.00610,30832
6567,MMGeri,1,0.00324,28060,91.00934,30832
6568,mmieszczak,1,0.00324,28061,91.01258,30832
6569,mmourick,1,0.00324,28062,91.01583,30832
6570,MMull-igan,1,0.00324,28063,91.01907,30832
6571,m-muzammil786,1,0.00324,28064,91.02231,30832
6572,MnLujan,1,0.00324,28065,91.02556,30832
6573,mnmaheshwari,1,0.00324,28066,91.02880,30832
6574,mnorbury,1,0.00324,28067,91.03204,30832
6575,MobashirAfzal,1,0.00324,28068,91.03529,30832
6576,mobilutz,1,0.00324,28069,91.03853,30832
6577,Mobius0916,1,0.00324,28070,91.04177,30832
6578,Modelis11,1,0.00324,28071,91.04502,30832
6579,modestas-jucevicius,1,0.00324,28072,91.04826,30832
6580,moey0,1,0.00324,28073,91.05150,30832
6581,mohaabduvisa,1,0.00324,28074,91.05475,30832
6582,mohamedamineghan,1,0.00324,28075,91.05799,30832
6583,mohamedezz96,1,0.00324,28076,91.06124,30832
6584,mohamedragab2024,1,0.00324,28077,91.06448,30832
6585,MohamedRhimii,1,0.00324,28078,91.06772,30832
6586,mohamedthings,1,0.00324,28079,91.07097,30832
6587,MohammadForouhesh,1,0.00324,28080,91.07421,30832
6588,Mohammad-gif,1,0.00324,28081,91.07745,30832
6589,mohammad-siraj,1,0.00324,28082,91.08070,30832
6590,MohammedAljahdali,1,0.00324,28083,91.08394,30832
6591,mohammedalnaggar,1,0.00324,28084,91.08718,30832
6592,MohanakannanNS,1,0.00324,28085,91.09043,30832
6593,moisesvega,1,0.00324,28086,91.09367,30832
6594,mokhlesurr031,1,0.00324,28087,91.09691,30832
6595,molimolinari,1,0.00324,28088,91.10016,30832
6596,momchilov,1,0.00324,28089,91.10340,30832
6597,monkeyhandz,1,0.00324,28090,91.10664,30832
6598,monneyboi,1,0.00324,28091,91.10989,30832
6599,monoman,1,0.00324,28092,91.11313,30832
6600,monosoul,1,0.00324,28093,91.11637,30832
6601,mooseburgr,1,0.00324,28094,91.11962,30832
6602,moradebianchetti81,1,0.00324,28095,91.12286,30832
6603,morfien101,1,0.00324,28096,91.12610,30832
6604,MoseDien,1,0.00324,28097,91.12935,30832
6605,mossblaser,1,0.00324,28098,91.13259,30832
6606,m-ostadi,1,0.00324,28099,91.13583,30832
6607,motaparthipavankumar,1,0.00324,28100,91.13908,30832
6608,mp1947,1,0.00324,28101,91.14232,30832
6609,mpapt,1,0.00324,28102,91.14556,30832
6610,mpboom,1,0.00324,28103,91.14881,30832
6611,mpenalver,1,0.00324,28104,91.15205,30832
6612,mprokopjc,1,0.00324,28105,91.15529,30832
6613,MQuang200,1,0.00324,28106,91.15854,30832
6614,m-raheem,1,0.00324,28107,91.16178,30832
6615,mrbojangles3,1,0.00324,28108,91.16502,30832
6616,MrDWilson,1,0.00324,28109,91.16827,30832
6617,MRezaNasirloo,1,0.00324,28110,91.17151,30832
6618,MrFoxTrot,1,0.00324,28111,91.17475,30832
6619,mrhankeh9934,1,0.00324,28112,91.17800,30832
6620,mritosa,1,0.00324,28113,91.18124,30832
6621,mrkaren,1,0.00324,28114,91.18448,30832
6622,mrmahi2003,1,0.00324,28115,91.18773,30832
6623,mrobinsonFS,1,0.00324,28116,91.19097,30832
6624,mroger-mtb,1,0.00324,28117,91.19421,30832
6625,Mrono,1,0.00324,28118,91.19746,30832
6626,mrpbennett,1,0.00324,28119,91.20070,30832
6627,mrphiljayfry,1,0.00324,28120,91.20394,30832
6628,MrShadow74,1,0.00324,28121,91.20719,30832
6629,mr-tron,1,0.00324,28122,91.21043,30832
6630,mr-vardhan24,1,0.00324,28123,91.21367,30832
6631,MRxTIGERRICE,1,0.00324,28124,91.21692,30832
6632,MrZsy,1,0.00324,28125,91.22016,30832
6633,msarfaty,1,0.00324,28126,91.22340,30832
6634,msivasubramaniaan,1,0.00324,28127,91.22665,30832
6635,MSP85,1,0.00324,28128,91.22989,30832
6636,msrajanadar,1,0.00324,28129,91.23313,30832
6637,mszyzdek,1,0.00324,28130,91.23638,30832
6638,mtambos-jet,1,0.00324,28131,91.23962,30832
6639,mtobin-tdab,1,0.00324,28132,91.24286,30832
6640,mtpdx,1,0.00324,28133,91.24611,30832
6641,mtterry-qfree,1,0.00324,28134,91.24935,30832
6642,MTVirux,1,0.00324,28135,91.25259,30832
6643,mu-arkhipov,1,0.00324,28136,91.25584,30832
6644,muhamedkapoevolt,1,0.00324,28137,91.25908,30832
6645,Muhammad0320,1,0.00324,28138,91.26232,30832
6646,Muhammad-Owais-Warsi,1,0.00324,28139,91.26557,30832
6647,mujak27,1,0.00324,28140,91.26881,30832
6648,multiplayer-app,1,0.00324,28141,91.27206,30832
6649,MuraliBabuChinni,1,0.00324,28142,91.27530,30832
6650,murnitur,1,0.00324,28143,91.27854,30832
6651,murrayconnorstewart,1,0.00324,28144,91.28179,30832
6652,murtll,1,0.00324,28145,91.28503,30832
6653,mustafa0x,1,0.00324,28146,91.28827,30832
6654,musubi7726,1,0.00324,28147,91.29152,30832
6655,mutchida,1,0.00324,28148,91.29476,30832
6656,mvandergiesen-sbp,1,0.00324,28149,91.29800,30832
6657,mvanini,1,0.00324,28150,91.30125,30832
6658,mvdboogaard,1,0.00324,28151,91.30449,30832
6659,mvpotdar,1,0.00324,28152,91.30773,30832
6660,mwijngaard,1,0.00324,28153,91.31098,30832
6661,mxpetit,1,0.00324,28154,91.31422,30832
6662,mXtone,1,0.00324,28155,91.31746,30832
6663,mxw-sec,1,0.00324,28156,91.32071,30832
6664,myalice-forever,1,0.00324,28157,91.32395,30832
6665,myeletrik,1,0.00324,28158,91.32719,30832
6666,myeong-han,1,0.00324,28159,91.33044,30832
6667,mygitsonali,1,0.00324,28160,91.33368,30832
6668,Mythri-Girish,1,0.00324,28161,91.33692,30832
6669,mzanrosso-ikea,1,0.00324,28162,91.34017,30832
6670,NAAAJ,1,0.00324,28163,91.34341,30832
6671,NaamanTsur,1,0.00324,28164,91.34665,30832
6672,naanlizard,1,0.00324,28165,91.34990,30832
6673,nadavv169,1,0.00324,28166,91.35314,30832
6674,NadBTC,1,0.00324,28167,91.35638,30832
6675,nageshanna,1,0.00324,28168,91.35963,30832
6676,NahuelVarela,1,0.00324,28169,91.36287,30832
6677,Naith123,1,0.00324,28170,91.36611,30832
6678,nammehra,1,0.00324,28171,91.36936,30832
6679,nandar-p,1,0.00324,28172,91.37260,30832
6680,nandhu31,1,0.00324,28173,91.37584,30832
6681,nanfengnan1,1,0.00324,28174,91.37909,30832
6682,Narasimha0707,1,0.00324,28175,91.38233,30832
6683,naren2631,1,0.00324,28176,91.38557,30832
6684,NarenderUppala,1,0.00324,28177,91.38882,30832
6685,narendralucky333,1,0.00324,28178,91.39206,30832
6686,narramadan,1,0.00324,28179,91.39530,30832
6687,nastynaz,1,0.00324,28180,91.39855,30832
6688,nathanlcarlson,1,0.00324,28181,91.40179,30832
6689,nathanschile,1,0.00324,28182,91.40503,30832
6690,NatiSayada,1,0.00324,28183,91.40828,30832
6691,naveencloud,1,0.00324,28184,91.41152,30832
6692,Naveen-LinuxAwsguy,1,0.00324,28185,91.41476,30832
6693,naveenthangaraj03,1,0.00324,28186,91.41801,30832
6694,navele,1,0.00324,28187,91.42125,30832
6695,navin772,1,0.00324,28188,91.42449,30832
6696,navsoltani,1,0.00324,28189,91.42774,30832
6697,navyademo1,1,0.00324,28190,91.43098,30832
6698,naweeng,1,0.00324,28191,91.43422,30832
6699,nayutah,1,0.00324,28192,91.43747,30832
6700,nayutatata,1,0.00324,28193,91.44071,30832
6701,Nazima-Begum,1,0.00324,28194,91.44395,30832
6702,nbabich-dev,1,0.00324,28195,91.44720,30832
6703,nbragin4,1,0.00324,28196,91.45044,30832
6704,ndelargy,1,0.00324,28197,91.45368,30832
6705,NebojsaKrtolica,1,0.00324,28198,91.45693,30832
6706,nedimYilmaz,1,0.00324,28199,91.46017,30832
6707,Nek-,1,0.00324,28200,91.46341,30832
6708,NelsonLomboPaez,1,0.00324,28201,91.46666,30832
6709,nelson-parente,1,0.00324,28202,91.46990,30832
6710,Neme12,1,0.00324,28203,91.47314,30832
6711,nemre,1,0.00324,28204,91.47639,30832
6712,Neophyte12345,1,0.00324,28205,91.47963,30832
6713,neothoms,1,0.00324,28206,91.48287,30832
6714,neo-waiariki-koia,1,0.00324,28207,91.48612,30832
6715,nept,1,0.00324,28208,91.48936,30832
6716,nesymno,1,0.00324,28209,91.49261,30832
6717,netoxp70,1,0.00324,28210,91.49585,30832
6718,neut0ne,1,0.00324,28211,91.49909,30832
6719,nevdullcode,1,0.00324,28212,91.50234,30832
6720,nevillelyh,1,0.00324,28213,91.50558,30832
6721,Nexodedev,1,0.00324,28214,91.50882,30832
6722,NextBasket-Petyo,1,0.00324,28215,91.51207,30832
6723,NexVeridian,1,0.00324,28216,91.51531,30832
6724,ngrewe,1,0.00324,28217,91.51855,30832
6725,ngthwi,1,0.00324,28218,91.52180,30832
6726,Nguyen-Phuong-Quang,1,0.00324,28219,91.52504,30832
6727,nguyensonghao94,1,0.00324,28220,91.52828,30832
6728,nguyenvancaonguyen,1,0.00324,28221,91.53153,30832
6729,Nhollas,1,0.00324,28222,91.53477,30832
6730,nhoriguchi,1,0.00324,28223,91.53801,30832
6731,NhProGamer,1,0.00324,28224,91.54126,30832
6732,nhy1210,1,0.00324,28225,91.54450,30832
6733,ni3koshti,1,0.00324,28226,91.54774,30832
6734,niaoniconi,1,0.00324,28227,91.55099,30832
6735,nice2be,1,0.00324,28228,91.55423,30832
6736,nicholasmhughes-smax,1,0.00324,28229,91.55747,30832
6737,nickandreev,1,0.00324,28230,91.56072,30832
6738,NickBolles,1,0.00324,28231,91.56396,30832
6739,nickburgin,1,0.00324,28232,91.56720,30832
6740,nickg100,1,0.00324,28233,91.57045,30832
6741,NickiHua,1,0.00324,28234,91.57369,30832
6742,NickKeller,1,0.00324,28235,91.57693,30832
6743,nicknicolini,1,0.00324,28236,91.58018,30832
6744,nick-rager,1,0.00324,28237,91.58342,30832
6745,nicksome168,1,0.00324,28238,91.58666,30832
6746,nicksuslov,1,0.00324,28239,91.58991,30832
6747,nickveldrin,1,0.00324,28240,91.59315,30832
6748,nicolai0,1,0.00324,28241,91.59639,30832
6749,nicolasbender,1,0.00324,28242,91.59964,30832
6750,nicolasfagotti,1,0.00324,28243,91.60288,30832
6751,NicolasLiampotis,1,0.00324,28244,91.60612,30832
6752,nicolevv,1,0.00324,28245,91.60937,30832
6753,Nico-lezicos,1,0.00324,28246,91.61261,30832
6754,NicoVermeir,1,0.00324,28247,91.61585,30832
6755,nicusorflorin,1,0.00324,28248,91.61910,30832
6756,Nidicar29,1,0.00324,28249,91.62234,30832
6757,nightgryphon,1,0.00324,28250,91.62558,30832
6758,NightStar808,1,0.00324,28251,91.62883,30832
6759,nightwatch92,1,0.00324,28252,91.63207,30832
6760,nigma143,1,0.00324,28253,91.63531,30832
6761,niharikas86,1,0.00324,28254,91.63856,30832
6762,nijjuhm,1,0.00324,28255,91.64180,30832
6763,Nikhil007nsg,1,0.00324,28256,91.64504,30832
6764,NikhilPatro123,1,0.00324,28257,91.64829,30832
6765,nikita-kuznetsov,1,0.00324,28258,91.65153,30832
6766,niklas-letz,1,0.00324,28259,91.65477,30832
6767,niklastreml,1,0.00324,28260,91.65802,30832
6768,nikolasmatt,1,0.00324,28261,91.66126,30832
6769,nikoprotic,1,0.00324,28262,91.66450,30832
6770,nineblue,1,0.00324,28263,91.66775,30832
6771,ninomsu,1,0.00324,28264,91.67099,30832
6772,n-io,1,0.00324,28265,91.67423,30832
6773,nioncode,1,0.00324,28266,91.67748,30832
6774,niralmehtasb1,1,0.00324,28267,91.68072,30832
6775,nirfuzz,1,0.00324,28268,91.68396,30832
6776,nirvana274,1,0.00324,28269,91.68721,30832
6777,Nis-chal-Jain,1,0.00324,28270,91.69045,30832
6778,nishafnaeem,1,0.00324,28271,91.69369,30832
6779,nishant-nayak,1,0.00324,28272,91.69694,30832
6780,nitang22,1,0.00324,28273,91.70018,30832
6781,nithinbandaru1,1,0.00324,28274,91.70343,30832
6782,Nithyu,1,0.00324,28275,91.70667,30832
6783,Nitinshukla88,1,0.00324,28276,91.70991,30832
6784,nitinthe0072000,1,0.00324,28277,91.71316,30832
6785,Nitishkumar-S,1,0.00324,28278,91.71640,30832
6786,Nitishmane,1,0.00324,28279,91.71964,30832
6787,nitram22,1,0.00324,28280,91.72289,30832
6788,nitrocb,1,0.00324,28281,91.72613,30832
6789,nitusharma2022,1,0.00324,28282,91.72937,30832
6790,nizq,1,0.00324,28283,91.73262,30832
6791,njucs-211220101,1,0.00324,28284,91.73586,30832
6792,njuqj,1,0.00324,28285,91.73910,30832
6793,njwgroeneveld,1,0.00324,28286,91.74235,30832
6794,nkoson,1,0.00324,28287,91.74559,30832
6795,NKU-Yang,1,0.00324,28288,91.74883,30832
6796,nlevee,1,0.00324,28289,91.75208,30832
6797,nmallar,1,0.00324,28290,91.75532,30832
6798,nncpap,1,0.00324,28291,91.75856,30832
6799,noamokman,1,0.00324,28292,91.76181,30832
6800,noams-git,1,0.00324,28293,91.76505,30832
6801,NobleTuna,1,0.00324,28294,91.76829,30832
6802,nodkrot,1,0.00324,28295,91.77154,30832
6803,Nolanlemahn,1,0.00324,28296,91.77478,30832
6804,NolanWY,1,0.00324,28297,91.77802,30832
6805,nonus25,1,0.00324,28298,91.78127,30832
6806,nootr,1,0.00324,28299,91.78451,30832
6807,noPumpkin,1,0.00324,28300,91.78775,30832
6808,noraschaefer,1,0.00324,28301,91.79100,30832
6809,notsrch,1,0.00324,28302,91.79424,30832
6810,noxjonas,1,0.00324,28303,91.79748,30832
6811,nrledo,1,0.00324,28304,91.80073,30832
6812,nsaujla,1,0.00324,28305,91.80397,30832
6813,nskesav,1,0.00324,28306,91.80721,30832
6814,nstuart-idexx,1,0.00324,28307,91.81046,30832
6815,ntap-jbo,1,0.00324,28308,91.81370,30832
6816,ntotten,1,0.00324,28309,91.81694,30832
6817,ntriamme,1,0.00324,28310,91.82019,30832
6818,nuclearpidgeon,1,0.00324,28311,91.82343,30832
6819,nujragan93,1,0.00324,28312,91.82667,30832
6820,numberama,1,0.00324,28313,91.82992,30832
6821,NumenDivinum,1,0.00324,28314,91.83316,30832
6822,nurdann,1,0.00324,28315,91.83640,30832
6823,nuxwin,1,0.00324,28316,91.83965,30832
6824,nvalembois,1,0.00324,28317,91.84289,30832
6825,nycpivot,1,0.00324,28318,91.84613,30832
6826,NZnick,1,0.00324,28319,91.84938,30832
6827,objnf-dev,1,0.00324,28320,91.85262,30832
6828,oboote,1,0.00324,28321,91.85586,30832
6829,obscuredByCloud,1,0.00324,28322,91.85911,30832
6830,oceanshizhj,1,0.00324,28323,91.86235,30832
6831,Octobot222,1,0.00324,28324,91.86559,30832
6832,oddcitizenape,1,0.00324,28325,91.86884,30832
6833,odi89,1,0.00324,28326,91.87208,30832
6834,odzhurik,1,0.00324,28327,91.87532,30832
6835,ofairfoul,1,0.00324,28328,91.87857,30832
6836,ofcRS,1,0.00324,28329,91.88181,30832
6837,ofekashery,1,0.00324,28330,91.88505,30832
6838,ofgirichardsonb,1,0.00324,28331,91.88830,30832
6839,of-vincentvandam,1,0.00324,28332,91.89154,30832
6840,okamoto-ryo24,1,0.00324,28333,91.89478,30832
6841,okko,1,0.00324,28334,91.89803,30832
6842,olahg,1,0.00324,28335,91.90127,30832
6843,olarike,1,0.00324,28336,91.90451,30832
6844,oldergod,1,0.00324,28337,91.90776,30832
6845,olegenii,1,0.00324,28338,91.91100,30832
6846,olegrok,1,0.00324,28339,91.91424,30832
6847,oleg-tolmashov,1,0.00324,28340,91.91749,30832
6848,olehArabskyi,1,0.00324,28341,91.92073,30832
6849,oleksandrs-adorama,1,0.00324,28342,91.92398,30832
6850,oleksandr-san,1,0.00324,28343,91.92722,30832
6851,OleksandrTimoshenko,1,0.00324,28344,91.93046,30832
6852,OleksandrTsyhankov,1,0.00324,28345,91.93371,30832
6853,OlgasAcc,1,0.00324,28346,91.93695,30832
6854,Olichous,1,0.00324,28347,91.94019,30832
6855,Oliver3457,1,0.00324,28348,91.94344,30832
6856,oliverholworthy,1,0.00324,28349,91.94668,30832
6857,olivierPaq,1,0.00324,28350,91.94992,30832
6858,olubunday,1,0.00324,28351,91.95317,30832
6859,Oluwatobiadeoye,1,0.00324,28352,91.95641,30832
6860,olyhao,1,0.00324,28353,91.95965,30832
6861,Omar-Bensalah,1,0.00324,28354,91.96290,30832
6862,omarny,1,0.00324,28355,91.96614,30832
6863,omegavlg2,1,0.00324,28356,91.96938,30832
6864,omelius,1,0.00324,28357,91.97263,30832
6865,OMGRaresh,1,0.00324,28358,91.97587,30832
6866,omidizadkhasti,1,0.00324,28359,91.97911,30832
6867,OmIngale,1,0.00324,28360,91.98236,30832
6868,omkarumarani,1,0.00324,28361,91.98560,30832
6869,Omobolaji-Adams,1,0.00324,28362,91.98884,30832
6870,omurilo,1,0.00324,28363,91.99209,30832
6871,oneil1838,1,0.00324,28364,91.99533,30832
6872,onigoetz,1,0.00324,28365,91.99857,30832
6873,onionringois,1,0.00324,28366,92.00182,30832
6874,onjen,1,0.00324,28367,92.00506,30832
6875,ooiyeefei,1,0.00324,28368,92.00830,30832
6876,opgee,1,0.00324,28369,92.01155,30832
6877,Oppenheimer2,1,0.00324,28370,92.01479,30832
6878,opp-svega,1,0.00324,28371,92.01803,30832
6879,orbjet,1,0.00324,28372,92.02128,30832
6880,or-he-MA,1,0.00324,28373,92.02452,30832
6881,orientlu,1,0.00324,28374,92.02776,30832
6882,originx-23,1,0.00324,28375,92.03101,30832
6883,OsamaAbdelhameed,1,0.00324,28376,92.03425,30832
6884,oscaratienzaatosnet,1,0.00324,28377,92.03749,30832
6885,OscarG-png,1,0.00324,28378,92.04074,30832
6886,oscarh,1,0.00324,28379,92.04398,30832
6887,OS-kiranmalsetty,1,0.00324,28380,92.04722,30832
6888,ostrowr,1,0.00324,28381,92.05047,30832
6889,otaxhu,1,0.00324,28382,92.05371,30832
6890,outsinre,1,0.00324,28383,92.05695,30832
6891,overbit,1,0.00324,28384,92.06020,30832
6892,own2pwn,1,0.00324,28385,92.06344,30832
6893,Owor,1,0.00324,28386,92.06668,30832
6894,oxygen626,1,0.00324,28387,92.06993,30832
6895,Oyoh-Edmond,1,0.00324,28388,92.07317,30832
6896,Ozfer,1,0.00324,28389,92.07641,30832
6897,ozfox,1,0.00324,28390,92.07966,30832
6898,P0lip,1,0.00324,28391,92.08290,30832
6899,p4prawin,1,0.00324,28392,92.08614,30832
6900,PabloLec,1,0.00324,28393,92.08939,30832
6901,pablopla,1,0.00324,28394,92.09263,30832
6902,pachiras,1,0.00324,28395,92.09587,30832
6903,pacmansyu,1,0.00324,28396,92.09912,30832
6904,paconte,1,0.00324,28397,92.10236,30832
6905,pacopeng,1,0.00324,28398,92.10560,30832
6906,pagrawal10,1,0.00324,28399,92.10885,30832
6907,PaigingAlyssa,1,0.00324,28400,92.11209,30832
6908,paindespik,1,0.00324,28401,92.11533,30832
6909,paivaric,1,0.00324,28402,92.11858,30832
6910,Paladin-F,1,0.00324,28403,92.12182,30832
6911,pankaj-bind,1,0.00324,28404,92.12506,30832
6912,pankajkhatabook,1,0.00324,28405,92.12831,30832
6913,pans100,1,0.00324,28406,92.13155,30832
6914,panuvuorinensapcom,1,0.00324,28407,92.13480,30832
6915,papivot,1,0.00324,28408,92.13804,30832
6916,parasjain993,1,0.00324,28409,92.14128,30832
6917,parbres,1,0.00324,28410,92.14453,30832
6918,paripooranan20,1,0.00324,28411,92.14777,30832
6919,parvj-dev,1,0.00324,28412,92.15101,30832
6920,parwinder786,1,0.00324,28413,92.15426,30832
6921,pasettifabio,1,0.00324,28414,92.15750,30832
6922,Pashakamal58168,1,0.00324,28415,92.16074,30832
6923,Patrick08T,1,0.00324,28416,92.16399,30832
6924,patrick-bercow,1,0.00324,28417,92.16723,30832
6925,PatrickChoDev,1,0.00324,28418,92.17047,30832
6926,Patrick-Clausen,1,0.00324,28419,92.17372,30832
6927,patrickdsouza,1,0.00324,28420,92.17696,30832
6928,PatrickLaflamme,1,0.00324,28421,92.18020,30832
6929,PatrickMunsey,1,0.00324,28422,92.18345,30832
6930,patrislav,1,0.00324,28423,92.18669,30832
6931,pau-campana,1,0.00324,28424,92.18993,30832
6932,paudelpr1,1,0.00324,28425,92.19318,30832
6933,paul8620,1,0.00324,28426,92.19642,30832
6934,paulo-tio,1,0.00324,28427,92.19966,30832
6935,paul-tharun,1,0.00324,28428,92.20291,30832
6936,paulvonallwoerden,1,0.00324,28429,92.20615,30832
6937,paulwhittemore,1,0.00324,28430,92.20939,30832
6938,Pavankalyan000,1,0.00324,28431,92.21264,30832
6939,pavansingh89,1,0.00324,28432,92.21588,30832
6940,PavloChechehov,1,0.00324,28433,92.21912,30832
6941,pawelaugustyn,1,0.00324,28434,92.22237,30832
6942,pawelzgorecki,1,0.00324,28435,92.22561,30832
6943,pbaveja,1,0.00324,28436,92.22885,30832
6944,pbolduc,1,0.00324,28437,92.23210,30832
6945,pcasaspere,1,0.00324,28438,92.23534,30832
6946,pc-dok,1,0.00324,28439,92.23858,30832
6947,pchunyayev,1,0.00324,28440,92.24183,30832
6948,pct-cclausen,1,0.00324,28441,92.24507,30832
6949,pdarji-bakkt,1,0.00324,28442,92.24831,30832
6950,pdebakker-auguria,1,0.00324,28443,92.25156,30832
6951,pdred,1,0.00324,28444,92.25480,30832
6952,peacedevil13,1,0.00324,28445,92.25804,30832
6953,Pebin,1,0.00324,28446,92.26129,30832
6954,pedrocjdpereira,1,0.00324,28447,92.26453,30832
6955,PedroTav017,1,0.00324,28448,92.26777,30832
6956,pedrovieiramiguez,1,0.00324,28449,92.27102,30832
6957,Peeyush1989,1,0.00324,28450,92.27426,30832
6958,pegapokoa,1,0.00324,28451,92.27750,30832
6959,pelepelin,1,0.00324,28452,92.28075,30832
6960,penguinland,1,0.00324,28453,92.28399,30832
6961,Pepzik,1,0.00324,28454,92.28723,30832
6962,perber,1,0.00324,28455,92.29048,30832
6963,peterabarr,1,0.00324,28456,92.29372,30832
6964,peter-carriad,1,0.00324,28457,92.29696,30832
6965,petercb,1,0.00324,28458,92.30021,30832
6966,Peter-ChengTszTung,1,0.00324,28459,92.30345,30832
6967,petercraft,1,0.00324,28460,92.30669,30832
6968,Petrichia,1,0.00324,28461,92.30994,30832
6969,petroselo,1,0.00324,28462,92.31318,30832
6970,pf93,1,0.00324,28463,92.31642,30832
6971,pfroelke,1,0.00324,28464,92.31967,30832
6972,pg185210,1,0.00324,28465,92.32291,30832
6973,pgerber,1,0.00324,28466,92.32615,30832
6974,pgollangi,1,0.00324,28467,92.32940,30832
6975,PGPAWAN,1,0.00324,28468,92.33264,30832
6976,pgumpoldsberger,1,0.00324,28469,92.33588,30832
6977,PhamQuang-512,1,0.00324,28470,92.33913,30832
6978,phardy,1,0.00324,28471,92.34237,30832
6979,PhilBug,1,0.00324,28472,92.34561,30832
6980,PhilippKolmann,1,0.00324,28473,92.34886,30832
6981,philthethrill99,1,0.00324,28474,92.35210,30832
6982,phooq,1,0.00324,28475,92.35535,30832
6983,phuongvtn,1,0.00324,28476,92.35859,30832
6984,phynics,1,0.00324,28477,92.36183,30832
6985,phynot,1,0.00324,28478,92.36508,30832
6986,pictowolf,1,0.00324,28479,92.36832,30832
6987,PierreM-gh,1,0.00324,28480,92.37156,30832
6988,pieterjanverbruggen,1,0.00324,28481,92.37481,30832
6989,PietroCoppola,1,0.00324,28482,92.37805,30832
6990,pigaur,1,0.00324,28483,92.38129,30832
6991,pigstomach,1,0.00324,28484,92.38454,30832
6992,pihai,1,0.00324,28485,92.38778,30832
6993,Pilario,1,0.00324,28486,92.39102,30832
6994,pilot7747,1,0.00324,28487,92.39427,30832
6995,pingbird,1,0.00324,28488,92.39751,30832
6996,piotrgalecki,1,0.00324,28489,92.40075,30832
6997,PiotrIzak,1,0.00324,28490,92.40400,30832
6998,piotrm0,1,0.00324,28491,92.40724,30832
6999,Pirunchy7,1,0.00324,28492,92.41048,30832
7000,pitzelalex,1,0.00324,28493,92.41373,30832
7001,pivettamarcos,1,0.00324,28494,92.41697,30832
7002,pixeeai,1,0.00324,28495,92.42021,30832
7003,Pixis-Akshay-Gopani,1,0.00324,28496,92.42346,30832
7004,piyush-accacia,1,0.00324,28497,92.42670,30832
7005,Pjm1231,1,0.00324,28498,92.42994,30832
7006,pkkudo,1,0.00324,28499,92.43319,30832
7007,pklanka,1,0.00324,28500,92.43643,30832
7008,pkmisma,1,0.00324,28501,92.43967,30832
7009,pkorim,1,0.00324,28502,92.44292,30832
7010,pksorensen,1,0.00324,28503,92.44616,30832
7011,pkunal17,1,0.00324,28504,92.44940,30832
7012,PlatoWG,1,0.00324,28505,92.45265,30832
7013,plejon,1,0.00324,28506,92.45589,30832
7014,plinom,1,0.00324,28507,92.45913,30832
7015,plyul,1,0.00324,28508,92.46238,30832
7016,pmadugundu,1,0.00324,28509,92.46562,30832
7017,pmannam,1,0.00324,28510,92.46886,30832
7018,pmartyniuk,1,0.00324,28511,92.47211,30832
7019,pmesserschmidt1,1,0.00324,28512,92.47535,30832
7020,pmjufo,1,0.00324,28513,92.47859,30832
7021,pmmenzel,1,0.00324,28514,92.48184,30832
7022,pniebylski-zilch,1,0.00324,28515,92.48508,30832
7023,pnmatich,1,0.00324,28516,92.48832,30832
7024,Pobek,1,0.00324,28517,92.49157,30832
7025,poiu144,1,0.00324,28518,92.49481,30832
7026,poliveirabp,1,0.00324,28519,92.49805,30832
7027,PolluxyShi,1,0.00324,28520,92.50130,30832
7028,polyakov-vlad,1,0.00324,28521,92.50454,30832
7029,pombaer,1,0.00324,28522,92.50778,30832
7030,PonnyS,1,0.00324,28523,92.51103,30832
7031,popey,1,0.00324,28524,92.51427,30832
7032,poscergx,1,0.00324,28525,92.51751,30832
7033,posinaga-demo,1,0.00324,28526,92.52076,30832
7034,post-human-world,1,0.00324,28527,92.52400,30832
7035,Potherca,1,0.00324,28528,92.52724,30832
7036,poulsbopete,1,0.00324,28529,92.53049,30832
7037,powers-ceciroli,1,0.00324,28530,92.53373,30832
7038,ppiont,1,0.00324,28531,92.53697,30832
7039,ppkarwasz,1,0.00324,28532,92.54022,30832
7040,ppnaik1890,1,0.00324,28533,92.54346,30832
7041,pprencel,1,0.00324,28534,92.54670,30832
7042,PrabhaRavi14,1,0.00324,28535,92.54995,30832
7043,prabjohns-atex,1,0.00324,28536,92.55319,30832
7044,pradeep-singari1,1,0.00324,28537,92.55643,30832
7045,Pramodh-G,1,0.00324,28538,92.55968,30832
7046,pranchals,1,0.00324,28539,92.56292,30832
7047,pranjalrai4,1,0.00324,28540,92.56617,30832
7048,prapanw,1,0.00324,28541,92.56941,30832
7049,prasad89,1,0.00324,28542,92.57265,30832
7050,prasadkris,1,0.00324,28543,92.57590,30832
7051,PrasathHari,1,0.00324,28544,92.57914,30832
7052,Prashanth-chinnla,1,0.00324,28545,92.58238,30832
7053,prashantkumars289,1,0.00324,28546,92.58563,30832
7054,prateekpatil711,1,0.00324,28547,92.58887,30832
7055,pratik2294,1,0.00324,28548,92.59211,30832
7056,pratyushakodumuri,1,0.00324,28549,92.59536,30832
7057,pravinchandar,1,0.00324,28550,92.59860,30832
7058,Preethigrace-7,1,0.00324,28551,92.60184,30832
7059,prehensileBBC,1,0.00324,28552,92.60509,30832
7060,prerakkumarpatel,1,0.00324,28553,92.60833,30832
7061,Preslav93,1,0.00324,28554,92.61157,30832
7062,PresobhDas,1,0.00324,28555,92.61482,30832
7063,PrestonCS,1,0.00324,28556,92.61806,30832
7064,PrinsonF77,1,0.00324,28557,92.62130,30832
7065,prithvihv-wooga,1,0.00324,28558,92.62455,30832
7066,priyakumari02,1,0.00324,28559,92.62779,30832
7067,ProblemTryer,1,0.00324,28560,92.63103,30832
7068,professorisidro,1,0.00324,28561,92.63428,30832
7069,protohuf,1,0.00324,28562,92.63752,30832
7070,prsadh,1,0.00324,28563,92.64076,30832
7071,Psingle20,1,0.00324,28564,92.64401,30832
7072,psjamesh,1,0.00324,28565,92.64725,30832
7073,psneha716,1,0.00324,28566,92.65049,30832
7074,pstast,1,0.00324,28567,92.65374,30832
7075,pswaminathan,1,0.00324,28568,92.65698,30832
7076,ptc-mrucci,1,0.00324,28569,92.66022,30832
7077,PT-GD,1,0.00324,28570,92.66347,30832
7078,ptoridactyl11,1,0.00324,28571,92.66671,30832
7079,PulaNaresh,1,0.00324,28572,92.66995,30832
7080,Puneet140500,1,0.00324,28573,92.67320,30832
7081,PureDimension,1,0.00324,28574,92.67644,30832
7082,Puvendhan,1,0.00324,28575,92.67968,30832
7083,puviyarasan,1,0.00324,28576,92.68293,30832
7084,pwcsquared,1,0.00324,28577,92.68617,30832
7085,pwhack,1,0.00324,28578,92.68941,30832
7086,pxadministrator,1,0.00324,28579,92.69266,30832
7087,pyDream,1,0.00324,28580,92.69590,30832
7088,PykupeJIbc,1,0.00324,28581,92.69914,30832
7089,pyrsson,1,0.00324,28582,92.70239,30832
7090,python316,1,0.00324,28583,92.70563,30832
7091,pythonkid2,1,0.00324,28584,92.70887,30832
7092,PYU224,1,0.00324,28585,92.71212,30832
7093,Qasim333,1,0.00324,28586,92.71536,30832
7094,qburst-krishnachandra,1,0.00324,28587,92.71860,30832
7095,qinjunhang,1,0.00324,28588,92.72185,30832
7096,qiuge615,1,0.00324,28589,92.72509,30832
7097,QiuuQiuu99,1,0.00324,28590,92.72833,30832
7098,qkrqkstm,1,0.00324,28591,92.73158,30832
7099,ql3xHd630,1,0.00324,28592,92.73482,30832
7100,QQQJoker,1,0.00324,28593,92.73806,30832
7101,qqu0127,1,0.00324,28594,92.74131,30832
7102,qs-wang,1,0.00324,28595,92.74455,30832
7103,quangyen,1,0.00324,28596,92.74779,30832
7104,quanlk2511,1,0.00324,28597,92.75104,30832
7105,quincarter,1,0.00324,28598,92.75428,30832
7106,quocbang,1,0.00324,28599,92.75752,30832
7107,Qup42,1,0.00324,28600,92.76077,30832
7108,QxBytes,1,0.00324,28601,92.76401,30832
7109,qxecutioner,1,0.00324,28602,92.76725,30832
7110,qzqsmile,1,0.00324,28603,92.77050,30832
7111,qzyde,1,0.00324,28604,92.77374,30832
7112,qzylalala,1,0.00324,28605,92.77698,30832
7113,r0yce,1,0.00324,28606,92.78023,30832
7114,r3dmar,1,0.00324,28607,92.78347,30832
7115,racedo,1,0.00324,28608,92.78672,30832
7116,radhathakare,1,0.00324,28609,92.78996,30832
7117,RAE-SMC,1,0.00324,28610,92.79320,30832
7118,Rafagross,1,0.00324,28611,92.79645,30832
7119,raghureddycloud,1,0.00324,28612,92.79969,30832
7120,rahulgcm,1,0.00324,28613,92.80293,30832
7121,rahulkandru,1,0.00324,28614,92.80618,30832
7122,rahulkarmore,1,0.00324,28615,92.80942,30832
7123,rahul-narkhede,1,0.00324,28616,92.81266,30832
7124,rahulsyal92,1,0.00324,28617,92.81591,30832
7125,RaikLang,1,0.00324,28618,92.81915,30832
7126,rajabharathi453,1,0.00324,28619,92.82239,30832
7127,Rajaneeshs,1,0.00324,28620,92.82564,30832
7128,rajat8528,1,0.00324,28621,92.82888,30832
7129,rajbhai99,1,0.00324,28622,92.83212,30832
7130,rajchm,1,0.00324,28623,92.83537,30832
7131,RajeevRanjan27,1,0.00324,28624,92.83861,30832
7132,rajesh-sampathrajan,1,0.00324,28625,92.84185,30832
7133,rajgani,1,0.00324,28626,92.84510,30832
7134,RajGondalia7,1,0.00324,28627,92.84834,30832
7135,RajuGangitla,1,0.00324,28628,92.85158,30832
7136,rakeshkdev,1,0.00324,28629,92.85483,30832
7137,rakeshrocky58008,1,0.00324,28630,92.85807,30832
7138,ramazanjusip,1,0.00324,28631,92.86131,30832
7139,rameshkothamasu,1,0.00324,28632,92.86456,30832
7140,RamiKassouf,1,0.00324,28633,92.86780,30832
7141,rammanokar-plateron,1,0.00324,28634,92.87104,30832
7142,ramon-lsd,1,0.00324,28635,92.87429,30832
7143,ramonpzg,1,0.00324,28636,92.87753,30832
7144,rampanwar1,1,0.00324,28637,92.88077,30832
7145,ramu11,1,0.00324,28638,92.88402,30832
7146,randallweytens,1,0.00324,28639,92.88726,30832
7147,randomstuff,1,0.00324,28640,92.89050,30832
7148,ranediwa,1,0.00324,28641,92.89375,30832
7149,RangeMachine,1,0.00324,28642,92.89699,30832
7150,ranjanprasad1996,1,0.00324,28643,92.90023,30832
7151,ranjeet7219,1,0.00324,28644,92.90348,30832
7152,ranjit-se7en,1,0.00324,28645,92.90672,30832
7153,ranshamay,1,0.00324,28646,92.90996,30832
7154,RaphaelSve,1,0.00324,28647,92.91321,30832
7155,rasert,1,0.00324,28648,92.91645,30832
7156,RashRAJ,1,0.00324,28649,92.91969,30832
7157,Raswanth49,1,0.00324,28650,92.92294,30832
7158,RathanKumar,1,0.00324,28651,92.92618,30832
7159,rathichandar,1,0.00324,28652,92.92942,30832
7160,ratnikov,1,0.00324,28653,92.93267,30832
7161,ratschance,1,0.00324,28654,92.93591,30832
7162,RavenTouch,1,0.00324,28655,92.93915,30832
7163,raviraj430,1,0.00324,28656,92.94240,30832
7164,ravitez4u,1,0.00324,28657,92.94564,30832
7165,ravthiru,1,0.00324,28658,92.94888,30832
7166,ray58750034,1,0.00324,28659,92.95213,30832
7167,rayalaka,1,0.00324,28660,92.95537,30832
7168,rayoef,1,0.00324,28661,92.95861,30832
7169,raysubham,1,0.00324,28662,92.96186,30832
7170,razvangoga,1,0.00324,28663,92.96510,30832
7171,rbadillap,1,0.00324,28664,92.96834,30832
7172,rbaret,1,0.00324,28665,92.97159,30832
7173,rbcb-bedag,1,0.00324,28666,92.97483,30832
7174,rbebb,1,0.00324,28667,92.97807,30832
7175,rbnis,1,0.00324,28668,92.98132,30832
7176,rc5hack,1,0.00324,28669,92.98456,30832
7177,rcarrascoz,1,0.00324,28670,92.98780,30832
7178,RD1007,1,0.00324,28671,92.99105,30832
7179,rdaum,1,0.00324,28672,92.99429,30832
7180,rdmcneil,1,0.00324,28673,92.99754,30832
7181,rdowdVivante,1,0.00324,28674,93.00078,30832
7182,reachfivejenkins,1,0.00324,28675,93.00402,30832
7183,realcarlos,1,0.00324,28676,93.00727,30832
7184,RealKelsar,1,0.00324,28677,93.01051,30832
7185,reb-xpat,1,0.00324,28678,93.01375,30832
7186,redawg,1,0.00324,28679,93.01700,30832
7187,reddi,1,0.00324,28680,93.02024,30832
7188,redistay,1,0.00324,28681,93.02348,30832
7189,Reedler01,1,0.00324,28682,93.02673,30832
7190,ReessKennedy,1,0.00324,28683,93.02997,30832
7191,refuse2speak,1,0.00324,28684,93.03321,30832
7192,Reggelord,1,0.00324,28685,93.03646,30832
7193,regisferlima,1,0.00324,28686,93.03970,30832
7194,rehand,1,0.00324,28687,93.04294,30832
7195,Rei-Suzuki1729,1,0.00324,28688,93.04619,30832
7196,remmen-io,1,0.00324,28689,93.04943,30832
7197,renanguillen,1,0.00324,28690,93.05267,30832
7198,renerlemes,1,0.00324,28691,93.05592,30832
7199,renyingxin,1,0.00324,28692,93.05916,30832
7200,rgambelli,1,0.00324,28693,93.06240,30832
7201,rgrente,1,0.00324,28694,93.06565,30832
7202,rhnasc,1,0.00324,28695,93.06889,30832
7203,rhysperry111,1,0.00324,28696,93.07213,30832
7204,richard6ats,1,0.00324,28697,93.07538,30832
7205,RichardDally,1,0.00324,28698,93.07862,30832
7206,richard-ioi,1,0.00324,28699,93.08186,30832
7207,RichardPinter,1,0.00324,28700,93.08511,30832
7208,richbalf,1,0.00324,28701,93.08835,30832
7209,richcooper95,1,0.00324,28702,93.09159,30832
7210,rich-day,1,0.00324,28703,93.09484,30832
7211,richieganney,1,0.00324,28704,93.09808,30832
7212,rickdemarte,1,0.00324,28705,93.10132,30832
7213,RickyB98,1,0.00324,28706,93.10457,30832
7214,RickyGrassmuck,1,0.00324,28707,93.10781,30832
7215,ricoapon,1,0.00324,28708,93.11105,30832
7216,riddlexu,1,0.00324,28709,93.11430,30832
7217,rideliner,1,0.00324,28710,93.11754,30832
7218,riiv-hexagon,1,0.00324,28711,93.12078,30832
7219,rilpires,1,0.00324,28712,93.12403,30832
7220,rinaldou,1,0.00324,28713,93.12727,30832
7221,RingTsui,1,0.00324,28714,93.13051,30832
7222,rinnuagna,1,0.00324,28715,93.13376,30832
7223,rinzler-17,1,0.00324,28716,93.13700,30832
7224,ripeyuka,1,0.00324,28717,93.14024,30832
7225,riqueps,1,0.00324,28718,93.14349,30832
7226,Riscky,1,0.00324,28719,93.14673,30832
7227,Ritianne,1,0.00324,28720,93.14997,30832
7228,River-Jumper,1,0.00324,28721,93.15322,30832
7229,RJKeevil,1,0.00324,28722,93.15646,30832
7230,rkadam-flairsight,1,0.00324,28723,93.15970,30832
7231,rkarg-blizz,1,0.00324,28724,93.16295,30832
7232,rkenefeck,1,0.00324,28725,93.16619,30832
7233,rkrbaddam,1,0.00324,28726,93.16943,30832
7234,rkrishn7,1,0.00324,28727,93.17268,30832
7235,rkuklins,1,0.00324,28728,93.17592,30832
7236,rmacconn,1,0.00324,28729,93.17916,30832
7237,rmasad,1,0.00324,28730,93.18241,30832
7238,rmdes,1,0.00324,28731,93.18565,30832
7239,RmKuma,1,0.00324,28732,93.18889,30832
7240,rmnjgw,1,0.00324,28733,93.19214,30832
7241,rni-HMC,1,0.00324,28734,93.19538,30832
7242,r-nolasco,1,0.00324,28735,93.19862,30832
7243,Roadmaster,1,0.00324,28736,93.20187,30832
7244,roandudel,1,0.00324,28737,93.20511,30832
7245,robbie-cahill,1,0.00324,28738,93.20835,30832
7246,robcaulk,1,0.00324,28739,93.21160,30832
7247,robini,1,0.00324,28740,93.21484,30832
7248,robinjanie,1,0.00324,28741,93.21809,30832
7249,robotxman,1,0.00324,28742,93.22133,30832
7250,robsliwi,1,0.00324,28743,93.22457,30832
7251,Robsta86,1,0.00324,28744,93.22782,30832
7252,Robyt96,1,0.00324,28745,93.23106,30832
7253,rochabr,1,0.00324,28746,93.23430,30832
7254,rochana-atapattu,1,0.00324,28747,93.23755,30832
7255,rocketnova,1,0.00324,28748,93.24079,30832
7256,Rockneeraj,1,0.00324,28749,93.24403,30832
7257,rockswe,1,0.00324,28750,93.24728,30832
7258,rockyzhou-zeyu,1,0.00324,28751,93.25052,30832
7259,rodrigoccaldas23,1,0.00324,28752,93.25376,30832
7260,RodrigoDornelles,1,0.00324,28753,93.25701,30832
7261,rodrigomageste,1,0.00324,28754,93.26025,30832
7262,rodrigorodriguescosta,1,0.00324,28755,93.26349,30832
7263,rodrigoserracoelho,1,0.00324,28756,93.26674,30832
7264,rodrigosiqueiradev,1,0.00324,28757,93.26998,30832
7265,rohautl,1,0.00324,28758,93.27322,30832
7266,rohithcode,1,0.00324,28759,93.27647,30832
7267,rohitshubham,1,0.00324,28760,93.27971,30832
7268,rokk4,1,0.00324,28761,93.28295,30832
7269,Rom00000010,1,0.00324,28762,93.28620,30832
7270,roma2341,1,0.00324,28763,93.28944,30832
7271,RomanAndronov,1,0.00324,28764,93.29268,30832
7272,romancin,1,0.00324,28765,93.29593,30832
7273,roman-jancik,1,0.00324,28766,93.29917,30832
7274,roman-mozil,1,0.00324,28767,93.30241,30832
7275,romanprog,1,0.00324,28768,93.30566,30832
7276,romrom21,1,0.00324,28769,93.30890,30832
7277,romulofape,1,0.00324,28770,93.31214,30832
7278,ronbs,1,0.00324,28771,93.31539,30832
7279,ronduphily,1,0.00324,28772,93.31863,30832
7280,ronit87,1,0.00324,28773,93.32187,30832
7281,RookIeOFCSS,1,0.00324,28774,93.32512,30832
7282,roorq,1,0.00324,28775,93.32836,30832
7283,root-kidik,1,0.00324,28776,93.33160,30832
7284,RoRoJ,1,0.00324,28777,93.33485,30832
7285,roseegalla,1,0.00324,28778,93.33809,30832
7286,roshandash411,1,0.00324,28779,93.34133,30832
7287,rosh-cha,1,0.00324,28780,93.34458,30832
7288,rothenbergt,1,0.00324,28781,93.34782,30832
7289,roth-wine,1,0.00324,28782,93.35106,30832
7290,roukmoute,1,0.00324,28783,93.35431,30832
7291,roxelo,1,0.00324,28784,93.35755,30832
7292,RoyLi-Pvt,1,0.00324,28785,93.36079,30832
7293,rphang,1,0.00324,28786,93.36404,30832
7294,rprakashg-redhat,1,0.00324,28787,93.36728,30832
7295,rpsmaini,1,0.00324,28788,93.37052,30832
7296,rragundez,1,0.00324,28789,93.37377,30832
7297,rremer,1,0.00324,28790,93.37701,30832
7298,rs0h,1,0.00324,28791,93.38025,30832
7299,RS185734,1,0.00324,28792,93.38350,30832
7300,rsaelim,1,0.00324,28793,93.38674,30832
7301,rsarunprashad,1,0.00324,28794,93.38998,30832
7302,rsbth,1,0.00324,28795,93.39323,30832
7303,rschulm,1,0.00324,28796,93.39647,30832
7304,rsergio07,1,0.00324,28797,93.39971,30832
7305,rserrano73,1,0.00324,28798,93.40296,30832
7306,rship12,1,0.00324,28799,93.40620,30832
7307,rsnyman,1,0.00324,28800,93.40944,30832
7308,rtfmoz2,1,0.00324,28801,93.41269,30832
7309,rthaenert,1,0.00324,28802,93.41593,30832
7310,rtkwlf-nachiketrao,1,0.00324,28803,93.41917,30832
7311,rtpg,1,0.00324,28804,93.42242,30832
7312,ruaanviljoen,1,0.00324,28805,93.42566,30832
7313,RuchiSaluja8,1,0.00324,28806,93.42891,30832
7314,Rudraksh95,1,0.00324,28807,93.43215,30832
7315,rugdmlsy,1,0.00324,28808,93.43539,30832
7316,ruggertech,1,0.00324,28809,93.43864,30832
7317,ruiming-lu,1,0.00324,28810,93.44188,30832
7318,ruoxi-zhao,1,0.00324,28811,93.44512,30832
7319,rupan-adn,1,0.00324,28812,93.44837,30832
7320,ruscon,1,0.00324,28813,93.45161,30832
7321,rusLukasRath,1,0.00324,28814,93.45485,30832
7322,rwilliams-r7,1,0.00324,28815,93.45810,30832
7323,Ryado,1,0.00324,28816,93.46134,30832
7324,Ryan-DL,1,0.00324,28817,93.46458,30832
7325,ryanmaffey,1,0.00324,28818,93.46783,30832
7326,ryanmerolle,1,0.00324,28819,93.47107,30832
7327,RyanRosario,1,0.00324,28820,93.47431,30832
7328,Ryanzinnn155,1,0.00324,28821,93.47756,30832
7329,Rycardas,1,0.00324,28822,93.48080,30832
7330,Ryoma0622,1,0.00324,28823,93.48404,30832
7331,RyoYang,1,0.00324,28824,93.48729,30832
7332,S4nfs,1,0.00324,28825,93.49053,30832
7333,saad946,1,0.00324,28826,93.49377,30832
7334,saadahmed9,1,0.00324,28827,93.49702,30832
7335,saarw-opti,1,0.00324,28828,93.50026,30832
7336,sababa976,1,0.00324,28829,93.50350,30832
7337,Sachin5411,1,0.00324,28830,93.50675,30832
7338,SachinBahukhandi,1,0.00324,28831,93.50999,30832
7339,sachin-shankar,1,0.00324,28832,93.51323,30832
7340,sadatnfs,1,0.00324,28833,93.51648,30832
7341,sa-dbilling,1,0.00324,28834,93.51972,30832
7342,SadiqAhmed96,1,0.00324,28835,93.52296,30832
7343,sadjad-chrono,1,0.00324,28836,93.52621,30832
7344,sadjadteh,1,0.00324,28837,93.52945,30832
7345,Sae51,1,0.00324,28838,93.53269,30832
7346,saffronjam,1,0.00324,28839,93.53594,30832
7347,saffyA,1,0.00324,28840,93.53918,30832
7348,sagacioussid02,1,0.00324,28841,93.54242,30832
7349,sagar2github,1,0.00324,28842,93.54567,30832
7350,sagargp,1,0.00324,28843,93.54891,30832
7351,SagnikGhosh-INT020,1,0.00324,28844,93.55215,30832
7352,sahasrakalahasthi,1,0.00324,28845,93.55540,30832
7353,sahilcool-nsut,1,0.00324,28846,93.55864,30832
7354,sahilshahane,1,0.00324,28847,93.56188,30832
7355,sahilverma0696,1,0.00324,28848,93.56513,30832
7356,sahma19,1,0.00324,28849,93.56837,30832
7357,saikrishnakumarreddy,1,0.00324,28850,93.57161,30832
7358,saikumar0412,1,0.00324,28851,93.57486,30832
7359,sailingdotwang,1,0.00324,28852,93.57810,30832
7360,SailReal,1,0.00324,28853,93.58134,30832
7361,saipranavdesai,1,0.00324,28854,93.58459,30832
7362,sakthivel-ponnusamy,1,0.00324,28855,93.58783,30832
7363,SalehBorhani,1,0.00324,28856,93.59107,30832
7364,salehhoushangi,1,0.00324,28857,93.59432,30832
7365,salted0dreams,1,0.00324,28858,93.59756,30832
7366,salvadoriume,1,0.00324,28859,93.60080,30832
7367,salvioli,1,0.00324,28860,93.60405,30832
7368,samanthajayasinghe,1,0.00324,28861,93.60729,30832
7369,Samarth888,1,0.00324,28862,93.61053,30832
7370,Sambego,1,0.00324,28863,93.61378,30832
7371,same-pxt,1,0.00324,28864,93.61702,30832
7372,sam-huang1223,1,0.00324,28865,93.62026,30832
7373,Samiksha29,1,0.00324,28866,93.62351,30832
7374,Samir-NT,1,0.00324,28867,93.62675,30832
7375,SamirTalwar,1,0.00324,28868,93.62999,30832
7376,sammagnet7,1,0.00324,28869,93.63324,30832
7377,samnu88,1,0.00324,28870,93.63648,30832
7378,samo1,1,0.00324,28871,93.63972,30832
7379,samratmanjeet7,1,0.00324,28872,93.64297,30832
7380,samsaralc,1,0.00324,28873,93.64621,30832
7381,samuel-deal-tisseo,1,0.00324,28874,93.64946,30832
7382,SamuelRosenqvist,1,0.00324,28875,93.65270,30832
7383,samuelya,1,0.00324,28876,93.65594,30832
7384,samyap4,1,0.00324,28877,93.65919,30832
7385,Samyu09,1,0.00324,28878,93.66243,30832
7386,Sanchez1998,1,0.00324,28879,93.66567,30832
7387,sandeebh,1,0.00324,28880,93.66892,30832
7388,sandeep8patil8,1,0.00324,28881,93.67216,30832
7389,SandeepTuniki,1,0.00324,28882,93.67540,30832
7390,Sandelinos,1,0.00324,28883,93.67865,30832
7391,sandervb2,1,0.00324,28884,93.68189,30832
7392,SangamSid,1,0.00324,28885,93.68513,30832
7393,sanggeepark-trustay,1,0.00324,28886,93.68838,30832
7394,Sanikommus,1,0.00324,28887,93.69162,30832
7395,SanjayaKumarSahoo,1,0.00324,28888,93.69486,30832
7396,sankarequiwiz,1,0.00324,28889,93.69811,30832
7397,sanketnadkarni,1,0.00324,28890,93.70135,30832
7398,sanmarg,1,0.00324,28891,93.70459,30832
7399,sant0s12,1,0.00324,28892,93.70784,30832
7400,Santhin,1,0.00324,28893,93.71108,30832
7401,santhoshbhandari3008,1,0.00324,28894,93.71432,30832
7402,santiagon610,1,0.00324,28895,93.71757,30832
7403,SantoMargen,1,0.00324,28896,93.72081,30832
7404,santoshkumarkanithi,1,0.00324,28897,93.72405,30832
7405,santostiago,1,0.00324,28898,93.72730,30832
7406,sarojbehera1,1,0.00324,28899,93.73054,30832
7407,saschaa442,1,0.00324,28900,93.73378,30832
7408,SASCloudLearner,1,0.00324,28901,93.73703,30832
7409,sashaozz,1,0.00324,28902,93.74027,30832
7410,Satcomproj,1,0.00324,28903,93.74351,30832
7411,Satur6ay,1,0.00324,28904,93.74676,30832
7412,Saturate,1,0.00324,28905,93.75000,30832
7413,satyamsundaram,1,0.00324,28906,93.75324,30832
7414,saurabhssahu,1,0.00324,28907,93.75649,30832
7415,saurabhwani5,1,0.00324,28908,93.75973,30832
7416,saurbhc,1,0.00324,28909,93.76297,30832
7417,sauyon,1,0.00324,28910,93.76622,30832
7418,savoiringfaire,1,0.00324,28911,93.76946,30832
7419,savs,1,0.00324,28912,93.77270,30832
7420,savvn001,1,0.00324,28913,93.77595,30832
7421,saxcorp,1,0.00324,28914,93.77919,30832
7422,SaxenaShiv,1,0.00324,28915,93.78243,30832
7423,Sayantan-Dell,1,0.00324,28916,93.78568,30832
7424,sayedabdein00,1,0.00324,28917,93.78892,30832
7425,sayedmoataz,1,0.00324,28918,93.79216,30832
7426,Sbaia,1,0.00324,28919,93.79541,30832
7427,sbquinlan,1,0.00324,28920,93.79865,30832
7428,sbussweiler,1,0.00324,28921,93.80189,30832
7429,scarlson,1,0.00324,28922,93.80514,30832
7430,schettgen,1,0.00324,28923,93.80838,30832
7431,schildbach,1,0.00324,28924,93.81162,30832
7432,schmidi,1,0.00324,28925,93.81487,30832
7433,Schorem2,1,0.00324,28926,93.81811,30832
7434,SchrodingersGat,1,0.00324,28927,93.82135,30832
7435,schroederc,1,0.00324,28928,93.82460,30832
7436,schuman0,1,0.00324,28929,93.82784,30832
7437,SchutteJan,1,0.00324,28930,93.83108,30832
7438,Schwarao,1,0.00324,28931,93.83433,30832
7439,sclinnell,1,0.00324,28932,93.83757,30832
7440,ScottDarvill,1,0.00324,28933,93.84081,30832
7441,Scusemua,1,0.00324,28934,93.84406,30832
7442,SDAChess,1,0.00324,28935,93.84730,30832
7443,SDEBEUL,1,0.00324,28936,93.85054,30832
7444,sderoe,1,0.00324,28937,93.85379,30832
7445,sdojjy,1,0.00324,28938,93.85703,30832
7446,seanfariaparetointel,1,0.00324,28939,93.86028,30832
7447,seanpoulter,1,0.00324,28940,93.86352,30832
7448,seanvaleo,1,0.00324,28941,93.86676,30832
7449,sebas1017,1,0.00324,28942,93.87001,30832
7450,sebastianguarin,1,0.00324,28943,93.87325,30832
7451,sebastianpiskorski,1,0.00324,28944,93.87649,30832
7452,SebastienPi,1,0.00324,28945,93.87974,30832
7453,securitym0nkey,1,0.00324,28946,93.88298,30832
7454,seetharamiseelam,1,0.00324,28947,93.88622,30832
7455,seeulucifer,1,0.00324,28948,93.88947,30832
7456,segevtsilis,1,0.00324,28949,93.89271,30832
7457,SeJunB,1,0.00324,28950,93.89595,30832
7458,selamat,1,0.00324,28951,93.89920,30832
7459,Self-Perfection,1,0.00324,28952,93.90244,30832
7460,semyon-zvyagin,1,0.00324,28953,93.90568,30832
7461,sensyblee,1,0.00324,28954,93.90893,30832
7462,senthilredhat,1,0.00324,28955,93.91217,30832
7463,senthuran16,1,0.00324,28956,93.91541,30832
7464,sentros,1,0.00324,28957,93.91866,30832
7465,senyosimpson,1,0.00324,28958,93.92190,30832
7466,seonsfx,1,0.00324,28959,93.92514,30832
7467,sergioimperato,1,0.00324,28960,93.92839,30832
7468,sergioloza,1,0.00324,28961,93.93163,30832
7469,sergitron,1,0.00324,28962,93.93487,30832
7470,sergs-pci,1,0.00324,28963,93.93812,30832
7471,seshank-sk,1,0.00324,28964,93.94136,30832
7472,seslly,1,0.00324,28965,93.94460,30832
7473,sethfduke,1,0.00324,28966,93.94785,30832
7474,seth-lohr-sonic-com,1,0.00324,28967,93.95109,30832
7475,seyfullah642,1,0.00324,28968,93.95433,30832
7476,sfishel18,1,0.00324,28969,93.95758,30832
7477,sg26565,1,0.00324,28970,93.96082,30832
7478,sg893052,1,0.00324,28971,93.96406,30832
7479,sgahlot,1,0.00324,28972,93.96731,30832
7480,sgangwar7600,1,0.00324,28973,93.97055,30832
7481,SGA-pranamika-pandey,1,0.00324,28974,93.97379,30832
7482,sgeannina,1,0.00324,28975,93.97704,30832
7483,sgohlke,1,0.00324,28976,93.98028,30832
7484,sh1myama,1,0.00324,28977,93.98352,30832
7485,Shadikho,1,0.00324,28978,93.98677,30832
7486,ShadowZXY,1,0.00324,28979,93.99001,30832
7487,shaharfreidenberg,1,0.00324,28980,93.99325,30832
7488,shahkashish,1,0.00324,28981,93.99650,30832
7489,shai-labos,1,0.00324,28982,93.99974,30832
7490,shailpujan88,1,0.00324,28983,94.00298,30832
7491,ShakedBraimok,1,0.00324,28984,94.00623,30832
7492,shalineekaran,1,0.00324,28985,94.00947,30832
7493,Shamayma,1,0.00324,28986,94.01271,30832
7494,shameemshah,1,0.00324,28987,94.01596,30832
7495,ShamilMagamadov,1,0.00324,28988,94.01920,30832
7496,shanedell,1,0.00324,28989,94.02244,30832
7497,shanfl,1,0.00324,28990,94.02569,30832
7498,Shannju,1,0.00324,28991,94.02893,30832
7499,shansou504,1,0.00324,28992,94.03217,30832
7500,shantycode,1,0.00324,28993,94.03542,30832
7501,shaohme,1,0.00324,28994,94.03866,30832
7502,shaoqingyang,1,0.00324,28995,94.04190,30832
7503,shaozhijian2008,1,0.00324,28996,94.04515,30832
7504,sharad740,1,0.00324,28997,94.04839,30832
7505,sharangaian,1,0.00324,28998,94.05163,30832
7506,sharma-aarti,1,0.00324,28999,94.05488,30832
7507,sharma-akashdeep,1,0.00324,29000,94.05812,30832
7508,sharonantonio123,1,0.00324,29001,94.06136,30832
7509,ShashankGandhi,1,0.00324,29002,94.06461,30832
7510,ShashankSureshRotti,1,0.00324,29003,94.06785,30832
7511,shashidhar-patil,1,0.00324,29004,94.07109,30832
7512,Shedrack-Sunday,1,0.00324,29005,94.07434,30832
7513,sheershoff,1,0.00324,29006,94.07758,30832
7514,sheetaljajoo,1,0.00324,29007,94.08083,30832
7515,sheetalkarande-automation,1,0.00324,29008,94.08407,30832
7516,shethyogita83,1,0.00324,29009,94.08731,30832
7517,shettypriy,1,0.00324,29010,94.09056,30832
7518,shifeiyu2009,1,0.00324,29011,94.09380,30832
7519,shighetari,1,0.00324,29012,94.09704,30832
7520,shikanime,1,0.00324,29013,94.10029,30832
7521,shilpa-padgaonkar,1,0.00324,29014,94.10353,30832
7522,shindeshubham10,1,0.00324,29015,94.10677,30832
7523,shineangelic,1,0.00324,29016,94.11002,30832
7524,shivshankar123ch,1,0.00324,29017,94.11326,30832
7525,ShogunFire,1,0.00324,29018,94.11650,30832
7526,Sholman81,1,0.00324,29019,94.11975,30832
7527,shopdrop1,1,0.00324,29020,94.12299,30832
7528,shouquan851,1,0.00324,29021,94.12623,30832
7529,ShovelJockey,1,0.00324,29022,94.12948,30832
7530,show981111,1,0.00324,29023,94.13272,30832
7531,showipintbri,1,0.00324,29024,94.13596,30832
7532,shreyash184,1,0.00324,29025,94.13921,30832
7533,Shreyask24,1,0.00324,29026,94.14245,30832
7534,shri3016,1,0.00324,29027,94.14569,30832
7535,shr-project,1,0.00324,29028,94.14894,30832
7536,ShuaiShao93,1,0.00324,29029,94.15218,30832
7537,shurkys,1,0.00324,29030,94.15542,30832
7538,shwejanraj,1,0.00324,29031,94.15867,30832
7539,shxpark,1,0.00324,29032,94.16191,30832
7540,sias32,1,0.00324,29033,94.16515,30832
7541,sibo-git,1,0.00324,29034,94.16840,30832
7542,siddalinga-arrcus,1,0.00324,29035,94.17164,30832
7543,sigfigsteve,1,0.00324,29036,94.17488,30832
7544,sigfodr,1,0.00324,29037,94.17813,30832
7545,Sigger9303,1,0.00324,29038,94.18137,30832
7546,signed-log,1,0.00324,29039,94.18461,30832
7547,sigrdrifa,1,0.00324,29040,94.18786,30832
7548,SilentSobs,1,0.00324,29041,94.19110,30832
7549,sileyang-sf,1,0.00324,29042,94.19434,30832
7550,silpamittapalli,1,0.00324,29043,94.19759,30832
7551,Simbud-7,1,0.00324,29044,94.20083,30832
7552,sim-commits,1,0.00324,29045,94.20407,30832
7553,SimHeb,1,0.00324,29046,94.20732,30832
7554,simonhype,1,0.00324,29047,94.21056,30832
7555,simon-weiler-syzygy,1,0.00324,29048,94.21380,30832
7556,SimpliVityMike,1,0.00324,29049,94.21705,30832
7557,sinamna,1,0.00324,29050,94.22029,30832
7558,Sindhunavale,1,0.00324,29051,94.22353,30832
7559,singhpriti,1,0.00324,29052,94.22678,30832
7560,Siryu6,1,0.00324,29053,94.23002,30832
7561,sitistas,1,0.00324,29054,94.23326,30832
7562,siuming9512,1,0.00324,29055,94.23651,30832
7563,sivakrishnak12,1,0.00324,29056,94.23975,30832
7564,sivsoft,1,0.00324,29057,94.24299,30832
7565,sizgiyaev,1,0.00324,29058,94.24624,30832
7566,sjindal94,1,0.00324,29059,94.24948,30832
7567,sjonpaulbrown-cc,1,0.00324,29060,94.25272,30832
7568,skanadian,1,0.00324,29061,94.25597,30832
7569,skanakal,1,0.00324,29062,94.25921,30832
7570,skbluecollars1990,1,0.00324,29063,94.26245,30832
7571,skeet70,1,0.00324,29064,94.26570,30832
7572,Skjall,1,0.00324,29065,94.26894,30832
7573,sknight-edgio,1,0.00324,29066,94.27218,30832
7574,skocan,1,0.00324,29067,94.27543,30832
7575,sksumit1,1,0.00324,29068,94.27867,30832
7576,skundu1234,1,0.00324,29069,94.28191,30832
7577,sky92zwq,1,0.00324,29070,94.28516,30832
7578,sl3dg3hamm3r,1,0.00324,29071,94.28840,30832
7579,slavnyj,1,0.00324,29072,94.29165,30832
7580,SlawekKarczewski,1,0.00324,29073,94.29489,30832
7581,slemke,1,0.00324,29074,94.29813,30832
7582,sleyva-jumptrading,1,0.00324,29075,94.30138,30832
7583,slideroh,1,0.00324,29076,94.30462,30832
7584,slmg,1,0.00324,29077,94.30786,30832
7585,sln-1550,1,0.00324,29078,94.31111,30832
7586,smallo,1,0.00324,29079,94.31435,30832
7587,smaniraju,1,0.00324,29080,94.31759,30832
7588,smarthusker,1,0.00324,29081,94.32084,30832
7589,smbrine,1,0.00324,29082,94.32408,30832
7590,smcbn,1,0.00324,29083,94.32732,30832
7591,smiririhem,1,0.00324,29084,94.33057,30832
7592,SmritiSatya,1,0.00324,29085,94.33381,30832
7593,sm-xh,1,0.00324,29086,94.33705,30832
7594,snake-L,1,0.00324,29087,94.34030,30832
7595,snaumau,1,0.00324,29088,94.34354,30832
7596,snazy,1,0.00324,29089,94.34678,30832
7597,SnehaAgg0212,1,0.00324,29090,94.35003,30832
7598,soda1p2,1,0.00324,29091,94.35327,30832
7599,SOFSPEEL,1,0.00324,29092,94.35651,30832
7600,sogusogu,1,0.00324,29093,94.35976,30832
7601,SohilD-TML,1,0.00324,29094,94.36300,30832
7602,SoilChang,1,0.00324,29095,94.36624,30832
7603,soilidokay,1,0.00324,29096,94.36949,30832
7604,sokoloffvl,1,0.00324,29097,94.37273,30832
7605,solon,1,0.00324,29098,94.37597,30832
7606,Somnath-Pandey-Vested,1,0.00324,29099,94.37922,30832
7607,sondrehd,1,0.00324,29100,94.38246,30832
7608,soniyakudroli,1,0.00324,29101,94.38570,30832
7609,sonwander,1,0.00324,29102,94.38895,30832
7610,sopida-chotwanwirach,1,0.00324,29103,94.39219,30832
7611,souhail-5,1,0.00324,29104,94.39543,30832
7612,SouhailAssal2,1,0.00324,29105,94.39868,30832
7613,souhailSQLi,1,0.00324,29106,94.40192,30832
7614,Soulusions,1,0.00324,29107,94.40516,30832
7615,spalan479,1,0.00324,29108,94.40841,30832
7616,sparshmittal99,1,0.00324,29109,94.41165,30832
7617,speedj,1,0.00324,29110,94.41489,30832
7618,spekdrum,1,0.00324,29111,94.41814,30832
7619,spiffyy99,1,0.00324,29112,94.42138,30832
7620,SPJGall,1,0.00324,29113,94.42462,30832
7621,SplitThePotCyrus,1,0.00324,29114,94.42787,30832
7622,springcomp,1,0.00324,29115,94.43111,30832
7623,sps-campbellwray,1,0.00324,29116,94.43435,30832
7624,sptuan,1,0.00324,29117,94.43760,30832
7625,spyrosmouchlianitis,1,0.00324,29118,94.44084,30832
7626,squilaSC,1,0.00324,29119,94.44408,30832
7627,Sravan9888,1,0.00324,29120,94.44733,30832
7628,srebhan,1,0.00324,29121,94.45057,30832
7629,sreelakshmi1608,1,0.00324,29122,94.45381,30832
7630,sreeniHari,1,0.00324,29123,94.45706,30832
7631,srinath92,1,0.00324,29124,94.46030,30832
7632,Srinathsj17,1,0.00324,29125,94.46354,30832
7633,sriram1545,1,0.00324,29126,94.46679,30832
7634,Sriteja-Tadakaluru,1,0.00324,29127,94.47003,30832
7635,srkaviani,1,0.00324,29128,94.47327,30832
7636,ss2901,1,0.00324,29129,94.47652,30832
7637,sscheible,1,0.00324,29130,94.47976,30832
7638,ssharma2083,1,0.00324,29131,94.48300,30832
7639,ssho0508,1,0.00324,29132,94.48625,30832
7640,ssilve1989,1,0.00324,29133,94.48949,30832
7641,ssiMher,1,0.00324,29134,94.49273,30832
7642,ssmoulik,1,0.00324,29135,94.49598,30832
7643,sstrk,1,0.00324,29136,94.49922,30832
7644,StachuDotNet,1,0.00324,29137,94.50246,30832
7645,stannynuytkens,1,0.00324,29138,94.50571,30832
7646,StarlessNights,1,0.00324,29139,94.50895,30832
7647,Starli0n,1,0.00324,29140,94.51220,30832
7648,starrydreamawa,1,0.00324,29141,94.51544,30832
7649,stathis-alexander,1,0.00324,29142,94.51868,30832
7650,stauvel,1,0.00324,29143,94.52193,30832
7651,staylorx,1,0.00324,29144,94.52517,30832
7652,Stazz0,1,0.00324,29145,94.52841,30832
7653,stealthrocket,1,0.00324,29146,94.53166,30832
7654,stecullum,1,0.00324,29147,94.53490,30832
7655,stefanc18,1,0.00324,29148,94.53814,30832
7656,StefanKock,1,0.00324,29149,94.54139,30832
7657,stefankubis,1,0.00324,29150,94.54463,30832
7658,stefannmih,1,0.00324,29151,94.54787,30832
7659,stefan-oconnell,1,0.00324,29152,94.55112,30832
7660,StephenDarcy,1,0.00324,29153,94.55436,30832
7661,stesrn,1,0.00324,29154,94.55760,30832
7662,Steve-Gilmore,1,0.00324,29155,94.56085,30832
7663,stevenmchaves,1,0.00324,29156,94.56409,30832
7664,steven-so,1,0.00324,29157,94.56733,30832
7665,StevenWooding,1,0.00324,29158,94.57058,30832
7666,steve-r-carter,1,0.00324,29159,94.57382,30832
7667,steverweber,1,0.00324,29160,94.57706,30832
7668,stkasulanati,1,0.00324,29161,94.58031,30832
7669,stohr2566,1,0.00324,29162,94.58355,30832
7670,StonerShaw,1,0.00324,29163,94.58679,30832
7671,stonymahony,1,0.00324,29164,94.59004,30832
7672,StoyanTc,1,0.00324,29165,94.59328,30832
7673,strrzj,1,0.00324,29166,94.59652,30832
7674,stubati202449,1,0.00324,29167,94.59977,30832
7675,stv0309,1,0.00324,29168,94.60301,30832
7676,su115,1,0.00324,29169,94.60625,30832
7677,suaebahmed,1,0.00324,29170,94.60950,30832
7678,subash-n-miq,1,0.00324,29171,94.61274,30832
7679,subhashgehlotrockwell,1,0.00324,29172,94.61598,30832
7680,SublimeYohan,1,0.00324,29173,94.61923,30832
7681,subnix,1,0.00324,29174,94.62247,30832
7682,subs007,1,0.00324,29175,94.62571,30832
7683,succa,1,0.00324,29176,94.62896,30832
7684,sudddy,1,0.00324,29177,94.63220,30832
7685,sudheernv,1,0.00324,29178,94.63544,30832
7686,sudhir-kelkar,1,0.00324,29179,94.63869,30832
7687,sudhirs649,1,0.00324,29180,94.64193,30832
7688,sudowing,1,0.00324,29181,94.64517,30832
7689,Sugaroverdose,1,0.00324,29182,94.64842,30832
7690,SujalShah3234,1,0.00324,29183,94.65166,30832
7691,Sultanalbkr,1,0.00324,29184,94.65490,30832
7692,sumanass,1,0.00324,29185,94.65815,30832
7693,sumeet-baghel,1,0.00324,29186,94.66139,30832
7694,sumgang45,1,0.00324,29187,94.66463,30832
7695,SUNDONEcindy,1,0.00324,29188,94.66788,30832
7696,suneths,1,0.00324,29189,94.67112,30832
7697,sunilgknair051,1,0.00324,29190,94.67436,30832
7698,sunilkp1,1,0.00324,29191,94.67761,30832
7699,suning-li,1,0.00324,29192,94.68085,30832
7700,Sunjofelix,1,0.00324,29193,94.68409,30832
7701,sunqtronaut,1,0.00324,29194,94.68734,30832
7702,SunStriderVII,1,0.00324,29195,94.69058,30832
7703,sunwuyan,1,0.00324,29196,94.69382,30832
7704,sunxunle,1,0.00324,29197,94.69707,30832
7705,suonlm,1,0.00324,29198,94.70031,30832
7706,Supanutw,1,0.00324,29199,94.70355,30832
7707,SuperMaskv,1,0.00324,29200,94.70680,30832
7708,suprnova1,1,0.00324,29201,94.71004,30832
7709,SurajWijewickrama,1,0.00324,29202,94.71328,30832
7710,surjendu104,1,0.00324,29203,94.71653,30832
7711,surya818,1,0.00324,29204,94.71977,30832
7712,Surya-Gs,1,0.00324,29205,94.72302,30832
7713,sushidesu,1,0.00324,29206,94.72626,30832
7714,sutodi,1,0.00324,29207,94.72950,30832
7715,suvaanshkumar,1,0.00324,29208,94.73275,30832
7716,suyash0103,1,0.00324,29209,94.73599,30832
7717,Suyghur,1,0.00324,29210,94.73923,30832
7718,SuyliuMS,1,0.00324,29211,94.74248,30832
7719,suzilxptr,1,0.00324,29212,94.74572,30832
7720,svanhart,1,0.00324,29213,94.74896,30832
7721,svenlange,1,0.00324,29214,94.75221,30832
7722,svetsa-rh,1,0.00324,29215,94.75545,30832
7723,svili,1,0.00324,29216,94.75869,30832
7724,svn123,1,0.00324,29217,94.76194,30832
7725,svz-ya,1,0.00324,29218,94.76518,30832
7726,Swazi28,1,0.00324,29219,94.76842,30832
7727,sweepkim,1,0.00324,29220,94.77167,30832
7728,swepps76,1,0.00324,29221,94.77491,30832
7729,sweta96,1,0.00324,29222,94.77815,30832
7730,swiedernix,1,0.00324,29223,94.78140,30832
7731,swiftbird07,1,0.00324,29224,94.78464,30832
7732,Swpn0neel,1,0.00324,29225,94.78788,30832
7733,sycured,1,0.00324,29226,94.79113,30832
7734,syedhamzafaiz,1,0.00324,29227,94.79437,30832
7735,syedkumail95,1,0.00324,29228,94.79761,30832
7736,syedshahwar7,1,0.00324,29229,94.80086,30832
7737,Sylvie-Laufeydottir,1,0.00324,29230,94.80410,30832
7738,syonthomas,1,0.00324,29231,94.80734,30832
7739,sysmso,1,0.00324,29232,94.81059,30832
7740,systolics,1,0.00324,29233,94.81383,30832
7741,sysuco,1,0.00324,29234,94.81707,30832
7742,Syunki0403,1,0.00324,29235,94.82032,30832
7743,sz891016,1,0.00324,29236,94.82356,30832
7744,szbenceg,1,0.00324,29237,94.82680,30832
7745,SZenglein,1,0.00324,29238,94.83005,30832
7746,szittrower,1,0.00324,29239,94.83329,30832
7747,tabs-not-spaces,1,0.00324,29240,94.83653,30832
7748,Tadcas,1,0.00324,29241,94.83978,30832
7749,tadghh,1,0.00324,29242,94.84302,30832
7750,tahir-ali-uipath,1,0.00324,29243,94.84626,30832
7751,taitasu555,1,0.00324,29244,94.84951,30832
7752,take0420,1,0.00324,29245,94.85275,30832
7753,takebozu,1,0.00324,29246,94.85599,30832
7754,TalkingGood,1,0.00324,29247,94.85924,30832
7755,talnetd,1,0.00324,29248,94.86248,30832
7756,tamasborsstriva,1,0.00324,29249,94.86572,30832
7757,Tamizh-Thiru,1,0.00324,29250,94.86897,30832
7758,tam-pham-ts,1,0.00324,29251,94.87221,30832
7759,Tanc010,1,0.00324,29252,94.87545,30832
7760,tangix,1,0.00324,29253,94.87870,30832
7761,tanishq-dubey,1,0.00324,29254,94.88194,30832
7762,tanlda,1,0.00324,29255,94.88518,30832
7763,tannertaylor,1,0.00324,29256,94.88843,30832
7764,tan-nhu,1,0.00324,29257,94.89167,30832
7765,tarun818,1,0.00324,29258,94.89491,30832
7766,Tarun-Arora,1,0.00324,29259,94.89816,30832
7767,taylor-paul,1,0.00324,29260,94.90140,30832
7768,Taylorzhao,1,0.00324,29261,94.90464,30832
7769,tbaka,1,0.00324,29262,94.90789,30832
7770,tbm48813,1,0.00324,29263,94.91113,30832
7771,tbotnz,1,0.00324,29264,94.91437,30832
7772,tcarac,1,0.00324,29265,94.91762,30832
7773,tcarrondo,1,0.00324,29266,94.92086,30832
7774,tdalbo92,1,0.00324,29267,94.92410,30832
7775,t-davies,1,0.00324,29268,94.92735,30832
7776,TDenisM,1,0.00324,29269,94.93059,30832
7777,TDkekai,1,0.00324,29270,94.93383,30832
7778,tdtu98,1,0.00324,29271,94.93708,30832
7779,techcommdude,1,0.00324,29272,94.94032,30832
7780,techiescamp,1,0.00324,29273,94.94357,30832
7781,technatelogy,1,0.00324,29274,94.94681,30832
7782,Tedmbg,1,0.00324,29275,94.95005,30832
7783,TEDmk,1,0.00324,29276,94.95330,30832
7784,teicher,1,0.00324,29277,94.95654,30832
7785,tekbuds,1,0.00324,29278,94.95978,30832
7786,tenyo,1,0.00324,29279,94.96303,30832
7787,teodosii,1,0.00324,29280,94.96627,30832
7788,teo-en-ming,1,0.00324,29281,94.96951,30832
7789,terbepetra,1,0.00324,29282,94.97276,30832
7790,terencenjr,1,0.00324,29283,94.97600,30832
7791,terry-hasegawa,1,0.00324,29284,94.97924,30832
7792,terrywh,1,0.00324,29285,94.98249,30832
7793,Tesouro-Chris,1,0.00324,29286,94.98573,30832
7794,Test-008,1,0.00324,29287,94.98897,30832
7795,tetra12,1,0.00324,29288,94.99222,30832
7796,tferrari92,1,0.00324,29289,94.99546,30832
7797,tfg4,1,0.00324,29290,94.99870,30832
7798,tghastings,1,0.00324,29291,95.00195,30832
7799,tgrassl,1,0.00324,29292,95.00519,30832
7800,thangarajks,1,0.00324,29293,95.00843,30832
7801,thchan,1,0.00324,29294,95.01168,30832
7802,thdevopssre,1,0.00324,29295,95.01492,30832
7803,theabhinavdas,1,0.00324,29296,95.01816,30832
7804,TheArturthur,1,0.00324,29297,95.02141,30832
7805,Theboycut05,1,0.00324,29298,95.02465,30832
7806,thecloudstudent,1,0.00324,29299,95.02789,30832
7807,TheCorruptCat,1,0.00324,29300,95.03114,30832
7808,TheDevMinerTV,1,0.00324,29301,95.03438,30832
7809,TheFourtyTwo,1,0.00324,29302,95.03762,30832
7810,thegamer1907,1,0.00324,29303,95.04087,30832
7811,thegeekyasian,1,0.00324,29304,95.04411,30832
7812,thegreatco,1,0.00324,29305,95.04735,30832
7813,thehonker,1,0.00324,29306,95.05060,30832
7814,thejar,1,0.00324,29307,95.05384,30832
7815,thenger,1,0.00324,29308,95.05708,30832
7816,theodol59,1,0.00324,29309,95.06033,30832
7817,TheoMorkel,1,0.00324,29310,95.06357,30832
7818,theophanevie,1,0.00324,29311,95.06681,30832
7819,the-plash,1,0.00324,29312,95.07006,30832
7820,thereiam,1,0.00324,29313,95.07330,30832
7821,thesanketnavale,1,0.00324,29314,95.07654,30832
7822,the-tech-pilot,1,0.00324,29315,95.07979,30832
7823,the-vj,1,0.00324,29316,95.08303,30832
7824,thiagoanegreiros,1,0.00324,29317,95.08627,30832
7825,thiborgesnvs,1,0.00324,29318,95.08952,30832
7826,thiennn-neji,1,0.00324,29319,95.09276,30832
7827,thilak007,1,0.00324,29320,95.09600,30832
7828,ThiruKMphasis,1,0.00324,29321,95.09925,30832
7829,thisiskazem,1,0.00324,29322,95.10249,30832
7830,ThomasEhling,1,0.00324,29323,95.10573,30832
7831,thomasjohn9294,1,0.00324,29324,95.10898,30832
7832,ThomasJunk,1,0.00324,29325,95.11222,30832
7833,ThomasLachaux,1,0.00324,29326,95.11546,30832
7834,thomasnal,1,0.00324,29327,95.11871,30832
7835,thomaspeng90s,1,0.00324,29328,95.12195,30832
7836,thomasriera-akkodis,1,0.00324,29329,95.12519,30832
7837,thombashi,1,0.00324,29330,95.12844,30832
7838,thomsgab,1,0.00324,29331,95.13168,30832
7839,thorbendata,1,0.00324,29332,95.13492,30832
7840,thudnlancer,1,0.00324,29333,95.13817,30832
7841,tiagoolifel,1,0.00324,29334,95.14141,30832
7842,tiago-totti,1,0.00324,29335,95.14465,30832
7843,tianmoyeh,1,0.00324,29336,95.14790,30832
7844,tiechengsu,1,0.00324,29337,95.15114,30832
7845,TiferetJackson,1,0.00324,29338,95.15439,30832
7846,tigertall,1,0.00324,29339,95.15763,30832
7847,tikicoder,1,0.00324,29340,95.16087,30832
7848,tilowiklundSensmetry,1,0.00324,29341,95.16412,30832
7849,timohirt,1,0.00324,29342,95.16736,30832
7850,timothy-farestad,1,0.00324,29343,95.17060,30832
7851,TimRazumov,1,0.00324,29344,95.17385,30832
7852,timstokman,1,0.00324,29345,95.17709,30832
7853,timurgaleev,1,0.00324,29346,95.18033,30832
7854,timvdh,1,0.00324,29347,95.18358,30832
7855,tinez,1,0.00324,29348,95.18682,30832
7856,tinoejlerskov,1,0.00324,29349,95.19006,30832
7857,titt,1,0.00324,29350,95.19331,30832
7858,tivanov-qb,1,0.00324,29351,95.19655,30832
7859,tjad,1,0.00324,29352,95.19979,30832
7860,tjgq,1,0.00324,29353,95.20304,30832
7861,tjkozakar,1,0.00324,29354,95.20628,30832
7862,TjlHope,1,0.00324,29355,95.20952,30832
7863,tjuchniewicz,1,0.00324,29356,95.21277,30832
7864,tj-wd,1,0.00324,29357,95.21601,30832
7865,tkanhe-karini,1,0.00324,29358,95.21925,30832
7866,tkasuz,1,0.00324,29359,95.22250,30832
7867,tkowpt,1,0.00324,29360,95.22574,30832
7868,TlalkaM,1,0.00324,29361,95.22898,30832
7869,TLDMain,1,0.00324,29362,95.23223,30832
7870,tm-nadavsh,1,0.00324,29363,95.23547,30832
7871,TmNguyen12,1,0.00324,29364,95.23871,30832
7872,tmokmss,1,0.00324,29365,95.24196,30832
7873,TNarendra62,1,0.00324,29366,95.24520,30832
7874,tnielsen2,1,0.00324,29367,95.24844,30832
7875,TNtuandev,1,0.00324,29368,95.25169,30832
7876,toddejohnson,1,0.00324,29369,95.25493,30832
7877,TomAFrench,1,0.00324,29370,95.25817,30832
7878,tombojer,1,0.00324,29371,95.26142,30832
7879,tomboulos,1,0.00324,29372,95.26466,30832
7880,TomClqncy,1,0.00324,29373,95.26790,30832
7881,Tomor1,1,0.00324,29374,95.27115,30832
7882,tomsit-ionos,1,0.00324,29375,95.27439,30832
7883,tonsiasy,1,0.00324,29376,95.27763,30832
7884,tonu1,1,0.00324,29377,95.28088,30832
7885,tonybart1337,1,0.00324,29378,95.28412,30832
7886,tonymkhael,1,0.00324,29379,95.28736,30832
7887,Tonymzaramo,1,0.00324,29380,95.29061,30832
7888,tonyyu85,1,0.00324,29381,95.29385,30832
7889,tooji,1,0.00324,29382,95.29709,30832
7890,tophercullen,1,0.00324,29383,95.30034,30832
7891,toransahu,1,0.00324,29384,95.30358,30832
7892,torarnv,1,0.00324,29385,95.30682,30832
7893,toreonify,1,0.00324,29386,95.31007,30832
7894,torgus,1,0.00324,29387,95.31331,30832
7895,ToshihitoKon,1,0.00324,29388,95.31655,30832
7896,Toskies,1,0.00324,29389,95.31980,30832
7897,ToTheMax,1,0.00324,29390,95.32304,30832
7898,tourehart,1,0.00324,29391,95.32628,30832
7899,Toutou98,1,0.00324,29392,95.32953,30832
7900,tp-drosssmith,1,0.00324,29393,95.33277,30832
7901,tpfau,1,0.00324,29394,95.33601,30832
7902,tqe1999,1,0.00324,29395,95.33926,30832
7903,traverse1984,1,0.00324,29396,95.34250,30832
7904,travisbell,1,0.00324,29397,95.34574,30832
7905,TribuneX,1,0.00324,29398,95.34899,30832
7906,trinct1412,1,0.00324,29399,95.35223,30832
7907,trodemaster,1,0.00324,29400,95.35547,30832
7908,troxycoru,1,0.00324,29401,95.35872,30832
7909,troymanchester,1,0.00324,29402,95.36196,30832
7910,truj,1,0.00324,29403,95.36520,30832
7911,Trungdo253,1,0.00324,29404,95.36845,30832
7912,truongvh96,1,0.00324,29405,95.37169,30832
7913,truthtrap,1,0.00324,29406,95.37494,30832
7914,Tseyang,1,0.00324,29407,95.37818,30832
7915,tshuma1,1,0.00324,29408,95.38142,30832
7916,tspadi,1,0.00324,29409,95.38467,30832
7917,tspiechaczek,1,0.00324,29410,95.38791,30832
7918,tstirmllnl,1,0.00324,29411,95.39115,30832
7919,tsuz,1,0.00324,29412,95.39440,30832
7920,TTAbwill,1,0.00324,29413,95.39764,30832
7921,ttkyhy,1,0.00324,29414,95.40088,30832
7922,ttron,1,0.00324,29415,95.40413,30832
7923,tusharInferQ,1,0.00324,29416,95.40737,30832
7924,tushar-poddar,1,0.00324,29417,95.41061,30832
7925,tuxlife,1,0.00324,29418,95.41386,30832
7926,tvandenheuvel,1,0.00324,29419,95.41710,30832
7927,tvanderwal-lmco,1,0.00324,29420,95.42034,30832
7928,tvogel,1,0.00324,29421,95.42359,30832
7929,twhalsema,1,0.00324,29422,95.42683,30832
7930,twiclo,1,0.00324,29423,95.43007,30832
7931,twiggy,1,0.00324,29424,95.43332,30832
7932,TWpgo,1,0.00324,29425,95.43656,30832
7933,Tyaba,1,0.00324,29426,95.43980,30832
7934,tyler-boyd,1,0.00324,29427,95.44305,30832
7935,tylerhcarter,1,0.00324,29428,95.44629,30832
7936,TylerStaplerAtFanatics,1,0.00324,29429,95.44953,30832
7937,tynianov1,1,0.00324,29430,95.45278,30832
7938,tziporapraktykum,1,0.00324,29431,95.45602,30832
7939,u3r,1,0.00324,29432,95.45926,30832
7940,uasi,1,0.00324,29433,95.46251,30832
7941,uberjew666,1,0.00324,29434,95.46575,30832
7942,udaybambal,1,0.00324,29435,95.46899,30832
7943,UdayMadhav88,1,0.00324,29436,95.47224,30832
7944,Udhaitester,1,0.00324,29437,95.47548,30832
7945,udservaites,1,0.00324,29438,95.47872,30832
7946,ug-devops,1,0.00324,29439,95.48197,30832
7947,uhofemeier,1,0.00324,29440,95.48521,30832
7948,Uiopas,1,0.00324,29441,95.48845,30832
7949,uishon,1,0.00324,29442,95.49170,30832
7950,ujain6,1,0.00324,29443,95.49494,30832
7951,ujjawal-khare,1,0.00324,29444,95.49818,30832
7952,uk1988,1,0.00324,29445,95.50143,30832
7953,ulidtko,1,0.00324,29446,95.50467,30832
7954,ULOCKFIXED,1,0.00324,29447,95.50791,30832
7955,Ultima1252,1,0.00324,29448,95.51116,30832
7956,UltimatePancake,1,0.00324,29449,95.51440,30832
7957,ulvish,1,0.00324,29450,95.51764,30832
7958,Ulysess-Z,1,0.00324,29451,95.52089,30832
7959,UmanGarbag,1,0.00324,29452,95.52413,30832
7960,umid-podo,1,0.00324,29453,95.52737,30832
7961,umpa385,1,0.00324,29454,95.53062,30832
7962,umpc,1,0.00324,29455,95.53386,30832
7963,uncle-tee,1,0.00324,29456,95.53710,30832
7964,undecidedapollo,1,0.00324,29457,95.54035,30832
7965,undefinedopcode,1,0.00324,29458,95.54359,30832
7966,unexpectedxx,1,0.00324,29459,95.54683,30832
7967,uniquejava,1,0.00324,29460,95.55008,30832
7968,Universe07,1,0.00324,29461,95.55332,30832
7969,unknownbanana,1,0.00324,29462,95.55656,30832
7970,unryo,1,0.00324,29463,95.55981,30832
7971,unsigned23,1,0.00324,29464,95.56305,30832
7972,UnsolvedCypher,1,0.00324,29465,95.56629,30832
7973,UOndro,1,0.00324,29466,95.56954,30832
7974,uratianandkumarintegramicro,1,0.00324,29467,95.57278,30832
7975,user13421,1,0.00324,29468,95.57602,30832
7976,userzhangqg,1,0.00324,29469,95.57927,30832
7977,usharik,1,0.00324,29470,95.58251,30832
7978,Uva-Vj,1,0.00324,29471,95.58576,30832
7979,vadimi-ep,1,0.00324,29472,95.58900,30832
7980,Vagab,1,0.00324,29473,95.59224,30832
7981,vaibhavgoel28,1,0.00324,29474,95.59549,30832
7982,Val,1,0.00324,29475,95.59873,30832
7983,valageri,1,0.00324,29476,95.60197,30832
7984,Valdenhub,1,0.00324,29477,95.60522,30832
7985,valebes,1,0.00324,29478,95.60846,30832
7986,ValentaTomas,1,0.00324,29479,95.61170,30832
7987,valentin-ed,1,0.00324,29480,95.61495,30832
7988,ValentinLevier,1,0.00324,29481,95.61819,30832
7989,valentinowyhnel,1,0.00324,29482,95.62143,30832
7990,valner,1,0.00324,29483,95.62468,30832
7991,valsv,1,0.00324,29484,95.62792,30832
7992,vamsibandarupalli,1,0.00324,29485,95.63116,30832
7993,vandewillysilva,1,0.00324,29486,95.63441,30832
7994,VanessaDiniz,1,0.00324,29487,95.63765,30832
7995,varampati6,1,0.00324,29488,95.64089,30832
7996,VardyNg,1,0.00324,29489,95.64414,30832
7997,var-i,1,0.00324,29490,95.64738,30832
7998,VarshaKamble-pi-labs,1,0.00324,29491,95.65062,30832
7999,varunborar,1,0.00324,29492,95.65387,30832
8000,VarunG-glitch,1,0.00324,29493,95.65711,30832
8001,varun-kobai,1,0.00324,29494,95.66035,30832
8002,VaseemFathima-36,1,0.00324,29495,95.66360,30832
8003,vasilestefirta,1,0.00324,29496,95.66684,30832
8004,vbrik,1,0.00324,29497,95.67008,30832
8005,Vbubblery,1,0.00324,29498,95.67333,30832
8006,vcill,1,0.00324,29499,95.67657,30832
8007,vcscsvcscs,1,0.00324,29500,95.67981,30832
8008,vdepatla,1,0.00324,29501,95.68306,30832
8009,vedant-8680,1,0.00324,29502,95.68630,30832
8010,vedpd11,1,0.00324,29503,95.68954,30832
8011,VelvetEllmero,1,0.00324,29504,95.69279,30832
8012,vember31,1,0.00324,29505,95.69603,30832
8013,venkat7294,1,0.00324,29506,95.69927,30832
8014,venkatadivvi,1,0.00324,29507,95.70252,30832
8015,venkateshsredhat,1,0.00324,29508,95.70576,30832
8016,VenturiEffect02,1,0.00324,29509,95.70900,30832
8017,venugopal-aadi,1,0.00324,29510,95.71225,30832
8018,vepetkov,1,0.00324,29511,95.71549,30832
8019,vermontGuy,1,0.00324,29512,95.71873,30832
8020,veselink1,1,0.00324,29513,95.72198,30832
8021,veselinoWiktor,1,0.00324,29514,95.72522,30832
8022,vhakulinen,1,0.00324,29515,95.72846,30832
8023,VianSanjaya,1,0.00324,29516,95.73171,30832
8024,vicbentuupc,1,0.00324,29517,95.73495,30832
8025,vicky724,1,0.00324,29518,95.73819,30832
8026,victor-a-valencia,1,0.00324,29519,95.74144,30832
8027,Victorblsilveira,1,0.00324,29520,95.74468,30832
8028,VictorChen77,1,0.00324,29521,95.74792,30832
8029,VidsRox,1,0.00324,29522,95.75117,30832
8030,vietnguyenmipro,1,0.00324,29523,95.75441,30832
8031,vikarnazbl,1,0.00324,29524,95.75765,30832
8032,vikashmuktha,1,0.00324,29525,95.76090,30832
8033,viktordienes,1,0.00324,29526,95.76414,30832
8034,villainb-dg,1,0.00324,29527,95.76738,30832
8035,vimace2003,1,0.00324,29528,95.77063,30832
8036,vimagick,1,0.00324,29529,95.77387,30832
8037,VimalFrancis78,1,0.00324,29530,95.77711,30832
8038,Vincent-Bobo,1,0.00324,29531,95.78036,30832
8039,vincentye38,1,0.00324,29532,95.78360,30832
8040,vincentyrl,1,0.00324,29533,95.78684,30832
8041,vineethmn,1,0.00324,29534,95.79009,30832
8042,Vinesh9224,1,0.00324,29535,95.79333,30832
8043,vinicius-bastos,1,0.00324,29536,95.79657,30832
8044,viniciusclerod,1,0.00324,29537,95.79982,30832
8045,vinkamath,1,0.00324,29538,95.80306,30832
8046,VinnyWan,1,0.00324,29539,95.80631,30832
8047,vinothsa4891,1,0.00324,29540,95.80955,30832
8048,vinothvenkatachalam2406,1,0.00324,29541,95.81279,30832
8049,Vinujaaa,1,0.00324,29542,95.81604,30832
8050,vinycloud,1,0.00324,29543,95.81928,30832
8051,VinzSpring,1,0.00324,29544,95.82252,30832
8052,VioIet233,1,0.00324,29545,95.82577,30832
8053,vipinsankhhwar,1,0.00324,29546,95.82901,30832
8054,viralpatelv29,1,0.00324,29547,95.83225,30832
8055,vishal-develop-web,1,0.00324,29548,95.83550,30832
8056,vitalmotif,1,0.00324,29549,95.83874,30832
8057,vitalyla,1,0.00324,29550,95.84198,30832
8058,vitaly-sinev,1,0.00324,29551,95.84523,30832
8059,vitasek01,1,0.00324,29552,95.84847,30832
8060,vitorscassiano,1,0.00324,29553,95.85171,30832
8061,vivek-siva,1,0.00324,29554,95.85496,30832
8062,V-know,1,0.00324,29555,95.85820,30832
8063,vku-ibm,1,0.00324,29556,95.86144,30832
8064,vladelleus,1,0.00324,29557,95.86469,30832
8065,vladimir-lu,1,0.00324,29558,95.86793,30832
8066,VladislavGeneDx,1,0.00324,29559,95.87117,30832
8067,vladmiller,1,0.00324,29560,95.87442,30832
8068,vlasov-y,1,0.00324,29561,95.87766,30832
8069,vlogachev-bd,1,0.00324,29562,95.88090,30832
8070,vlovich,1,0.00324,29563,95.88415,30832
8071,voidsp-rick,1,0.00324,29564,95.88739,30832
8072,volkerhess2,1,0.00324,29565,95.89063,30832
8073,VoOneCode,1,0.00324,29566,95.89388,30832
8074,vos139,1,0.00324,29567,95.89712,30832
8075,vputsenko,1,0.00324,29568,95.90036,30832
8076,vr4manta,1,0.00324,29569,95.90361,30832
8077,vreddhi,1,0.00324,29570,95.90685,30832
8078,vschoener,1,0.00324,29571,95.91009,30832
8079,vucong2409,1,0.00324,29572,95.91334,30832
8080,vuthongkms,1,0.00324,29573,95.91658,30832
8081,vverma01232,1,0.00324,29574,95.91982,30832
8082,w0aw,1,0.00324,29575,95.92307,30832
8083,w0rmr1d3r,1,0.00324,29576,95.92631,30832
8084,waarmond,1,0.00324,29577,95.92955,30832
8085,wade-liwei,1,0.00324,29578,95.93280,30832
8086,wad-hongsumin,1,0.00324,29579,95.93604,30832
8087,wadhwakabir,1,0.00324,29580,95.93928,30832
8088,waker-wang,1,0.00324,29581,95.94253,30832
8089,wali97,1,0.00324,29582,95.94577,30832
8090,waliamaheep,1,0.00324,29583,95.94901,30832
8091,walkingeyerobot,1,0.00324,29584,95.95226,30832
8092,wallner,1,0.00324,29585,95.95550,30832
8093,WamboOSX,1,0.00324,29586,95.95874,30832
8094,wandb-zacharyblasczyk,1,0.00324,29587,95.96199,30832
8095,wanderzirkus,1,0.00324,29588,95.96523,30832
8096,wangch1030,1,0.00324,29589,95.96847,30832
8097,wangchao777,1,0.00324,29590,95.97172,30832
8098,wanghaEMQ,1,0.00324,29591,95.97496,30832
8099,wangmian123,1,0.00324,29592,95.97820,30832
8100,wangtaotao0524,1,0.00324,29593,95.98145,30832
8101,WangZhen-Ddm,1,0.00324,29594,95.98469,30832
8102,waqasabdul,1,0.00324,29595,95.98793,30832
8103,warchal-tomasz,1,0.00324,29596,95.99118,30832
8104,WarWolf89,1,0.00324,29597,95.99442,30832
8105,waterbuckit,1,0.00324,29598,95.99766,30832
8106,wbezerra81,1,0.00324,29599,96.00091,30832
8107,wbmillogo,1,0.00324,29600,96.00415,30832
8108,wconti27,1,0.00324,29601,96.00739,30832
8109,wearetyomsmnv,1,0.00324,29602,96.01064,30832
8110,weihao-statsig,1,0.00324,29603,96.01388,30832
8111,weiluntong,1,0.00324,29604,96.01713,30832
8112,weiye-Lee,1,0.00324,29605,96.02037,30832
8113,weiyuhang2011,1,0.00324,29606,96.02361,30832
8114,wendeee,1,0.00324,29607,96.02686,30832
8115,wesbragagt,1,0.00324,29608,96.03010,30832
8116,weslem,1,0.00324,29609,96.03334,30832
8117,WesleyJammer,1,0.00324,29610,96.03659,30832
8118,WesleyYue,1,0.00324,29611,96.03983,30832
8119,wfschneider,1,0.00324,29612,96.04307,30832
8120,wges,1,0.00324,29613,96.04632,30832
8121,whatAboutluv,1,0.00324,29614,96.04956,30832
8122,Wherever2,1,0.00324,29615,96.05280,30832
8123,whispercan9,1,0.00324,29616,96.05605,30832
8124,whizyrel,1,0.00324,29617,96.05929,30832
8125,whutchis23,1,0.00324,29618,96.06253,30832
8126,why-pro,1,0.00324,29619,96.06578,30832
8127,Wickasanew,1,0.00324,29620,96.06902,30832
8128,WillDaSilva,1,0.00324,29621,96.07226,30832
8129,william-araujo-dock,1,0.00324,29622,96.07551,30832
8130,williamkubecost,1,0.00324,29623,96.07875,30832
8131,willifehler,1,0.00324,29624,96.08199,30832
8132,will-seven,1,0.00324,29625,96.08524,30832
8133,willyborankin,1,0.00324,29626,96.08848,30832
8134,wintermute0,1,0.00324,29627,96.09172,30832
8135,WinterReisende,1,0.00324,29628,96.09497,30832
8136,winty56,1,0.00324,29629,96.09821,30832
8137,wiredsource,1,0.00324,29630,96.10145,30832
8138,wissemEddineSouilhi,1,0.00324,29631,96.10470,30832
8139,Wittman80,1,0.00324,29632,96.10794,30832
8140,wjswhdgus123,1,0.00324,29633,96.11118,30832
8141,wmada,1,0.00324,29634,96.11443,30832
8142,wmcnamee-coreweave,1,0.00324,29635,96.11767,30832
8143,wojtekk,1,0.00324,29636,96.12091,30832
8144,wood-jp,1,0.00324,29637,96.12416,30832
8145,woojh3690,1,0.00324,29638,96.12740,30832
8146,worksForM3,1,0.00324,29639,96.13064,30832
8147,Wouter-M,1,0.00324,29640,96.13389,30832
8148,WoutResseler,1,0.00324,29641,96.13713,30832
8149,wpplane,1,0.00324,29642,96.14037,30832
8150,wq9578,1,0.00324,29643,96.14362,30832
8151,wrathinmind,1,0.00324,29644,96.14686,30832
8152,wr-fmbah,1,0.00324,29645,96.15010,30832
8153,wsaeed-tkxel,1,0.00324,29646,96.15335,30832
8154,wsndn7,1,0.00324,29647,96.15659,30832
8155,wsnjxfy,1,0.00324,29648,96.15983,30832
8156,wuhuaniu707,1,0.00324,29649,96.16308,30832
8157,Wulfheart,1,0.00324,29650,96.16632,30832
8158,wusland,1,0.00324,29651,96.16956,30832
8159,wwatercola,1,0.00324,29652,96.17281,30832
8160,wwojciechp,1,0.00324,29653,96.17605,30832
8161,wwu,1,0.00324,29654,96.17929,30832
8162,WyrickC,1,0.00324,29655,96.18254,30832
8163,wzyjhrl,1,0.00324,29656,96.18578,30832
8164,x-0D,1,0.00324,29657,96.18902,30832
8165,xACE123,1,0.00324,29658,96.19227,30832
8166,xBlaz3kx,1,0.00324,29659,96.19551,30832
8167,xbxty,1,0.00324,29660,96.19875,30832
8168,xepa,1,0.00324,29661,96.20200,30832
8169,xerberde,1,0.00324,29662,96.20524,30832
8170,xf0e,1,0.00324,29663,96.20848,30832
8171,XFNeo,1,0.00324,29664,96.21173,30832
8172,xhd2015,1,0.00324,29665,96.21497,30832
8173,xiabai84,1,0.00324,29666,96.21821,30832
8174,Xiangcai-Zhang,1,0.00324,29667,96.22146,30832
8175,XiangningLi,1,0.00324,29668,96.22470,30832
8176,xianxuhua,1,0.00324,29669,96.22794,30832
8177,xiao66xiang,1,0.00324,29670,96.23119,30832
8178,xiaoleitongxue,1,0.00324,29671,96.23443,30832
8179,xiaoyuan2019,1,0.00324,29672,96.23768,30832
8180,XIAZY,1,0.00324,29673,96.24092,30832
8181,xiepuhuan,1,0.00324,29674,96.24416,30832
8182,xifeng,1,0.00324,29675,96.24741,30832
8183,xinxin-stripe,1,0.00324,29676,96.25065,30832
8184,xiyuanba,1,0.00324,29677,96.25389,30832
8185,xkursatx,1,0.00324,29678,96.25714,30832
8186,xl204431,1,0.00324,29679,96.26038,30832
8187,XLPI,1,0.00324,29680,96.26362,30832
8188,xman1979,1,0.00324,29681,96.26687,30832
8189,xmh1011,1,0.00324,29682,96.27011,30832
8190,xnull,1,0.00324,29683,96.27335,30832
8191,xpan0616,1,0.00324,29684,96.27660,30832
8192,xqm32,1,0.00324,29685,96.27984,30832
8193,xrsanet,1,0.00324,29686,96.28308,30832
8194,xt0ph,1,0.00324,29687,96.28633,30832
8195,xuanlongvts,1,0.00324,29688,96.28957,30832
8196,xumjbn,1,0.00324,29689,96.29281,30832
8197,xuyinjiesh,1,0.00324,29690,96.29606,30832
8198,XXXandr84,1,0.00324,29691,96.29930,30832
8199,y2k2005,1,0.00324,29692,96.30254,30832
8200,y2kbugger,1,0.00324,29693,96.30579,30832
8201,yafooz,1,0.00324,29694,96.30903,30832
8202,YahyaMohamedYahya,1,0.00324,29695,96.31227,30832
8203,Yakuza-UA,1,0.00324,29696,96.31552,30832
8204,yamateh,1,0.00324,29697,96.31876,30832
8205,yami-kami,1,0.00324,29698,96.32200,30832
8206,Yan0613,1,0.00324,29699,96.32525,30832
8207,YangBrooksHan,1,0.00324,29700,96.32849,30832
8208,Yang-Hong-Rui,1,0.00324,29701,96.33173,30832
8209,yangliuan369,1,0.00324,29702,96.33498,30832
8210,yangwanggaofeng,1,0.00324,29703,96.33822,30832
8211,yangzuo0621,1,0.00324,29704,96.34146,30832
8212,YanisaHS,1,0.00324,29705,96.34471,30832
8213,Yann39,1,0.00324,29706,96.34795,30832
8214,YanthonyYan209,1,0.00324,29707,96.35119,30832
8215,yaram,1,0.00324,29708,96.35444,30832
8216,yardenlaif,1,0.00324,29709,96.35768,30832
8217,yas8say,1,0.00324,29710,96.36092,30832
8218,yashjain10038,1,0.00324,29711,96.36417,30832
8219,yash-sharma123456,1,0.00324,29712,96.36741,30832
8220,yasithab,1,0.00324,29713,96.37065,30832
8221,yavorivanov-cw,1,0.00324,29714,96.37390,30832
8222,YAYAXZM,1,0.00324,29715,96.37714,30832
8223,ybaldus,1,0.00324,29716,96.38038,30832
8224,Ybbbbbbbbbbb,1,0.00324,29717,96.38363,30832
8225,yctsoi0,1,0.00324,29718,96.38687,30832
8226,yeahx,1,0.00324,29719,96.39011,30832
8227,YelenaYY,1,0.00324,29720,96.39336,30832
8228,yener-azs,1,0.00324,29721,96.39660,30832
8229,yesiamchinese,1,0.00324,29722,96.39984,30832
8230,yetyear,1,0.00324,29723,96.40309,30832
8231,ygabuev,1,0.00324,29724,96.40633,30832
8232,Yghore,1,0.00324,29725,96.40957,30832
8233,yifan513,1,0.00324,29726,96.41282,30832
8234,yingsamsung,1,0.00324,29727,96.41606,30832
8235,yinluming13579,1,0.00324,29728,96.41930,30832
8236,yipal,1,0.00324,29729,96.42255,30832
8237,Yiqing-Liu,1,0.00324,29730,96.42579,30832
8238,yiytan,1,0.00324,29731,96.42903,30832
8239,yizeng,1,0.00324,29732,96.43228,30832
8240,yizhang81,1,0.00324,29733,96.43552,30832
8241,yjsnly,1,0.00324,29734,96.43876,30832
8242,yjyfornetlab,1,0.00324,29735,96.44201,30832
8243,y-kakui-dal,1,0.00324,29736,96.44525,30832
8244,y-kawawa,1,0.00324,29737,96.44850,30832
8245,ykidev,1,0.00324,29738,96.45174,30832
8246,yldylg,1,0.00324,29739,96.45498,30832
8247,yoanho,1,0.00324,29740,96.45823,30832
8248,yogesh-ti,1,0.00324,29741,96.46147,30832
8249,yogeshvishnole,1,0.00324,29742,96.46471,30832
8250,Yongqi-Zhuo,1,0.00324,29743,96.46796,30832
8251,youdh1117,1,0.00324,29744,96.47120,30832
8252,youssefBa1,1,0.00324,29745,96.47444,30832
8253,yousunlux,1,0.00324,29746,96.47769,30832
8254,yoyoraso,1,0.00324,29747,96.48093,30832
8255,yrfanxyu,1,0.00324,29748,96.48417,30832
8256,yrodiere,1,0.00324,29749,96.48742,30832
8257,yrshah,1,0.00324,29750,96.49066,30832
8258,ysbqiaqia,1,0.00324,29751,96.49390,30832
8259,ysfess22,1,0.00324,29752,96.49715,30832
8260,Ytipytiman,1,0.00324,29753,96.50039,30832
8261,ytlm,1,0.00324,29754,96.50363,30832
8262,yuanhang-zhou,1,0.00324,29755,96.50688,30832
8263,yuanwang04,1,0.00324,29756,96.51012,30832
8264,yufooi,1,0.00324,29757,96.51336,30832
8265,yujian225,1,0.00324,29758,96.51661,30832
8266,YukiCoco,1,0.00324,29759,96.51985,30832
8267,YunanJeong,1,0.00324,29760,96.52309,30832
8268,YunHe3,1,0.00324,29761,96.52634,30832
8269,yurirocha15,1,0.00324,29762,96.52958,30832
8270,yurnov,1,0.00324,29763,96.53282,30832
8271,yuusungwoo,1,0.00324,29764,96.53607,30832
8272,yuvale322,1,0.00324,29765,96.53931,30832
8273,yvjessestephens,1,0.00324,29766,96.54255,30832
8274,yvonnekw,1,0.00324,29767,96.54580,30832
8275,ywy377,1,0.00324,29768,96.54904,30832
8276,yyj1827,1,0.00324,29769,96.55228,30832
8277,yz2001zzx,1,0.00324,29770,96.55553,30832
8278,yzapf,1,0.00324,29771,96.55877,30832
8279,yzinkovets,1,0.00324,29772,96.56201,30832
8280,z4kn4fein,1,0.00324,29773,96.56526,30832
8281,ZacharyACoon,1,0.00324,29774,96.56850,30832
8282,zacharygoh,1,0.00324,29775,96.57174,30832
8283,zac-market,1,0.00324,29776,96.57499,30832
8284,zahid-iqbal-alpha,1,0.00324,29777,96.57823,30832
8285,ZainRizvi,1,0.00324,29778,96.58147,30832
8286,zakcrawfordjp,1,0.00324,29779,96.58472,30832
8287,ZavierLyu,1,0.00324,29780,96.58796,30832
8288,zawistowskipiotr,1,0.00324,29781,96.59120,30832
8289,zbcon,1,0.00324,29782,96.59445,30832
8290,zbd20,1,0.00324,29783,96.59769,30832
8291,zby0188,1,0.00324,29784,96.60093,30832
8292,zdns-wuhaochen,1,0.00324,29785,96.60418,30832
8293,Zeck69,1,0.00324,29786,96.60742,30832
8294,zeebonk,1,0.00324,29787,96.61066,30832
8295,zee-hussain,1,0.00324,29788,96.61391,30832
8296,Zehraacu,1,0.00324,29789,96.61715,30832
8297,zeko77,1,0.00324,29790,96.62039,30832
8298,zenarcher007,1,0.00324,29791,96.62364,30832
8299,zengfann,1,0.00324,29792,96.62688,30832
8300,zhan81776075,1,0.00324,29793,96.63012,30832
8301,ZhangHaoQ,1,0.00324,29794,96.63337,30832
8302,zhangQiWorr,1,0.00324,29795,96.63661,30832
8303,ZhangWei-KUMO,1,0.00324,29796,96.63985,30832
8304,zhaohaihang,1,0.00324,29797,96.64310,30832
8305,zhaokangjin,1,0.00324,29798,96.64634,30832
8306,ZhaoX,1,0.00324,29799,96.64958,30832
8307,zhehao-grafana,1,0.00324,29800,96.65283,30832
8308,zhengfeiwang,1,0.00324,29801,96.65607,30832
8309,ZhengShunhua,1,0.00324,29802,96.65931,30832
8310,zhifanl,1,0.00324,29803,96.66256,30832
8311,zhucc,1,0.00324,29804,96.66580,30832
8312,zhujg6,1,0.00324,29805,96.66905,30832
8313,Zhu-VISH,1,0.00324,29806,96.67229,30832
8314,zhuxw,1,0.00324,29807,96.67553,30832
8315,zhxiaohe,1,0.00324,29808,96.67878,30832
8316,zied-chekir,1,0.00324,29809,96.68202,30832
8317,ZikBurns,1,0.00324,29810,96.68526,30832
8318,ZiqianXu,1,0.00324,29811,96.68851,30832
8319,zMynxx,1,0.00324,29812,96.69175,30832
8320,zodd3131,1,0.00324,29813,96.69499,30832
8321,zodilib,1,0.00324,29814,96.69824,30832
8322,zongen01,1,0.00324,29815,96.70148,30832
8323,ZouhaierSebri,1,0.00324,29816,96.70472,30832
8324,zozo,1,0.00324,29817,96.70797,30832
8325,zp4rand0miz31,1,0.00324,29818,96.71121,30832
8326,zprd,1,0.00324,29819,96.71445,30832
8327,zrywby,1,0.00324,29820,96.71770,30832
8328,zschumacher,1,0.00324,29821,96.72094,30832
8329,zskalicky,1,0.00324,29822,96.72418,30832
8330,zsummer215,1,0.00324,29823,96.72743,30832
8331,zuoyangs,1,0.00324,29824,96.73067,30832
8332,Zurvarian,1,0.00324,29825,96.73391,30832
8333,zwmyxzs,1,0.00324,29826,96.73716,30832
8334,zx12345678910,1,0.00324,29827,96.74040,30832
8335,zxustc,1,0.00324,29828,96.74364,30832
8336,zyc1006,1,0.00324,29829,96.74689,30832
8337,zyx199518,1,0.00324,29830,96.75013,30832
8338,zz913922,1,0.00324,29831,96.75337,30832
8339,zzhlogin,1,0.00324,29832,96.75662,30832
