rank_number,actor,contributions,percent,cumulative_sum,cumulative_percent,all_contributions
1,lbroudoux,4174,81.11154,4174,81.11154,5146
2,hguerrero,71,1.37971,4245,82.49126,5146
3,nmasse-itix,48,0.93276,4293,83.42402,5146
4,narioinc,30,0.58298,4323,84.00700,5146
5,195858,29,0.56354,4352,84.57054,5146
6,imod,27,0.52468,4379,85.09522,5146
7,yoadmike,26,0.50525,4405,85.60047,5146
8,john873950,22,0.42752,4427,86.02798,5146
9,tillias,22,0.42752,4449,86.45550,5146
10,jonaslagoni,19,0.36922,4468,86.82472,5146
11,molteninjabob,17,0.33035,4485,87.15507,5146
12,LevinGuy,16,0.31092,4501,87.46599,5146
13,dorianbrun,15,0.29149,4516,87.75748,5146
14,lucamaf,15,0.29149,4531,88.04897,5146
15,aniketvsawant,13,0.25262,4544,88.30159,5146
16,sfraigneau,13,0.25262,4557,88.55422,5146
17,crismarfr,12,0.23319,4569,88.78741,5146
18,fhopfensperger,12,0.23319,4581,89.02060,5146
19,miguelchicoespin,12,0.23319,4593,89.25379,5146
20,vishalmgada,12,0.23319,4605,89.48698,5146
21,dhiemaz,11,0.21376,4616,89.70074,5146
22,timchase01,11,0.21376,4627,89.91450,5146
23,aoudiamoncef,9,0.17489,4636,90.08939,5146
24,ChristianHauwert,9,0.17489,4645,90.26428,5146
25,FilipShavash,9,0.17489,4654,90.43918,5146
26,denrolya,8,0.15546,4662,90.59464,5146
27,mhockelberg,8,0.15546,4670,90.75010,5146
28,shavo007,8,0.15546,4678,90.90556,5146
29,yahehe,8,0.15546,4686,91.06102,5146
30,zhushendhh,8,0.15546,4694,91.21648,5146
31,alexespejo,7,0.13603,4701,91.35251,5146
32,carolgschwend,7,0.13603,4708,91.48853,5146
33,meyyazhagan,7,0.13603,4715,91.62456,5146
34,ruromero,7,0.13603,4722,91.76059,5146
35,alexespejoch,6,0.11660,4728,91.87719,5146
36,geekdeb,6,0.11660,4734,91.99378,5146
37,Hassen-BENNOUR,6,0.11660,4740,92.11038,5146
38,jennerEVRFLL,6,0.11660,4746,92.22697,5146
39,kotaanudeep,6,0.11660,4752,92.34357,5146
40,mahgo,6,0.11660,4758,92.46016,5146
41,mhkarimi1383,6,0.11660,4764,92.57676,5146
42,RoopaVenkatesh,6,0.11660,4770,92.69335,5146
43,slessard,6,0.11660,4776,92.80995,5146
44,spencer-cheng,6,0.11660,4782,92.92654,5146
45,zion3mx,6,0.11660,4788,93.04314,5146
46,adrims,5,0.09716,4793,93.14030,5146
47,dicolasi,5,0.09716,4798,93.23747,5146
48,essential-randomness,5,0.09716,4803,93.33463,5146
49,gayanper,5,0.09716,4808,93.43179,5146
50,graydo64,5,0.09716,4813,93.52895,5146
51,haf-tech,5,0.09716,4818,93.62612,5146
52,jonathanvila,5,0.09716,4823,93.72328,5146
53,lahiruk,5,0.09716,4828,93.82044,5146
54,leilaslimani,5,0.09716,4833,93.91761,5146
55,manuel-padovani,5,0.09716,4838,94.01477,5146
56,marsou77,5,0.09716,4843,94.11193,5146
57,mflasquin,5,0.09716,4848,94.20909,5146
58,niraveen,5,0.09716,4853,94.30626,5146
59,NissesSenap,5,0.09716,4858,94.40342,5146
60,wlaw868,5,0.09716,4863,94.50058,5146
61,cs0978,4,0.07773,4867,94.57831,5146
62,HassanAzam,4,0.07773,4871,94.65604,5146
63,ikanel,4,0.07773,4875,94.73377,5146
64,jorgeromeral,4,0.07773,4879,94.81150,5146
65,matteocastellotti,4,0.07773,4883,94.88923,5146
66,my-flow,4,0.07773,4887,94.96696,5146
67,Renanh,4,0.07773,4891,95.04469,5146
68,saxicek,4,0.07773,4895,95.12243,5146
69,sercastiGL,4,0.07773,4899,95.20016,5146
70,smtdmrll,4,0.07773,4903,95.27789,5146
71,a459787545,3,0.05830,4906,95.33618,5146
72,AgentBurgundy,3,0.05830,4909,95.39448,5146
73,Alekzsccp,3,0.05830,4912,95.45278,5146
74,AndrewBell,3,0.05830,4915,95.51108,5146
75,anselmhou,3,0.05830,4918,95.56937,5146
76,aygalinc,3,0.05830,4921,95.62767,5146
77,bodograumann,3,0.05830,4924,95.68597,5146
78,claorden,3,0.05830,4927,95.74427,5146
79,collabnix,3,0.05830,4930,95.80257,5146
80,dmarrazzo,3,0.05830,4933,95.86086,5146
81,EricWittmann,3,0.05830,4936,95.91916,5146
82,ex324,3,0.05830,4939,95.97746,5146
83,Eyolon,3,0.05830,4942,96.03576,5146
84,fab66m,3,0.05830,4945,96.09405,5146
85,gsaslis,3,0.05830,4948,96.15235,5146
86,ivanboytsov,3,0.05830,4951,96.21065,5146
87,JasonMiesionczek,3,0.05830,4954,96.26895,5146
88,jgonzalezcloudappi,3,0.05830,4957,96.32724,5146
89,ludovic-pourrat,3,0.05830,4960,96.38554,5146
90,mjaeggi,3,0.05830,4963,96.44384,5146
91,mondeep-maity,3,0.05830,4966,96.50214,5146
92,nneul,3,0.05830,4969,96.56044,5146
93,os-learner,3,0.05830,4972,96.61873,5146
94,pcuriel,3,0.05830,4975,96.67703,5146
95,pmamico,3,0.05830,4978,96.73533,5146
96,saritapol13,3,0.05830,4981,96.79363,5146
97,s-krawczyk,3,0.05830,4984,96.85192,5146
98,sleevezip,3,0.05830,4987,96.91022,5146
99,trinhpham,3,0.05830,4990,96.96852,5146
100,vmary2014,3,0.05830,4993,97.02682,5146
101,whitfiea,3,0.05830,4996,97.08511,5146
102,Yuutakasan,3,0.05830,4999,97.14341,5146
103,ALMARRI,2,0.03887,5001,97.18228,5146
104,aomega08,2,0.03887,5003,97.22114,5146
105,arnauddutilleul,2,0.03887,5005,97.26001,5146
106,aroak,2,0.03887,5007,97.29887,5146
107,Arthuriuss,2,0.03887,5009,97.33774,5146
108,ChristianLangmann,2,0.03887,5011,97.37660,5146
109,dalelane,2,0.03887,5013,97.41547,5146
110,damianlezcano,2,0.03887,5015,97.45433,5146
111,dannyvargas23,2,0.03887,5017,97.49320,5146
112,dbl81,2,0.03887,5019,97.53206,5146
113,deanpeterson,2,0.03887,5021,97.57093,5146
114,dewrich,2,0.03887,5023,97.60979,5146
115,doranych,2,0.03887,5025,97.64866,5146
116,efpee,2,0.03887,5027,97.68752,5146
117,fgoforth,2,0.03887,5029,97.72639,5146
118,francesco-peleggi,2,0.03887,5031,97.76525,5146
119,GuillaumeGONANO,2,0.03887,5033,97.80412,5146
120,khuong507,2,0.03887,5035,97.84298,5146
121,kivesCA,2,0.03887,5037,97.88185,5146
122,LSzelecsenyi,2,0.03887,5039,97.92072,5146
123,lucbpz,2,0.03887,5041,97.95958,5146
124,luisQAsis,2,0.03887,5043,97.99845,5146
125,malins,2,0.03887,5045,98.03731,5146
126,matheussbernardo,2,0.03887,5047,98.07618,5146
127,mot256,2,0.03887,5049,98.11504,5146
128,nehrman,2,0.03887,5051,98.15391,5146
129,robvalk,2,0.03887,5053,98.19277,5146
130,roxana-sterca,2,0.03887,5055,98.23164,5146
131,samsd21,2,0.03887,5057,98.27050,5146
132,sdupont,2,0.03887,5059,98.30937,5146
133,sercasti,2,0.03887,5061,98.34823,5146
134,stoimendhristov,2,0.03887,5063,98.38710,5146
135,TamimiGitHub,2,0.03887,5065,98.42596,5146
136,tstmrk,2,0.03887,5067,98.46483,5146
137,Uilen1,2,0.03887,5069,98.50369,5146
138,vrakoton,2,0.03887,5071,98.54256,5146
139,WaleedAshraf,2,0.03887,5073,98.58142,5146
140,willemm,2,0.03887,5075,98.62029,5146
141,Yanju89,2,0.03887,5077,98.65915,5146
142,2phost,1,0.01943,5078,98.67859,5146
143,4ebyrek,1,0.01943,5079,98.69802,5146
144,abinet,1,0.01943,5080,98.71745,5146
145,akakarikos,1,0.01943,5081,98.73688,5146
146,alexec,1,0.01943,5082,98.75632,5146
147,andrewdavidmackenzie,1,0.01943,5083,98.77575,5146
148,andycmaj,1,0.01943,5084,98.79518,5146
149,arjunprasad2143,1,0.01943,5085,98.81461,5146
150,askfor,1,0.01943,5086,98.83405,5146
151,AteDev,1,0.01943,5087,98.85348,5146
152,benja-M-1,1,0.01943,5088,98.87291,5146
153,bhbsolutions,1,0.01943,5089,98.89234,5146
154,blackPanther39,1,0.01943,5090,98.91178,5146
155,btison,1,0.01943,5091,98.93121,5146
156,camilamacedo86,1,0.01943,5092,98.95064,5146
157,chris93111,1,0.01943,5093,98.97007,5146
158,clerixmaxime,1,0.01943,5094,98.98951,5146
159,CurtisEppel,1,0.01943,5095,99.00894,5146
160,DeanPack,1,0.01943,5096,99.02837,5146
161,derberg,1,0.01943,5097,99.04780,5146
162,devcovato,1,0.01943,5098,99.06724,5146
163,dhartford,1,0.01943,5099,99.08667,5146
164,ecyrbe,1,0.01943,5100,99.10610,5146
165,fleed,1,0.01943,5101,99.12553,5146
166,forceedge01,1,0.01943,5102,99.14497,5146
167,frdrcrlt,1,0.01943,5103,99.16440,5146
168,ghostsquad,1,0.01943,5104,99.18383,5146
169,ghz-max,1,0.01943,5105,99.20326,5146
170,gkleij,1,0.01943,5106,99.22270,5146
171,igorrecioh,1,0.01943,5107,99.24213,5146
172,intltechventures,1,0.01943,5108,99.26156,5146
173,jagadeeshkoka,1,0.01943,5109,99.28099,5146
174,jcordes73,1,0.01943,5110,99.30043,5146
175,Jessfer68,1,0.01943,5111,99.31986,5146
176,JulienFauvel,1,0.01943,5112,99.33929,5146
177,kervoaz,1,0.01943,5113,99.35873,5146
178,Krazybug,1,0.01943,5114,99.37816,5146
179,le-yams,1,0.01943,5115,99.39759,5146
180,Madiha20,1,0.01943,5116,99.41702,5146
181,markus-arndt-senacor,1,0.01943,5117,99.43646,5146
182,mbathe19,1,0.01943,5118,99.45589,5146
183,mjgomesvix,1,0.01943,5119,99.47532,5146
184,mouachan,1,0.01943,5120,99.49475,5146
185,mrdasher,1,0.01943,5121,99.51419,5146
186,Nankh,1,0.01943,5122,99.53362,5146
187,nesl247,1,0.01943,5123,99.55305,5146
188,pablo-curiel,1,0.01943,5124,99.57248,5146
189,Pavan059,1,0.01943,5125,99.59192,5146
190,pietiepb,1,0.01943,5126,99.61135,5146
191,PrabhathR,1,0.01943,5127,99.63078,5146
192,prestonmcgowan,1,0.01943,5128,99.65021,5146
193,prouwens,1,0.01943,5129,99.66965,5146
194,pszuster,1,0.01943,5130,99.68908,5146
195,redben,1,0.01943,5131,99.70851,5146
196,romain66,1,0.01943,5132,99.72794,5146
197,romg66,1,0.01943,5133,99.74738,5146
198,shubgene,1,0.01943,5134,99.76681,5146
199,shyamsohane,1,0.01943,5135,99.78624,5146
200,simon435500,1,0.01943,5136,99.80567,5146
201,skirankumars31,1,0.01943,5137,99.82511,5146
202,Sowmyamoorthyt,1,0.01943,5138,99.84454,5146
203,stojsavljevic,1,0.01943,5139,99.86397,5146
204,supermani97,1,0.01943,5140,99.88340,5146
205,VinayBhalerao,1,0.01943,5141,99.90284,5146
206,wilmardo,1,0.01943,5142,99.92227,5146
207,yada,1,0.01943,5143,99.94170,5146
208,youngma0,1,0.01943,5144,99.96113,5146
209,yrsurya,1,0.01943,5145,99.98057,5146
210,zlb323,1,0.01943,5146,100.00000,5146
