rank_number,actor,contributions,percent,cumulative_sum,cumulative_percent,all_contributions
1,lbroudoux,4046,81.39207,4046,81.39207,4971
2,hguerrero,71,1.42828,4117,82.82036,4971
3,nmasse-itix,48,0.96560,4165,83.78596,4971
4,narioinc,30,0.60350,4195,84.38946,4971
5,195858,29,0.58338,4224,84.97284,4971
6,imod,27,0.54315,4251,85.51599,4971
7,yoadmike,26,0.52303,4277,86.03903,4971
8,john873950,22,0.44257,4299,86.48159,4971
9,tillias,22,0.44257,4321,86.92416,4971
10,jonaslagoni,19,0.38222,4340,87.30638,4971
11,molteninjabob,17,0.34198,4357,87.64836,4971
12,LevinGuy,16,0.32187,4373,87.97023,4971
13,lucamaf,15,0.30175,4388,88.27198,4971
14,aniketvsawant,13,0.26152,4401,88.53349,4971
15,sfraigneau,13,0.26152,4414,88.79501,4971
16,crismarfr,12,0.24140,4426,89.03641,4971
17,fhopfensperger,12,0.24140,4438,89.27781,4971
18,miguelchicoespin,12,0.24140,4450,89.51921,4971
19,dhiemaz,11,0.22128,4461,89.74049,4971
20,aoudiamoncef,9,0.18105,4470,89.92154,4971
21,ChristianHauwert,9,0.18105,4479,90.10260,4971
22,FilipShavash,9,0.18105,4488,90.28365,4971
23,denrolya,8,0.16093,4496,90.44458,4971
24,dorianbrun,8,0.16093,4504,90.60551,4971
25,mhockelberg,8,0.16093,4512,90.76645,4971
26,shavo007,8,0.16093,4520,90.92738,4971
27,yahehe,8,0.16093,4528,91.08831,4971
28,zhushendhh,8,0.16093,4536,91.24925,4971
29,alexespejo,7,0.14082,4543,91.39006,4971
30,carolgschwend,7,0.14082,4550,91.53088,4971
31,meyyazhagan,7,0.14082,4557,91.67170,4971
32,ruromero,7,0.14082,4564,91.81251,4971
33,alexespejoch,6,0.12070,4570,91.93321,4971
34,geekdeb,6,0.12070,4576,92.05391,4971
35,Hassen-BENNOUR,6,0.12070,4582,92.17461,4971
36,jennerEVRFLL,6,0.12070,4588,92.29531,4971
37,kotaanudeep,6,0.12070,4594,92.41601,4971
38,mahgo,6,0.12070,4600,92.53671,4971
39,mhkarimi1383,6,0.12070,4606,92.65741,4971
40,RoopaVenkatesh,6,0.12070,4612,92.77811,4971
41,slessard,6,0.12070,4618,92.89881,4971
42,spencer-cheng,6,0.12070,4624,93.01951,4971
43,zion3mx,6,0.12070,4630,93.14021,4971
44,adrims,5,0.10058,4635,93.24080,4971
45,dicolasi,5,0.10058,4640,93.34138,4971
46,essential-randomness,5,0.10058,4645,93.44196,4971
47,gayanper,5,0.10058,4650,93.54255,4971
48,graydo64,5,0.10058,4655,93.64313,4971
49,haf-tech,5,0.10058,4660,93.74371,4971
50,jonathanvila,5,0.10058,4665,93.84430,4971
51,lahiruk,5,0.10058,4670,93.94488,4971
52,leilaslimani,5,0.10058,4675,94.04546,4971
53,manuel-padovani,5,0.10058,4680,94.14605,4971
54,marsou77,5,0.10058,4685,94.24663,4971
55,mflasquin,5,0.10058,4690,94.34721,4971
56,niraveen,5,0.10058,4695,94.44780,4971
57,NissesSenap,5,0.10058,4700,94.54838,4971
58,cs0978,4,0.08047,4704,94.62885,4971
59,HassanAzam,4,0.08047,4708,94.70931,4971
60,ikanel,4,0.08047,4712,94.78978,4971
61,jorgeromeral,4,0.08047,4716,94.87025,4971
62,matteocastellotti,4,0.08047,4720,94.95071,4971
63,my-flow,4,0.08047,4724,95.03118,4971
64,Renanh,4,0.08047,4728,95.11165,4971
65,saxicek,4,0.08047,4732,95.19211,4971
66,sercastiGL,4,0.08047,4736,95.27258,4971
67,smtdmrll,4,0.08047,4740,95.35305,4971
68,a459787545,3,0.06035,4743,95.41340,4971
69,AgentBurgundy,3,0.06035,4746,95.47375,4971
70,Alekzsccp,3,0.06035,4749,95.53410,4971
71,AndrewBell,3,0.06035,4752,95.59445,4971
72,anselmhou,3,0.06035,4755,95.65480,4971
73,aygalinc,3,0.06035,4758,95.71515,4971
74,bodograumann,3,0.06035,4761,95.77550,4971
75,claorden,3,0.06035,4764,95.83585,4971
76,collabnix,3,0.06035,4767,95.89620,4971
77,dmarrazzo,3,0.06035,4770,95.95655,4971
78,EricWittmann,3,0.06035,4773,96.01690,4971
79,ex324,3,0.06035,4776,96.07725,4971
80,Eyolon,3,0.06035,4779,96.13760,4971
81,fab66m,3,0.06035,4782,96.19795,4971
82,gsaslis,3,0.06035,4785,96.25830,4971
83,ivanboytsov,3,0.06035,4788,96.31865,4971
84,JasonMiesionczek,3,0.06035,4791,96.37900,4971
85,jgonzalezcloudappi,3,0.06035,4794,96.43935,4971
86,ludovic-pourrat,3,0.06035,4797,96.49970,4971
87,mjaeggi,3,0.06035,4800,96.56005,4971
88,nneul,3,0.06035,4803,96.62040,4971
89,os-learner,3,0.06035,4806,96.68075,4971
90,pmamico,3,0.06035,4809,96.74110,4971
91,saritapol13,3,0.06035,4812,96.80145,4971
92,s-krawczyk,3,0.06035,4815,96.86180,4971
93,sleevezip,3,0.06035,4818,96.92215,4971
94,trinhpham,3,0.06035,4821,96.98250,4971
95,vmary2014,3,0.06035,4824,97.04285,4971
96,whitfiea,3,0.06035,4827,97.10320,4971
97,Yuutakasan,3,0.06035,4830,97.16355,4971
98,ALMARRI,2,0.04023,4832,97.20378,4971
99,aomega08,2,0.04023,4834,97.24402,4971
100,arnauddutilleul,2,0.04023,4836,97.28425,4971
101,aroak,2,0.04023,4838,97.32448,4971
102,Arthuriuss,2,0.04023,4840,97.36472,4971
103,ChristianLangmann,2,0.04023,4842,97.40495,4971
104,dalelane,2,0.04023,4844,97.44518,4971
105,damianlezcano,2,0.04023,4846,97.48542,4971
106,dannyvargas23,2,0.04023,4848,97.52565,4971
107,dbl81,2,0.04023,4850,97.56588,4971
108,deanpeterson,2,0.04023,4852,97.60612,4971
109,dewrich,2,0.04023,4854,97.64635,4971
110,doranych,2,0.04023,4856,97.68658,4971
111,efpee,2,0.04023,4858,97.72682,4971
112,fgoforth,2,0.04023,4860,97.76705,4971
113,francesco-peleggi,2,0.04023,4862,97.80728,4971
114,GuillaumeGONANO,2,0.04023,4864,97.84752,4971
115,khuong507,2,0.04023,4866,97.88775,4971
116,kivesCA,2,0.04023,4868,97.92798,4971
117,LSzelecsenyi,2,0.04023,4870,97.96822,4971
118,lucbpz,2,0.04023,4872,98.00845,4971
119,luisQAsis,2,0.04023,4874,98.04868,4971
120,malins,2,0.04023,4876,98.08892,4971
121,matheussbernardo,2,0.04023,4878,98.12915,4971
122,nehrman,2,0.04023,4880,98.16938,4971
123,robvalk,2,0.04023,4882,98.20962,4971
124,roxana-sterca,2,0.04023,4884,98.24985,4971
125,samsd21,2,0.04023,4886,98.29008,4971
126,sdupont,2,0.04023,4888,98.33032,4971
127,sercasti,2,0.04023,4890,98.37055,4971
128,stoimendhristov,2,0.04023,4892,98.41078,4971
129,TamimiGitHub,2,0.04023,4894,98.45102,4971
130,tstmrk,2,0.04023,4896,98.49125,4971
131,Uilen1,2,0.04023,4898,98.53148,4971
132,vrakoton,2,0.04023,4900,98.57172,4971
133,WaleedAshraf,2,0.04023,4902,98.61195,4971
134,willemm,2,0.04023,4904,98.65218,4971
135,2phost,1,0.02012,4905,98.67230,4971
136,4ebyrek,1,0.02012,4906,98.69242,4971
137,abinet,1,0.02012,4907,98.71253,4971
138,akakarikos,1,0.02012,4908,98.73265,4971
139,alexec,1,0.02012,4909,98.75277,4971
140,andrewdavidmackenzie,1,0.02012,4910,98.77288,4971
141,andycmaj,1,0.02012,4911,98.79300,4971
142,arjunprasad2143,1,0.02012,4912,98.81312,4971
143,askfor,1,0.02012,4913,98.83323,4971
144,benja-M-1,1,0.02012,4914,98.85335,4971
145,bhbsolutions,1,0.02012,4915,98.87347,4971
146,blackPanther39,1,0.02012,4916,98.89358,4971
147,btison,1,0.02012,4917,98.91370,4971
148,camilamacedo86,1,0.02012,4918,98.93382,4971
149,chris93111,1,0.02012,4919,98.95393,4971
150,clerixmaxime,1,0.02012,4920,98.97405,4971
151,CurtisEppel,1,0.02012,4921,98.99417,4971
152,DeanPack,1,0.02012,4922,99.01428,4971
153,derberg,1,0.02012,4923,99.03440,4971
154,devcovato,1,0.02012,4924,99.05452,4971
155,dhartford,1,0.02012,4925,99.07463,4971
156,ecyrbe,1,0.02012,4926,99.09475,4971
157,fleed,1,0.02012,4927,99.11487,4971
158,forceedge01,1,0.02012,4928,99.13498,4971
159,frdrcrlt,1,0.02012,4929,99.15510,4971
160,ghostsquad,1,0.02012,4930,99.17522,4971
161,ghz-max,1,0.02012,4931,99.19533,4971
162,gkleij,1,0.02012,4932,99.21545,4971
163,igorrecioh,1,0.02012,4933,99.23557,4971
164,intltechventures,1,0.02012,4934,99.25568,4971
165,jagadeeshkoka,1,0.02012,4935,99.27580,4971
166,jcordes73,1,0.02012,4936,99.29592,4971
167,Jessfer68,1,0.02012,4937,99.31603,4971
168,JulienFauvel,1,0.02012,4938,99.33615,4971
169,kervoaz,1,0.02012,4939,99.35627,4971
170,Krazybug,1,0.02012,4940,99.37638,4971
171,le-yams,1,0.02012,4941,99.39650,4971
172,Madiha20,1,0.02012,4942,99.41662,4971
173,markus-arndt-senacor,1,0.02012,4943,99.43673,4971
174,mbathe19,1,0.02012,4944,99.45685,4971
175,mjgomesvix,1,0.02012,4945,99.47697,4971
176,mouachan,1,0.02012,4946,99.49708,4971
177,mrdasher,1,0.02012,4947,99.51720,4971
178,Nankh,1,0.02012,4948,99.53732,4971
179,nesl247,1,0.02012,4949,99.55743,4971
180,Pavan059,1,0.02012,4950,99.57755,4971
181,pietiepb,1,0.02012,4951,99.59767,4971
182,PrabhathR,1,0.02012,4952,99.61778,4971
183,prestonmcgowan,1,0.02012,4953,99.63790,4971
184,prouwens,1,0.02012,4954,99.65802,4971
185,pszuster,1,0.02012,4955,99.67813,4971
186,redben,1,0.02012,4956,99.69825,4971
187,romain66,1,0.02012,4957,99.71837,4971
188,romg66,1,0.02012,4958,99.73848,4971
189,shubgene,1,0.02012,4959,99.75860,4971
190,shyamsohane,1,0.02012,4960,99.77872,4971
191,simon435500,1,0.02012,4961,99.79883,4971
192,skirankumars31,1,0.02012,4962,99.81895,4971
193,Sowmyamoorthyt,1,0.02012,4963,99.83907,4971
194,stojsavljevic,1,0.02012,4964,99.85918,4971
195,supermani97,1,0.02012,4965,99.87930,4971
196,VinayBhalerao,1,0.02012,4966,99.89942,4971
197,wilmardo,1,0.02012,4967,99.91953,4971
198,yada,1,0.02012,4968,99.93965,4971
199,youngma0,1,0.02012,4969,99.95977,4971
200,yrsurya,1,0.02012,4970,99.97988,4971
201,zlb323,1,0.02012,4971,100.00000,4971
