rank_number,actor,contributions,percent,cumulative_sum,cumulative_percent,all_contributions
1,srikanthccv,4391,0.54385,4391,0.54385,807395
2,legendecas,3154,0.39064,7545,0.93449,807395
3,lonewolf3739,1959,0.24263,9504,1.17712,807395
4,opentelemetrybot,1814,0.22467,11318,1.40179,807395
5,frzifus,1235,0.15296,12553,1.55475,807395
6,tidal,1024,0.12683,13577,1.68158,807395
7,plantfansam,723,0.08955,14300,1.77113,807395
8,evantorrie,691,0.08558,14991,1.85671,807395
9,Nevay,558,0.06911,15549,1.92582,807395
10,Allex1,522,0.06465,16071,1.99048,807395
11,srprash,480,0.05945,16551,2.04993,807395
12,g-easy,458,0.05673,17009,2.10665,807395
13,moh-osman3,439,0.05437,17448,2.16102,807395
14,dineshg13,435,0.05388,17883,2.21490,807395
15,VihasMakwana,354,0.04384,18237,2.25875,807395
16,dengliming,353,0.04372,18590,2.30247,807395
17,jeremydvoss,318,0.03939,18908,2.34185,807395
18,Grunet,314,0.03889,19222,2.38074,807395
19,HaloFour,311,0.03852,19533,2.41926,807395
20,kaylareopelle,270,0.03344,19803,2.45270,807395
21,mackjmr,269,0.03332,20072,2.48602,807395
22,kristinapathak,267,0.03307,20339,2.51909,807395
23,jimwsplk,262,0.03245,20601,2.55154,807395
24,ydrozhdzhal,251,0.03109,20852,2.58263,807395
25,jtmalinowski,240,0.02973,21092,2.61235,807395
26,Saber-W,237,0.02935,21329,2.64171,807395
27,asafm,232,0.02873,21561,2.67044,807395
28,keep94,218,0.02700,21779,2.69744,807395
29,edeNFed,213,0.02638,21992,2.72382,807395
30,xoscar,210,0.02601,22202,2.74983,807395
31,sunface,207,0.02564,22409,2.77547,807395
32,atingchen,205,0.02539,22614,2.80086,807395
33,aaron-ai,200,0.02477,22814,2.82563,807395
34,alertedsnake,196,0.02428,23010,2.84991,807395
35,prydin,195,0.02415,23205,2.87406,807395
36,Blacksmoke16,190,0.02353,23395,2.89759,807395
37,DotSpy,188,0.02328,23583,2.92088,807395
38,Enkelian,187,0.02316,23770,2.94404,807395
39,robododge,180,0.02229,23950,2.96633,807395
40,atshaw43,174,0.02155,24124,2.98788,807395
41,shalper2,173,0.02143,24297,3.00931,807395
42,hprajapati-splunk,170,0.02106,24467,3.03036,807395
43,Petrie,169,0.02093,24636,3.05129,807395
44,piotr-sumo,169,0.02093,24805,3.07223,807395
45,samiura,164,0.02031,24969,3.09254,807395
47,llc1123,153,0.01895,25283,3.13143,807395
48,khanhntd,150,0.01858,25433,3.15001,807395
49,tjiuming,150,0.01858,25583,3.16859,807395
50,adriangb,149,0.01845,25732,3.18704,807395
51,evgenyfedorov2,140,0.01734,25872,3.20438,807395
52,akats7,135,0.01672,26007,3.22110,807395
53,dpk83,131,0.01623,26138,3.23732,807395
54,ffe4,131,0.01623,26269,3.25355,807395
55,fuaiyi,128,0.01585,26397,3.26940,807395
56,davidji99,127,0.01573,26524,3.28513,807395
57,duonoid,126,0.01561,26650,3.30074,807395
58,satac2,125,0.01548,26775,3.31622,807395
59,yuktea,125,0.01548,26900,3.33170,807395
60,jinja2,124,0.01536,27024,3.34706,807395
61,kalyanaj,120,0.01486,27144,3.36192,807395
62,dgoscn,115,0.01424,27259,3.37617,807395
63,macrogreg,114,0.01412,27373,3.39029,807395
64,leewoobin789,113,0.01400,27486,3.40428,807395
65,sbandadd,113,0.01400,27599,3.41828,807395
66,harshit-splunk,111,0.01375,27710,3.43203,807395
67,jvoravong,111,0.01375,27821,3.44577,807395
68,Raul9595,111,0.01375,27932,3.45952,807395
69,Rick-Anderson,111,0.01375,28043,3.47327,807395
70,simi,110,0.01362,28153,3.48689,807395
71,Ugzuzg,110,0.01362,28263,3.50052,807395
72,carolabadeer,109,0.01350,28372,3.51402,807395
73,martinjt,108,0.01338,28480,3.52739,807395
74,alexperez52,107,0.01325,28587,3.54065,807395
75,dmarar,106,0.01313,28693,3.55377,807395
76,jarebudev,106,0.01313,28799,3.56690,807395
77,cparkins,105,0.01300,28904,3.57991,807395
78,henrinormak,102,0.01263,29006,3.59254,807395
79,nicolastakashi,101,0.01251,29107,3.60505,807395
80,alisabzevari,100,0.01239,29207,3.61744,807395
81,deexitp-splunk,100,0.01239,29307,3.62982,807395
82,mmorel-35,99,0.01226,29406,3.64208,807395
83,alexvaluyskiy,98,0.01214,29504,3.65422,807395
84,lalex,97,0.01201,29601,3.66624,807395
85,ofirshmuel,97,0.01201,29698,3.67825,807395
86,rahuldimri,96,0.01189,29794,3.69014,807395
87,snehilchopra,95,0.01177,29889,3.70191,807395
88,srjames90,95,0.01177,29984,3.71367,807395
89,loomis-relativity,94,0.01164,30078,3.72531,807395
90,Thiyagu55,93,0.01152,30171,3.73683,807395
91,yonch,93,0.01152,30264,3.74835,807395
92,laziobird,91,0.01127,30355,3.75962,807395
93,skyduo,91,0.01127,30446,3.77089,807395
94,yutingcaicyt,91,0.01127,30537,3.78216,807395
95,sfriberg,90,0.01115,30627,3.79331,807395
96,ZhengHe-MD,90,0.01115,30717,3.80446,807395
97,greatestusername,89,0.01102,30806,3.81548,807395
98,jack-burridge-cfh,89,0.01102,30895,3.82650,807395
99,mhassan1,88,0.01090,30983,3.83740,807395
100,muhaook,88,0.01090,31071,3.84830,807395
101,ohamuy,88,0.01090,31159,3.85920,807395
102,pridhi-arora,88,0.01090,31247,3.87010,807395
103,dpauls,86,0.01065,31333,3.88075,807395
104,RashmiRam,86,0.01065,31419,3.89140,807395
105,tobiasstadler,86,0.01065,31505,3.90206,807395
106,ag-ramachandran,85,0.01053,31590,3.91258,807395
107,yotamloe,85,0.01053,31675,3.92311,807395
108,andrewhr,84,0.01040,31759,3.93351,807395
109,danielbdias,84,0.01040,31843,3.94392,807395
110,ktmitton,84,0.01040,31927,3.95432,807395
111,mjingle,83,0.01028,32010,3.96460,807395
112,dmarkwat,82,0.01016,32092,3.97476,807395
113,manang-splunk,82,0.01016,32174,3.98491,807395
114,addname,81,0.01003,32255,3.99495,807395
115,jiekun,80,0.00991,32335,4.00486,807395
116,sirzooro,80,0.00991,32415,4.01476,807395
117,xiangtianyu,80,0.00991,32495,4.02467,807395
118,h0cheung,79,0.00978,32574,4.03446,807395
119,jj22ee,79,0.00978,32653,4.04424,807395
120,Cluas,78,0.00966,32731,4.05390,807395
121,davidwitten,77,0.00954,32808,4.06344,807395
122,martincostello,77,0.00954,32885,4.07298,807395
123,scbjans,77,0.00954,32962,4.08251,807395
124,muripic,76,0.00941,33038,4.09193,807395
125,repl-chris,76,0.00941,33114,4.10134,807395
126,fredthomsen,75,0.00929,33189,4.11063,807395
127,IshwarKanse,75,0.00929,33264,4.11992,807395
128,sk-,75,0.00929,33339,4.12921,807395
129,Tianlin-Zhao,75,0.00929,33414,4.13849,807395
130,jvilhuber,74,0.00917,33488,4.14766,807395
131,SimoneGiusso,74,0.00917,33562,4.15683,807395
132,sweetxiaodai,74,0.00917,33636,4.16599,807395
133,antonblock,73,0.00904,33709,4.17503,807395
134,pkanal,73,0.00904,33782,4.18407,807395
135,ziqizh,73,0.00904,33855,4.19311,807395
136,kirrg001,72,0.00892,33927,4.20203,807395
137,singku,71,0.00879,33998,4.21083,807395
138,Aditya-Gollapudi,70,0.00867,34068,4.21950,807395
139,ayandapalli,70,0.00867,34138,4.22817,807395
140,lewis262626,70,0.00867,34208,4.23684,807395
141,shabicheng,70,0.00867,34278,4.24551,807395
142,wallezhang,70,0.00867,34348,4.25418,807395
143,sakshi-1505,69,0.00855,34417,4.26272,807395
144,snyder114,69,0.00855,34486,4.27127,807395
145,vihas-splunk,69,0.00855,34555,4.27981,807395
146,mfogliatto,68,0.00842,34623,4.28824,807395
147,hardproblems,67,0.00830,34690,4.29653,807395
148,tttoad,67,0.00830,34757,4.30483,807395
149,adamkubon,66,0.00817,34823,4.31301,807395
150,ralphgj,66,0.00817,34889,4.32118,807395
151,hughsimpson,65,0.00805,34954,4.32923,807395
152,kohrapha,65,0.00805,35019,4.33728,807395
153,carlossscastro,64,0.00793,35083,4.34521,807395
154,CharlieTLe,64,0.00793,35147,4.35314,807395
155,ericashi,64,0.00793,35211,4.36106,807395
156,junhaoyu-aws,64,0.00793,35275,4.36899,807395
157,moonheart,64,0.00793,35339,4.37692,807395
158,VivekSubr,64,0.00793,35403,4.38484,807395
159,cwildman,63,0.00780,35466,4.39265,807395
160,Kausik-A,63,0.00780,35529,4.40045,807395
161,devrimdemiroz,62,0.00768,35591,4.40813,807395
162,EddieEldridge,61,0.00756,35652,4.41568,807395
163,jomasti,60,0.00743,35712,4.42311,807395
164,lykkin,60,0.00743,35772,4.43055,807395
165,mrsillydog,60,0.00743,35832,4.43798,807395
166,rogersd,60,0.00743,35892,4.44541,807395
167,xvilo,60,0.00743,35952,4.45284,807395
168,am-kinetica,59,0.00731,36011,4.46015,807395
169,datsabk,59,0.00731,36070,4.46745,807395
170,jkamon,59,0.00731,36129,4.47476,807395
171,jrgns,59,0.00731,36188,4.48207,807395
172,kirbyquerby,59,0.00731,36247,4.48938,807395
173,ofek1weiss,59,0.00731,36306,4.49668,807395
174,serkan-ozal,59,0.00731,36365,4.50399,807395
175,xyq175com,59,0.00731,36424,4.51130,807395
176,arun-shopify,58,0.00718,36482,4.51848,807395
177,ItsLastDay,58,0.00718,36540,4.52567,807395
178,Kronos11,58,0.00718,36598,4.53285,807395
179,architjugran,57,0.00706,36655,4.53991,807395
180,mishal23,57,0.00706,36712,4.54697,807395
181,mrblonde91,57,0.00706,36769,4.55403,807395
182,nikhil1511,57,0.00706,36826,4.56109,807395
183,portertech,57,0.00706,36883,4.56815,807395
184,sakulali,57,0.00706,36940,4.57521,807395
185,wperron,57,0.00706,36997,4.58227,807395
186,zmapleshine,57,0.00706,37054,4.58933,807395
187,zoercai,57,0.00706,37111,4.59639,807395
188,oliver-zhang,56,0.00694,37167,4.60332,807395
189,thepeterstone,56,0.00694,37223,4.61026,807395
190,tomaz-s1,56,0.00694,37279,4.61719,807395
191,unflxw,56,0.00694,37335,4.62413,807395
192,chrroberts-pure,55,0.00681,37390,4.63094,807395
193,crobertson-conga,55,0.00681,37445,4.63775,807395
194,jarosal,55,0.00681,37500,4.64457,807395
195,marctc,55,0.00681,37555,4.65138,807395
196,amoscatelli,54,0.00669,37609,4.65807,807395
197,bgranetzke,54,0.00669,37663,4.66476,807395
198,davidgargti20,54,0.00669,37717,4.67144,807395
199,fmhwong,54,0.00669,37771,4.67813,807395
200,junhuangli,54,0.00669,37825,4.68482,807395
201,lastchiliarch,54,0.00669,37879,4.69151,807395
202,ozerovandrei,54,0.00669,37933,4.69820,807395
203,thpierce,54,0.00669,37987,4.70488,807395
204,GregMefford,53,0.00656,38040,4.71145,807395
205,kw7oe,53,0.00656,38093,4.71801,807395
206,LaserPhaser,53,0.00656,38146,4.72458,807395
207,luismiramirez,53,0.00656,38199,4.73114,807395
208,niko-achilles,53,0.00656,38252,4.73771,807395
209,paologallinaharbur,53,0.00656,38305,4.74427,807395
210,pszkamruk-splunk,53,0.00656,38358,4.75083,807395
211,stschenk,53,0.00656,38411,4.75740,807395
212,timannguyen,52,0.00644,38463,4.76384,807395
213,tombruijn,52,0.00644,38515,4.77028,807395
214,yyyogev,52,0.00644,38567,4.77672,807395
215,dwelch-spike,51,0.00632,38618,4.78304,807395
216,gao-artur,51,0.00632,38669,4.78935,807395
217,hannahchan,51,0.00632,38720,4.79567,807395
218,Kaushal28,51,0.00632,38771,4.80199,807395
219,Konig-Corey,51,0.00632,38822,4.80830,807395
220,MaxKsyunz,51,0.00632,38873,4.81462,807395
221,dnelson-relativity,50,0.00619,38923,4.82081,807395
222,drexler,50,0.00619,38973,4.82701,807395
223,HiveTraum,50,0.00619,39023,4.83320,807395
224,Mario-Hofstaetter,50,0.00619,39073,4.83939,807395
225,meastp,50,0.00619,39123,4.84558,807395
226,aishyandapalli,49,0.00607,39172,4.85165,807395
227,dubonzi,49,0.00607,39221,4.85772,807395
228,nhinsch,49,0.00607,39270,4.86379,807395
229,XiaoWeiKIN,49,0.00607,39319,4.86986,807395
230,YANYZP,49,0.00607,39368,4.87593,807395
231,CptSchnitz,48,0.00595,39416,4.88187,807395
232,kumoroku,48,0.00595,39464,4.88782,807395
233,Liubey,48,0.00595,39512,4.89376,807395
234,mcardy,48,0.00595,39560,4.89971,807395
235,piotrantosik,48,0.00595,39608,4.90565,807395
236,thomashchan1,48,0.00595,39656,4.91160,807395
237,Ankcorn,47,0.00582,39703,4.91742,807395
238,astitcher,47,0.00582,39750,4.92324,807395
239,bputt-e,47,0.00582,39797,4.92906,807395
240,chrisrichardsevergreen,47,0.00582,39844,4.93488,807395
241,dsgrieve,47,0.00582,39891,4.94070,807395
242,sleighzy,47,0.00582,39938,4.94653,807395
243,anunarapureddy,46,0.00570,39984,4.95222,807395
244,dustin-bingham,46,0.00570,40030,4.95792,807395
245,emreyalvac,46,0.00570,40076,4.96362,807395
246,gregoryfranklin,46,0.00570,40122,4.96931,807395
247,hananiel,46,0.00570,40168,4.97501,807395
248,maokitty,46,0.00570,40214,4.98071,807395
249,AkselAllas,45,0.00557,40259,4.98628,807395
250,garrettwegan,45,0.00557,40304,4.99186,807395
251,gcacace,45,0.00557,40349,4.99743,807395
252,hexdigest,45,0.00557,40394,5.00300,807395
253,joshuahlang,45,0.00557,40439,5.00858,807395
254,kangsheng89,45,0.00557,40484,5.01415,807395
255,nvolker,45,0.00557,40529,5.01972,807395
256,saikrishna397,45,0.00557,40574,5.02530,807395
257,czs1993,44,0.00545,40618,5.03075,807395
258,dackroyd,44,0.00545,40662,5.03620,807395
259,eroteme,44,0.00545,40706,5.04165,807395
260,irizzant,44,0.00545,40750,5.04710,807395
261,lunij,44,0.00545,40794,5.05255,807395
262,oulin-coder,44,0.00545,40838,5.05800,807395
263,adnanrahic,43,0.00533,40881,5.06332,807395
264,aravinsiva,43,0.00533,40924,5.06865,807395
265,chengtangzheng2021,43,0.00533,40967,5.07397,807395
266,dgetu,43,0.00533,41010,5.07930,807395
267,gracewehner,43,0.00533,41053,5.08462,807395
268,haoqixu,43,0.00533,41096,5.08995,807395
269,kaiwalyakoparkar,43,0.00533,41139,5.09528,807395
270,lukestoward,43,0.00533,41182,5.10060,807395
271,philsttr,43,0.00533,41225,5.10593,807395
272,seanschade,43,0.00533,41268,5.11125,807395
273,trivikr,43,0.00533,41311,5.11658,807395
274,danelson,42,0.00520,41353,5.12178,807395
275,JacksonWeber,42,0.00520,41395,5.12698,807395
276,sonofachamp,42,0.00520,41437,5.13218,807395
277,adilhusain-s,41,0.00508,41478,5.13726,807395
278,jjackson-s,41,0.00508,41519,5.14234,807395
279,jspaleta,41,0.00508,41560,5.14742,807395
280,lakamsani,41,0.00508,41601,5.15250,807395
281,pengweiqhca,41,0.00508,41642,5.15757,807395
282,richardmcmillen,41,0.00508,41683,5.16265,807395
283,rjduffner,41,0.00508,41724,5.16773,807395
284,yuanman0109,41,0.00508,41765,5.17281,807395
285,fred2u,40,0.00495,41805,5.17776,807395
286,ijsong,40,0.00495,41845,5.18272,807395
287,James-Kaguru,40,0.00495,41885,5.18767,807395
288,mohitk05,40,0.00495,41925,5.19263,807395
289,musicinmybrain,40,0.00495,41965,5.19758,807395
290,rahulhacker,40,0.00495,42005,5.20253,807395
291,rajim17,40,0.00495,42045,5.20749,807395
292,bitomaxsp,39,0.00483,42084,5.21232,807395
293,IlyaKobelevskiy,39,0.00483,42123,5.21715,807395
294,liqiangz,39,0.00483,42162,5.22198,807395
295,siddhikhapare,39,0.00483,42201,5.22681,807395
296,Yamakaky,39,0.00483,42240,5.23164,807395
297,aimiebell,38,0.00471,42278,5.23635,807395
298,AndriySidliarskiy,38,0.00471,42316,5.24105,807395
299,ChenX1993,38,0.00471,42354,5.24576,807395
300,decko,38,0.00471,42392,5.25047,807395
301,rrschulze,38,0.00471,42430,5.25517,807395
302,smithclay,38,0.00471,42468,5.25988,807395
303,vchitai,38,0.00471,42506,5.26459,807395
304,zivaninstana,38,0.00471,42544,5.26929,807395
305,cdvv7788,37,0.00458,42581,5.27387,807395
306,CeeBeeCee,37,0.00458,42618,5.27846,807395
307,cforce,37,0.00458,42655,5.28304,807395
308,overmeulen,37,0.00458,42692,5.28762,807395
309,sribalakumar,37,0.00458,42729,5.29221,807395
310,ajsaclayan,36,0.00446,42765,5.29666,807395
311,brunojcm,36,0.00446,42801,5.30112,807395
312,dao-jun,36,0.00446,42837,5.30558,807395
313,dbolduc,36,0.00446,42873,5.31004,807395
314,delanym,36,0.00446,42909,5.31450,807395
315,EjiroLaurelD,36,0.00446,42945,5.31896,807395
316,jackyshang12321,36,0.00446,42981,5.32342,807395
317,jamal,36,0.00446,43017,5.32788,807395
318,Jammicus,36,0.00446,43053,5.33233,807395
319,lidavidm,36,0.00446,43089,5.33679,807395
320,lstrojny,36,0.00446,43125,5.34125,807395
321,siyuniu-ms,36,0.00446,43161,5.34571,807395
322,agneum,35,0.00433,43196,5.35005,807395
323,basti1302,35,0.00433,43231,5.35438,807395
324,ChillOrb,35,0.00433,43266,5.35872,807395
325,jlawrienyt,35,0.00433,43301,5.36305,807395
326,mattmccleary,35,0.00433,43336,5.36739,807395
327,mothershipper,35,0.00433,43371,5.37172,807395
328,mraerino,35,0.00433,43406,5.37606,807395
329,NPellet,35,0.00433,43441,5.38039,807395
330,PS-EGHornbostel,35,0.00433,43476,5.38472,807395
331,rex-remind101,35,0.00433,43511,5.38906,807395
332,unicod3,35,0.00433,43546,5.39339,807395
333,ZenoCC-Peng,35,0.00433,43581,5.39773,807395
334,asaharn,34,0.00421,43615,5.40194,807395
335,Baliedge,34,0.00421,43649,5.40615,807395
336,blakeroberts-wk,34,0.00421,43683,5.41036,807395
337,dchambers,34,0.00421,43717,5.41457,807395
338,GrahamLea,34,0.00421,43751,5.41879,807395
339,jessberg,34,0.00421,43785,5.42300,807395
340,kuiperda,34,0.00421,43819,5.42721,807395
341,MALPI,34,0.00421,43853,5.43142,807395
342,riticksingh,34,0.00421,43887,5.43563,807395
343,scar-lovevery,34,0.00421,43921,5.43984,807395
344,SergeTupchiy,34,0.00421,43955,5.44405,807395
345,xsoheilalizadeh,34,0.00421,43989,5.44826,807395
346,yehaotian,34,0.00421,44023,5.45247,807395
347,yoheyk,34,0.00421,44057,5.45668,807395
348,davebarda,33,0.00409,44090,5.46077,807395
349,disq,33,0.00409,44123,5.46486,807395
350,MariusVolkhart,33,0.00409,44156,5.46895,807395
351,ryokather,33,0.00409,44189,5.47303,807395
352,sourabh1007,33,0.00409,44222,5.47712,807395
353,tonyredondo,33,0.00409,44255,5.48121,807395
354,acm19,32,0.00396,44287,5.48517,807395
355,adamleantech,32,0.00396,44319,5.48913,807395
356,aptomaKetil,32,0.00396,44351,5.49310,807395
357,bjsignalfx,32,0.00396,44383,5.49706,807395
358,BrynCooke,32,0.00396,44415,5.50102,807395
359,gebn,32,0.00396,44447,5.50499,807395
360,horovits,32,0.00396,44479,5.50895,807395
361,hunguyenaxon,32,0.00396,44511,5.51291,807395
362,liurui-1,32,0.00396,44543,5.51688,807395
363,marcdel,32,0.00396,44575,5.52084,807395
364,notcool11,32,0.00396,44607,5.52481,807395
365,peterlindsten,32,0.00396,44639,5.52877,807395
366,qiansheng91,32,0.00396,44671,5.53273,807395
367,stephenhong,32,0.00396,44703,5.53670,807395
368,Symbianx,32,0.00396,44735,5.54066,807395
369,veera83372,32,0.00396,44767,5.54462,807395
370,wzy531a,32,0.00396,44799,5.54859,807395
371,casperisfine,31,0.00384,44830,5.55242,807395
372,ceevaaa,31,0.00384,44861,5.55626,807395
373,gord02,31,0.00384,44892,5.56010,807395
374,gregolsen,31,0.00384,44923,5.56394,807395
375,kevinmckinley,31,0.00384,44954,5.56778,807395
376,markdingram,31,0.00384,44985,5.57162,807395
377,rehanpfmr,31,0.00384,45016,5.57546,807395
378,reugn,31,0.00384,45047,5.57930,807395
379,sakshi1215,31,0.00384,45078,5.58314,807395
380,samsp-msft,31,0.00384,45109,5.58698,807395
381,sungam3r,31,0.00384,45140,5.59082,807395
382,wdullaer,31,0.00384,45171,5.59466,807395
383,ZhouZhongzhi,31,0.00384,45202,5.59850,807395
384,adrianna-chang-shopify,30,0.00372,45232,5.60221,807395
385,andresbeckruiz,30,0.00372,45262,5.60593,807395
386,chenjazz,30,0.00372,45292,5.60965,807395
387,churanchen,30,0.00372,45322,5.61336,807395
388,gugahoa,30,0.00372,45352,5.61708,807395
389,HofmeisterAn,30,0.00372,45382,5.62079,807395
390,jyemin,30,0.00372,45412,5.62451,807395
391,mizhexiaoxiao,30,0.00372,45442,5.62822,807395
392,nabam,30,0.00372,45472,5.63194,807395
393,ptodev,30,0.00372,45502,5.63566,807395
394,sugi,30,0.00372,45532,5.63937,807395
395,tannaga,30,0.00372,45562,5.64309,807395
396,tbolon,30,0.00372,45592,5.64680,807395
397,willianpc,30,0.00372,45622,5.65052,807395
398,wyTrivail,30,0.00372,45652,5.65423,807395
399,13667285528,29,0.00359,45681,5.65783,807395
400,aislinncronin,29,0.00359,45710,5.66142,807395
401,Bhargavamacha,29,0.00359,45739,5.66501,807395
402,humphrieslk,29,0.00359,45768,5.66860,807395
403,ladd,29,0.00359,45797,5.67219,807395
404,wadjei,29,0.00359,45826,5.67578,807395
405,wantedxnn,29,0.00359,45855,5.67938,807395
406,ZahidMirza95,29,0.00359,45884,5.68297,807395
407,ankit01-oss,28,0.00347,45912,5.68644,807395
408,a-thaler,28,0.00347,45940,5.68990,807395
409,dvoytenko,28,0.00347,45968,5.69337,807395
410,enzian,28,0.00347,45996,5.69684,807395
411,felixscheinost,28,0.00347,46024,5.70031,807395
412,garasubo,28,0.00347,46052,5.70378,807395
413,iomari,28,0.00347,46080,5.70724,807395
414,jdoherty,28,0.00347,46108,5.71071,807395
415,kart,28,0.00347,46136,5.71418,807395
416,musingvirtual,28,0.00347,46164,5.71765,807395
417,NewReStarter,28,0.00347,46192,5.72112,807395
418,peterzandbergen,28,0.00347,46220,5.72458,807395
419,sernst,28,0.00347,46248,5.72805,807395
420,zackman0010,28,0.00347,46276,5.73152,807395
421,clarkjohnd,27,0.00334,46303,5.73486,807395
422,contractormarketplace,27,0.00334,46330,5.73821,807395
423,daniel-white,27,0.00334,46357,5.74155,807395
424,davydog187,27,0.00334,46384,5.74490,807395
425,dotboris,27,0.00334,46411,5.74824,807395
426,Duncan-tree-zhou,27,0.00334,46438,5.75158,807395
427,edenkoveshi,27,0.00334,46465,5.75493,807395
428,jamesylgan,27,0.00334,46492,5.75827,807395
429,karmingc,27,0.00334,46519,5.76162,807395
430,NavehMevorach,27,0.00334,46546,5.76496,807395
431,ndrwrbgs,27,0.00334,46573,5.76830,807395
432,PhilKes,27,0.00334,46600,5.77165,807395
433,ramthi,27,0.00334,46627,5.77499,807395
434,sartx,27,0.00334,46654,5.77834,807395
435,spencerdcarlson,27,0.00334,46681,5.78168,807395
436,wajika,27,0.00334,46708,5.78502,807395
437,0x006EA1E5,26,0.00322,46734,5.78824,807395
438,Abhishek-569,26,0.00322,46760,5.79147,807395
439,ben-natan,26,0.00322,46786,5.79469,807395
440,cwegener,26,0.00322,46812,5.79791,807395
441,fletcm,26,0.00322,46838,5.80113,807395
442,FrankCy,26,0.00322,46864,5.80435,807395
443,gen-xu,26,0.00322,46890,5.80757,807395
444,ilyakaznacheev,26,0.00322,46916,5.81079,807395
445,isgoutham,26,0.00322,46942,5.81401,807395
446,jtama,26,0.00322,46968,5.81723,807395
447,JWilh,26,0.00322,46994,5.82045,807395
448,markrzen,26,0.00322,47020,5.82367,807395
449,matthewgrossman,26,0.00322,47046,5.82689,807395
450,pegasas,26,0.00322,47072,5.83011,807395
451,phanidevavarapu,26,0.00322,47098,5.83333,807395
452,ryanrupp,26,0.00322,47124,5.83655,807395
453,tamir-michaeli,26,0.00322,47150,5.83977,807395
454,umarkhan17,26,0.00322,47176,5.84299,807395
455,yorikya,26,0.00322,47202,5.84621,807395
456,adam-kiss-sg,25,0.00310,47227,5.84931,807395
457,andrewzenkov,25,0.00310,47252,5.85240,807395
458,bastbu,25,0.00310,47277,5.85550,807395
459,bushwhackr,25,0.00310,47302,5.85859,807395
460,Driedas,25,0.00310,47327,5.86169,807395
461,kago-dk,25,0.00310,47352,5.86479,807395
462,kostyay,25,0.00310,47377,5.86788,807395
463,lukasz-pyrzyk,25,0.00310,47402,5.87098,807395
464,matthewmodestino,25,0.00310,47427,5.87408,807395
465,mcinbell,25,0.00310,47452,5.87717,807395
466,mohitmahi,25,0.00310,47477,5.88027,807395
467,pcolazurdo,25,0.00310,47502,5.88337,807395
468,rashmichandrashekar,25,0.00310,47527,5.88646,807395
469,sailorgallifrey,25,0.00310,47552,5.88956,807395
470,sreejesh-radhakrishnan-db,25,0.00310,47577,5.89265,807395
471,stevenharman,25,0.00310,47602,5.89575,807395
472,yegle,25,0.00310,47627,5.89885,807395
473,zeroshade,25,0.00310,47652,5.90194,807395
474,ZhaoTianlin990121,25,0.00310,47677,5.90504,807395
475,alvinhom,24,0.00297,47701,5.90801,807395
476,ben-childs-docusign,24,0.00297,47725,5.91099,807395
477,dneray,24,0.00297,47749,5.91396,807395
478,echoontheway,24,0.00297,47773,5.91693,807395
479,hcoona,24,0.00297,47797,5.91990,807395
480,hecomp,24,0.00297,47821,5.92288,807395
481,jdmarshall,24,0.00297,47845,5.92585,807395
482,jenshnielsen,24,0.00297,47869,5.92882,807395
483,Kanwaldeep,24,0.00297,47893,5.93179,807395
484,kes2464,24,0.00297,47917,5.93477,807395
485,KyongSik-Yoon,24,0.00297,47941,5.93774,807395
486,philipcwhite,24,0.00297,47965,5.94071,807395
487,phil-rice-HCL,24,0.00297,47989,5.94368,807395
488,PiratkaXx,24,0.00297,48013,5.94666,807395
489,psx95,24,0.00297,48037,5.94963,807395
490,ricardoccpaiva,24,0.00297,48061,5.95260,807395
491,Temppus,24,0.00297,48085,5.95557,807395
492,varunraiko,24,0.00297,48109,5.95855,807395
493,vlsi,24,0.00297,48133,5.96152,807395
494,xwgao,24,0.00297,48157,5.96449,807395
495,yingziisme,24,0.00297,48181,5.96746,807395
496,Cantido,23,0.00285,48204,5.97031,807395
497,dmytr,23,0.00285,48227,5.97316,807395
498,edwardxia,23,0.00285,48250,5.97601,807395
499,epaulsen,23,0.00285,48273,5.97886,807395
500,erenming,23,0.00285,48296,5.98171,807395
501,ff-sdesai,23,0.00285,48319,5.98456,807395
502,FSMaxB,23,0.00285,48342,5.98740,807395
503,harnitsignalfx,23,0.00285,48365,5.99025,807395
504,HoneyryderChuck,23,0.00285,48388,5.99310,807395
505,inigohu,23,0.00285,48411,5.99595,807395
506,LouisStAmour,23,0.00285,48434,5.99880,807395
507,luizhlelis,23,0.00285,48457,6.00165,807395
508,pauloprestes,23,0.00285,48480,6.00450,807395
509,Rashmi-K-A,23,0.00285,48503,6.00734,807395
510,rrva,23,0.00285,48526,6.01019,807395
511,safris,23,0.00285,48549,6.01304,807395
512,zdaratom,23,0.00285,48572,6.01589,807395
513,amenasria,22,0.00272,48594,6.01862,807395
514,arjan-saly-tfs,22,0.00272,48616,6.02134,807395
515,bourbonkk,22,0.00272,48638,6.02407,807395
516,dmpe,22,0.00272,48660,6.02679,807395
517,fernferret,22,0.00272,48682,6.02951,807395
518,fracasula,22,0.00272,48704,6.03224,807395
519,garry-cairns,22,0.00272,48726,6.03496,807395
520,hgaol,22,0.00272,48748,6.03769,807395
521,IcebergXTY,22,0.00272,48770,6.04041,807395
522,JakubKoralewski,22,0.00272,48792,6.04314,807395
523,jinxin-fu,22,0.00272,48814,6.04586,807395
524,johanpel,22,0.00272,48836,6.04859,807395
525,kirillta,22,0.00272,48858,6.05131,807395
526,mmatache,22,0.00272,48880,6.05404,807395
527,ness001,22,0.00272,48902,6.05676,807395
528,NickSulistio,22,0.00272,48924,6.05949,807395
529,polRk,22,0.00272,48946,6.06221,807395
530,randomanderson,22,0.00272,48968,6.06494,807395
531,samwright,22,0.00272,48990,6.06766,807395
532,shahargl,22,0.00272,49012,6.07039,807395
533,thomasbaldwin,22,0.00272,49034,6.07311,807395
534,tonycody,22,0.00272,49056,6.07584,807395
535,chusitoo,21,0.00260,49077,6.07844,807395
536,goto1134,21,0.00260,49098,6.08104,807395
537,imomaliev,21,0.00260,49119,6.08364,807395
538,jackycsl,21,0.00260,49140,6.08624,807395
539,juissi-t,21,0.00260,49161,6.08884,807395
540,jvmlet,21,0.00260,49182,6.09144,807395
541,kainawroth,21,0.00260,49203,6.09404,807395
542,kitschysynq,21,0.00260,49224,6.09664,807395
543,krajorama,21,0.00260,49245,6.09925,807395
544,mihirsoni,21,0.00260,49266,6.10185,807395
545,moaddib666,21,0.00260,49287,6.10445,807395
546,oly-baby,21,0.00260,49308,6.10705,807395
547,perrinj3,21,0.00260,49329,6.10965,807395
548,rdoherty-fastly,21,0.00260,49350,6.11225,807395
549,rogerogers,21,0.00260,49371,6.11485,807395
550,Roiocam,21,0.00260,49392,6.11745,807395
551,romil-punetha,21,0.00260,49413,6.12005,807395
552,rupinder10,21,0.00260,49434,6.12265,807395
553,ShiranAvidov,21,0.00260,49455,6.12525,807395
554,TheOxFromOutOfTheBox,21,0.00260,49476,6.12786,807395
555,VibhavariMandal-sumo,21,0.00260,49497,6.13046,807395
556,vuuihc,21,0.00260,49518,6.13306,807395
557,wdalmut,21,0.00260,49539,6.13566,807395
558,YANG-DB,21,0.00260,49560,6.13826,807395
559,abhisheksurve45,20,0.00248,49580,6.14074,807395
560,amitgud-doordash,20,0.00248,49600,6.14321,807395
561,anoyli,20,0.00248,49620,6.14569,807395
562,aristotelos,20,0.00248,49640,6.14817,807395
563,bagmeg,20,0.00248,49660,6.15064,807395
564,brunoluiz,20,0.00248,49680,6.15312,807395
565,ChandrewR,20,0.00248,49700,6.15560,807395
566,chandru-kumar,20,0.00248,49720,6.15808,807395
567,DavidPessoa,20,0.00248,49740,6.16055,807395
568,driverpt,20,0.00248,49760,6.16303,807395
569,fax4ever,20,0.00248,49780,6.16551,807395
570,fr0stbyte,20,0.00248,49800,6.16798,807395
571,GlowingRuby,20,0.00248,49820,6.17046,807395
572,godev-learner,20,0.00248,49840,6.17294,807395
573,janLo,20,0.00248,49860,6.17542,807395
574,jk1z,20,0.00248,49880,6.17789,807395
575,jonchurch,20,0.00248,49900,6.18037,807395
576,kylepl,20,0.00248,49920,6.18285,807395
577,MacNale,20,0.00248,49940,6.18532,807395
578,MadLittleMods,20,0.00248,49960,6.18780,807395
579,paulius-valiunas,20,0.00248,49980,6.19028,807395
580,pksunkara,20,0.00248,50000,6.19276,807395
581,premendrasingh,20,0.00248,50020,6.19523,807395
582,smashedtoatoms,20,0.00248,50040,6.19771,807395
583,Sushisource,20,0.00248,50060,6.20019,807395
584,sveiss,20,0.00248,50080,6.20266,807395
585,taloric,20,0.00248,50100,6.20514,807395
586,technimad-splunk,20,0.00248,50120,6.20762,807395
587,thmshmm,20,0.00248,50140,6.21010,807395
588,vadeg,20,0.00248,50160,6.21257,807395
589,Vadman97,20,0.00248,50180,6.21505,807395
590,vitor-pinto-maersk,20,0.00248,50200,6.21753,807395
591,vj4iosdev,20,0.00248,50220,6.22000,807395
592,whardier,20,0.00248,50240,6.22248,807395
593,wjrogers,20,0.00248,50260,6.22496,807395
594,yockgen,20,0.00248,50280,6.22744,807395
595,ahkui,19,0.00235,50299,6.22979,807395
596,ahobson,19,0.00235,50318,6.23214,807395
597,Anyuoo,19,0.00235,50337,6.23449,807395
598,bai,19,0.00235,50356,6.23685,807395
599,bhogayatakb,19,0.00235,50375,6.23920,807395
600,birojnayak,19,0.00235,50394,6.24155,807395
601,blakeromano,19,0.00235,50413,6.24391,807395
602,cynthiakedu,19,0.00235,50432,6.24626,807395
603,dacevedo12,19,0.00235,50451,6.24861,807395
604,darcydai,19,0.00235,50470,6.25097,807395
605,eyakimov-bbg,19,0.00235,50489,6.25332,807395
606,fangyi-zhou,19,0.00235,50508,6.25567,807395
607,FranPregernik,19,0.00235,50527,6.25803,807395
608,guillaumep,19,0.00235,50546,6.26038,807395
609,haarakdy,19,0.00235,50565,6.26273,807395
610,jufemaiz,19,0.00235,50584,6.26509,807395
611,lubingfeng,19,0.00235,50603,6.26744,807395
612,Mahpara93,19,0.00235,50622,6.26979,807395
613,marcindruzgala,19,0.00235,50641,6.27215,807395
614,markfink-splunk,19,0.00235,50660,6.27450,807395
615,n1dtec,19,0.00235,50679,6.27685,807395
616,nickstenning,19,0.00235,50698,6.27921,807395
617,petertamuk,19,0.00235,50717,6.28156,807395
618,Qard,19,0.00235,50736,6.28391,807395
619,rrupapara,19,0.00235,50755,6.28627,807395
620,shaul75,19,0.00235,50774,6.28862,807395
621,shyimo,19,0.00235,50793,6.29097,807395
622,sstone1,19,0.00235,50812,6.29333,807395
623,sullis,19,0.00235,50831,6.29568,807395
624,teammakdi,19,0.00235,50850,6.29803,807395
625,thomasdullien,19,0.00235,50869,6.30039,807395
626,tonybaloney,19,0.00235,50888,6.30274,807395
627,Tornhoof,19,0.00235,50907,6.30509,807395
628,vadimberezniker,19,0.00235,50926,6.30745,807395
629,wRLSS,19,0.00235,50945,6.30980,807395
630,xakep139,19,0.00235,50964,6.31215,807395
631,abhisesh,18,0.00223,50982,6.31438,807395
632,adcharre,18,0.00223,51000,6.31661,807395
633,akorompai,18,0.00223,51018,6.31884,807395
634,cristianmadularu,18,0.00223,51036,6.32107,807395
635,dariusclay,18,0.00223,51054,6.32330,807395
636,dhhoang,18,0.00223,51072,6.32553,807395
637,elevenzhan,18,0.00223,51090,6.32776,807395
638,Etienne-Carriere,18,0.00223,51108,6.32999,807395
639,felixge,18,0.00223,51126,6.33222,807395
640,Gauravmeenu,18,0.00223,51144,6.33445,807395
641,GerardPaligot,18,0.00223,51162,6.33668,807395
642,Hangzhi,18,0.00223,51180,6.33890,807395
643,harlonhuang,18,0.00223,51198,6.34113,807395
644,jhonndabi,18,0.00223,51216,6.34336,807395
645,jimshowalter,18,0.00223,51234,6.34559,807395
646,krimeshshah,18,0.00223,51252,6.34782,807395
647,lrwh,18,0.00223,51270,6.35005,807395
648,mariomac,18,0.00223,51288,6.35228,807395
649,MisterSquishy,18,0.00223,51306,6.35451,807395
650,nanorobocop,18,0.00223,51324,6.35674,807395
651,neeraj97,18,0.00223,51342,6.35897,807395
652,prashant-shahi,18,0.00223,51360,6.36120,807395
653,rayrapetyan,18,0.00223,51378,6.36343,807395
654,scprek,18,0.00223,51396,6.36566,807395
655,SergeyLavr,18,0.00223,51414,6.36789,807395
656,SergeyParamoshkin,18,0.00223,51432,6.37012,807395
657,sergioregueira,18,0.00223,51450,6.37235,807395
658,sfc-gh-akrishnan,18,0.00223,51468,6.37458,807395
659,sokoide,18,0.00223,51486,6.37680,807395
660,straussb,18,0.00223,51504,6.37903,807395
661,ymtdzzz,18,0.00223,51522,6.38126,807395
662,zehenrique,18,0.00223,51540,6.38349,807395
663,zfael,18,0.00223,51558,6.38572,807395
664,zhangjiabin1010,18,0.00223,51576,6.38795,807395
665,AjohnsonLS,17,0.00211,51593,6.39006,807395
666,akorade,17,0.00211,51610,6.39216,807395
667,AlexeiScherbakov,17,0.00211,51627,6.39427,807395
668,andrewdinunzio,17,0.00211,51644,6.39637,807395
669,anthony-telljohann,17,0.00211,51661,6.39848,807395
670,bitspradp,17,0.00211,51678,6.40058,807395
671,bmorelli25,17,0.00211,51695,6.40269,807395
672,cataggar,17,0.00211,51712,6.40480,807395
673,domyway,17,0.00211,51729,6.40690,807395
674,dradetsky,17,0.00211,51746,6.40901,807395
675,Dylan-M,17,0.00211,51763,6.41111,807395
676,Emily-Jiang,17,0.00211,51780,6.41322,807395
677,erdemkose,17,0.00211,51797,6.41532,807395
678,EricGreen239,17,0.00211,51814,6.41743,807395
679,ericksoen,17,0.00211,51831,6.41953,807395
680,FantasticGithubUser,17,0.00211,51848,6.42164,807395
681,flier,17,0.00211,51865,6.42375,807395
682,FredrikAugust,17,0.00211,51882,6.42585,807395
683,glademiller,17,0.00211,51899,6.42796,807395
684,gmreads,17,0.00211,51916,6.43006,807395
685,gouslu,17,0.00211,51933,6.43217,807395
686,hangonlyra,17,0.00211,51950,6.43427,807395
687,hjweddie,17,0.00211,51967,6.43638,807395
688,joelmukuthu,17,0.00211,51984,6.43848,807395
689,julien-lebot,17,0.00211,52001,6.44059,807395
690,KarstenSchnitter,17,0.00211,52018,6.44270,807395
691,klagupl,17,0.00211,52035,6.44480,807395
692,krupyansky,17,0.00211,52052,6.44691,807395
693,laojianzi,17,0.00211,52069,6.44901,807395
694,leocavalcante,17,0.00211,52086,6.45112,807395
695,LetzNico,17,0.00211,52103,6.45322,807395
696,mangotron,17,0.00211,52120,6.45533,807395
697,mpostument,17,0.00211,52137,6.45743,807395
698,NamitaJaokar,17,0.00211,52154,6.45954,807395
699,nwalters512,17,0.00211,52171,6.46165,807395
700,ovidiubuligan,17,0.00211,52188,6.46375,807395
701,perhapsmaple,17,0.00211,52205,6.46586,807395
702,santoshkashyap,17,0.00211,52222,6.46796,807395
703,sarkisjad,17,0.00211,52239,6.47007,807395
704,sesto,17,0.00211,52256,6.47217,807395
705,smirnoal,17,0.00211,52273,6.47428,807395
706,sr185436,17,0.00211,52290,6.47638,807395
707,stebet,17,0.00211,52307,6.47849,807395
708,stefvic,17,0.00211,52324,6.48059,807395
709,tnevolin,17,0.00211,52341,6.48270,807395
710,8naama,16,0.00198,52357,6.48468,807395
711,AlexP-Coding,16,0.00198,52373,6.48666,807395
712,alnr,16,0.00198,52389,6.48865,807395
713,benedictfischer09,16,0.00198,52405,6.49063,807395
714,burck1,16,0.00198,52421,6.49261,807395
715,chicobento,16,0.00198,52437,6.49459,807395
716,claudiobastos,16,0.00198,52453,6.49657,807395
717,danielbang907,16,0.00198,52469,6.49855,807395
718,eduojeda,16,0.00198,52485,6.50054,807395
719,foadnh,16,0.00198,52501,6.50252,807395
720,gabswb,16,0.00198,52517,6.50450,807395
721,giltene,16,0.00198,52533,6.50648,807395
722,gregbuehler,16,0.00198,52549,6.50846,807395
723,gsmirnov-splk,16,0.00198,52565,6.51044,807395
724,guyfrid,16,0.00198,52581,6.51243,807395
725,hex1848,16,0.00198,52597,6.51441,807395
726,hinch5,16,0.00198,52613,6.51639,807395
727,jmorrell,16,0.00198,52629,6.51837,807395
728,joostlek,16,0.00198,52645,6.52035,807395
729,jord1e,16,0.00198,52661,6.52233,807395
730,jpmelos,16,0.00198,52677,6.52432,807395
731,kingkongpoon,16,0.00198,52693,6.52630,807395
732,lchayoun,16,0.00198,52709,6.52828,807395
733,lucacome,16,0.00198,52725,6.53026,807395
734,makeavish,16,0.00198,52741,6.53224,807395
735,MalaSundaramoorthy,16,0.00198,52757,6.53422,807395
736,mnbbrown,16,0.00198,52773,6.53621,807395
737,moorara,16,0.00198,52789,6.53819,807395
738,mvkrishna86,16,0.00198,52805,6.54017,807395
739,mydea,16,0.00198,52821,6.54215,807395
740,mzahor,16,0.00198,52837,6.54413,807395
741,nappa85,16,0.00198,52853,6.54611,807395
742,nkelly75,16,0.00198,52869,6.54810,807395
743,pg-yang,16,0.00198,52885,6.55008,807395
744,pizzaz93,16,0.00198,52901,6.55206,807395
745,ptravers,16,0.00198,52917,6.55404,807395
746,rassmate,16,0.00198,52933,6.55602,807395
747,rbailey7210,16,0.00198,52949,6.55800,807395
748,ryan-codaio,16,0.00198,52965,6.55999,807395
749,rydzykje,16,0.00198,52981,6.56197,807395
750,sakthiraam,16,0.00198,52997,6.56395,807395
751,SaschaBrechmannVHV,16,0.00198,53013,6.56593,807395
752,scarshad,16,0.00198,53029,6.56791,807395
753,schmalzs,16,0.00198,53045,6.56989,807395
754,sengjea,16,0.00198,53061,6.57188,807395
755,soulmate1314,16,0.00198,53077,6.57386,807395
756,treasurechristain,16,0.00198,53093,6.57584,807395
757,trevor-dialpad,16,0.00198,53109,6.57782,807395
758,Verlet64,16,0.00198,53125,6.57980,807395
759,vpmedia,16,0.00198,53141,6.58178,807395
760,Wal8800,16,0.00198,53157,6.58377,807395
761,WeihanLi,16,0.00198,53173,6.58575,807395
762,xirzec,16,0.00198,53189,6.58773,807395
763,yamagai,16,0.00198,53205,6.58971,807395
764,ynikitin-etsy,16,0.00198,53221,6.59169,807395
765,youngde811,16,0.00198,53237,6.59367,807395
766,yulin-li,16,0.00198,53253,6.59566,807395
767,yutingcaiyt,16,0.00198,53269,6.59764,807395
768,yzhuang93,16,0.00198,53285,6.59962,807395
769,4lt1,15,0.00186,53300,6.60148,807395
770,Ancient-Dragon,15,0.00186,53315,6.60334,807395
771,bcarter97,15,0.00186,53330,6.60519,807395
772,bnjjj,15,0.00186,53345,6.60705,807395
773,Cainuse,15,0.00186,53360,6.60891,807395
774,calmius,15,0.00186,53375,6.61077,807395
775,cbrand,15,0.00186,53390,6.61262,807395
776,chad122,15,0.00186,53405,6.61448,807395
777,chasekiefer,15,0.00186,53420,6.61634,807395
778,chenmudu,15,0.00186,53435,6.61820,807395
779,chrisleavoy,15,0.00186,53450,6.62006,807395
780,clarck,15,0.00186,53465,6.62191,807395
781,cohen990,15,0.00186,53480,6.62377,807395
782,cschleiden,15,0.00186,53495,6.62563,807395
783,dharmaplay,15,0.00186,53510,6.62749,807395
784,DrLuke,15,0.00186,53525,6.62934,807395
785,Ella-bz,15,0.00186,53540,6.63120,807395
786,Ema93sh,15,0.00186,53555,6.63306,807395
787,evananyonga,15,0.00186,53570,6.63492,807395
788,FernandoNunes,15,0.00186,53585,6.63678,807395
789,grzn,15,0.00186,53600,6.63863,807395
790,GuillaumeDeconinck,15,0.00186,53615,6.64049,807395
791,gurpartb,15,0.00186,53630,6.64235,807395
792,hawkaa,15,0.00186,53645,6.64421,807395
793,ianmcnally,15,0.00186,53660,6.64607,807395
794,ImDevinC,15,0.00186,53675,6.64792,807395
795,Ishmeet,15,0.00186,53690,6.64978,807395
796,javferrod,15,0.00186,53705,6.65164,807395
797,jvigneshcs,15,0.00186,53720,6.65350,807395
798,kenichi,15,0.00186,53735,6.65535,807395
799,khospodarysko,15,0.00186,53750,6.65721,807395
800,lancetarn,15,0.00186,53765,6.65907,807395
801,liguozhong,15,0.00186,53780,6.66093,807395
802,linjunzhe,15,0.00186,53795,6.66279,807395
803,lpriima,15,0.00186,53810,6.66464,807395
804,luka223,15,0.00186,53825,6.66650,807395
805,LukaszByczynski,15,0.00186,53840,6.66836,807395
806,luneo7,15,0.00186,53855,6.67022,807395
807,mdtamim,15,0.00186,53870,6.67208,807395
808,Nico385412,15,0.00186,53885,6.67393,807395
809,ran8080,15,0.00186,53900,6.67579,807395
810,samanthawalter,15,0.00186,53915,6.67765,807395
811,sarincasm,15,0.00186,53930,6.67951,807395
812,sfishel-splunk,15,0.00186,53945,6.68136,807395
813,skadefro,15,0.00186,53960,6.68322,807395
814,subnova-etsy,15,0.00186,53975,6.68508,807395
815,sureshballa,15,0.00186,53990,6.68694,807395
816,terakoya76,15,0.00186,54005,6.68880,807395
817,wdengw,15,0.00186,54020,6.69065,807395
818,wushujames,15,0.00186,54035,6.69251,807395
819,xinfeingxia85,15,0.00186,54050,6.69437,807395
820,xxZap,15,0.00186,54065,6.69623,807395
821,yashaswi2000,15,0.00186,54080,6.69808,807395
822,yonatan555,15,0.00186,54095,6.69994,807395
823,zeno-splunk,15,0.00186,54110,6.70180,807395
824,2start,14,0.00173,54124,6.70353,807395
825,abeach-nr,14,0.00173,54138,6.70527,807395
826,adamegyed,14,0.00173,54152,6.70700,807395
827,agronholm,14,0.00173,54166,6.70874,807395
828,AlexanderMann,14,0.00173,54180,6.71047,807395
829,al-mac,14,0.00173,54194,6.71220,807395
830,ambition-consulting,14,0.00173,54208,6.71394,807395
831,artemrys,14,0.00173,54222,6.71567,807395
832,artem-shorokhov,14,0.00173,54236,6.71741,807395
833,asukhyy,14,0.00173,54250,6.71914,807395
834,bastianeicher,14,0.00173,54264,6.72087,807395
835,batuhansk,14,0.00173,54278,6.72261,807395
836,benonymus,14,0.00173,54292,6.72434,807395
837,bilbof,14,0.00173,54306,6.72608,807395
838,BobinMathew,14,0.00173,54320,6.72781,807395
839,brunomed,14,0.00173,54334,6.72954,807395
840,chrismgrayftsinc,14,0.00173,54348,6.73128,807395
841,c-kruse,14,0.00173,54362,6.73301,807395
842,compoundradius,14,0.00173,54376,6.73475,807395
843,congim,14,0.00173,54390,6.73648,807395
844,d-aguilera,14,0.00173,54404,6.73821,807395
845,davispuh,14,0.00173,54418,6.73995,807395
846,Depechie,14,0.00173,54432,6.74168,807395
847,drewcorlin1,14,0.00173,54446,6.74342,807395
848,dudicoco,14,0.00173,54460,6.74515,807395
849,dustyhorizon,14,0.00173,54474,6.74688,807395
850,FeltrinN,14,0.00173,54488,6.74862,807395
851,Freedisch,14,0.00173,54502,6.75035,807395
852,iocumine,14,0.00173,54516,6.75209,807395
853,ioolkos,14,0.00173,54530,6.75382,807395
854,Jaans,14,0.00173,54544,6.75555,807395
855,jamesmartinpp,14,0.00173,54558,6.75729,807395
856,Juliaj,14,0.00173,54572,6.75902,807395
857,KingJ,14,0.00173,54586,6.76076,807395
858,klubi,14,0.00173,54600,6.76249,807395
859,leonardodalcin,14,0.00173,54614,6.76422,807395
860,LeonD9,14,0.00173,54628,6.76596,807395
861,mariusioana,14,0.00173,54642,6.76769,807395
862,MarkAndersonTrocme,14,0.00173,54656,6.76943,807395
863,markfickett,14,0.00173,54670,6.77116,807395
864,MasonLegere,14,0.00173,54684,6.77289,807395
865,MetalArend,14,0.00173,54698,6.77463,807395
866,midu-vtg,14,0.00173,54712,6.77636,807395
867,moznion,14,0.00173,54726,6.77809,807395
868,mpetazzoni,14,0.00173,54740,6.77983,807395
869,nerochiaro,14,0.00173,54754,6.78156,807395
870,nerstak,14,0.00173,54768,6.78330,807395
871,onespacer,14,0.00173,54782,6.78503,807395
872,pedro-ribeiro,14,0.00173,54796,6.78676,807395
873,phatboyg,14,0.00173,54810,6.78850,807395
874,Pranav-SA,14,0.00173,54824,6.79023,807395
875,quinoant,14,0.00173,54838,6.79197,807395
876,RayZhao1998,14,0.00173,54852,6.79370,807395
877,RSoodAMAT,14,0.00173,54866,6.79543,807395
878,seidelmartin,14,0.00173,54880,6.79717,807395
879,sfenman,14,0.00173,54894,6.79890,807395
880,sschegolev,14,0.00173,54908,6.80064,807395
881,stevesea,14,0.00173,54922,6.80237,807395
882,stickeegreg,14,0.00173,54936,6.80410,807395
883,swapnilashtekar,14,0.00173,54950,6.80584,807395
884,swilcox3,14,0.00173,54964,6.80757,807395
885,syncush,14,0.00173,54978,6.80931,807395
886,TDtianzhenjiu,14,0.00173,54992,6.81104,807395
887,tglanz,14,0.00173,55006,6.81277,807395
888,thgao,14,0.00173,55020,6.81451,807395
889,thomasdesr,14,0.00173,55034,6.81624,807395
890,tonyttz,14,0.00173,55048,6.81798,807395
891,toxic0berliner,14,0.00173,55062,6.81971,807395
892,VAISHALI-NILE,14,0.00173,55076,6.82144,807395
893,ymgyt,14,0.00173,55090,6.82318,807395
894,yunchen-myob,14,0.00173,55104,6.82491,807395
895,zzhutianyu,14,0.00173,55118,6.82665,807395
896,adhocore,13,0.00161,55131,6.82826,807395
897,ale0512,13,0.00161,55144,6.82987,807395
898,alejandrodnm,13,0.00161,55157,6.83148,807395
899,alokmajumder,13,0.00161,55170,6.83309,807395
900,altinokdarici,13,0.00161,55183,6.83470,807395
901,arendjr,13,0.00161,55196,6.83631,807395
902,Arnatious,13,0.00161,55209,6.83792,807395
903,Bataran,13,0.00161,55222,6.83953,807395
904,Bhogayata-Keval,13,0.00161,55235,6.84114,807395
905,bonclay7,13,0.00161,55248,6.84275,807395
906,brett-bim,13,0.00161,55261,6.84436,807395
907,Capncavedan,13,0.00161,55274,6.84597,807395
908,cg110,13,0.00161,55287,6.84758,807395
909,Chad-Ballay,13,0.00161,55300,6.84919,807395
910,chenlujjj,13,0.00161,55313,6.85080,807395
911,chertby,13,0.00161,55326,6.85241,807395
912,clesleycode,13,0.00161,55339,6.85402,807395
913,cmunger,13,0.00161,55352,6.85563,807395
914,codelipenghui,13,0.00161,55365,6.85724,807395
915,dailydismay,13,0.00161,55378,6.85885,807395
916,DCjanus,13,0.00161,55391,6.86046,807395
917,devops-42,13,0.00161,55404,6.86207,807395
918,dgarciarubio,13,0.00161,55417,6.86368,807395
919,dgcom,13,0.00161,55430,6.86529,807395
920,dhruvCW,13,0.00161,55443,6.86690,807395
921,ElementalWarrior,13,0.00161,55456,6.86851,807395
922,fcevado,13,0.00161,55469,6.87012,807395
923,flycash,13,0.00161,55482,6.87173,807395
924,Folyd,13,0.00161,55495,6.87334,807395
925,fuleow,13,0.00161,55508,6.87495,807395
926,gabrieljones,13,0.00161,55521,6.87656,807395
927,gajavallisantosh,13,0.00161,55534,6.87817,807395
928,gjanco,13,0.00161,55547,6.87978,807395
929,GoPavel,13,0.00161,55560,6.88139,807395
930,hasanfd,13,0.00161,55573,6.88300,807395
931,imccarten1,13,0.00161,55586,6.88461,807395
932,jaredjenkins,13,0.00161,55599,6.88622,807395
933,jarlefosen,13,0.00161,55612,6.88783,807395
934,johnkerl,13,0.00161,55625,6.88944,807395
935,joshcarp,13,0.00161,55638,6.89105,807395
936,josh-endries,13,0.00161,55651,6.89266,807395
937,jprinet,13,0.00161,55664,6.89427,807395
938,kang-makes,13,0.00161,55677,6.89588,807395
939,kjg,13,0.00161,55690,6.89749,807395
940,KonH,13,0.00161,55703,6.89910,807395
941,liorzmetis,13,0.00161,55716,6.90071,807395
942,livmackintosh,13,0.00161,55729,6.90232,807395
943,Lng88,13,0.00161,55742,6.90393,807395
944,luongdangvp2000,13,0.00161,55755,6.90554,807395
945,malkia,13,0.00161,55768,6.90715,807395
946,matianjun1,13,0.00161,55781,6.90876,807395
947,maxisme,13,0.00161,55794,6.91037,807395
948,mbrevda,13,0.00161,55807,6.91198,807395
949,mcube8,13,0.00161,55820,6.91359,807395
950,Migueljfs,13,0.00161,55833,6.91520,807395
951,miyucy,13,0.00161,55846,6.91681,807395
952,nachogiljaldo,13,0.00161,55859,6.91842,807395
953,NareshChinnusamy,13,0.00161,55872,6.92003,807395
954,nicolasderycke,13,0.00161,55885,6.92164,807395
955,nirev,13,0.00161,55898,6.92325,807395
956,ozoz03,13,0.00161,55911,6.92486,807395
957,PaarthB,13,0.00161,55924,6.92647,807395
958,Prajithp,13,0.00161,55937,6.92808,807395
959,ravindra-dyte,13,0.00161,55950,6.92969,807395
960,rmosolgo,13,0.00161,55963,6.93130,807395
961,SHaaD94,13,0.00161,55976,6.93291,807395
962,shmilyoo,13,0.00161,55989,6.93452,807395
963,siketyan,13,0.00161,56002,6.93613,807395
964,spidercensus,13,0.00161,56015,6.93774,807395
965,steven-aerts,13,0.00161,56028,6.93935,807395
966,tanweeralii,13,0.00161,56041,6.94096,807395
967,ttd2089,13,0.00161,56054,6.94257,807395
968,TuckTuckFloof,13,0.00161,56067,6.94418,807395
969,vermaprateek695,13,0.00161,56080,6.94579,807395
970,wtcampos,13,0.00161,56093,6.94740,807395
971,zlozano,13,0.00161,56106,6.94902,807395
972,aadharsh-rengarajan,12,0.00149,56118,6.95050,807395
973,ahaeber,12,0.00149,56130,6.95199,807395
974,AJ-54,12,0.00149,56142,6.95347,807395
975,alanisaac,12,0.00149,56154,6.95496,807395
976,anubhavkrdhiman,12,0.00149,56166,6.95645,807395
977,arnogeurts-sqills,12,0.00149,56178,6.95793,807395
978,austindrenski,12,0.00149,56190,6.95942,807395
979,brianmolinaspring,12,0.00149,56202,6.96091,807395
980,buptubuntu,12,0.00149,56214,6.96239,807395
981,Bush5580,12,0.00149,56226,6.96388,807395
982,buvinghausen,12,0.00149,56238,6.96536,807395
983,CarsonCook,12,0.00149,56250,6.96685,807395
984,dboreham,12,0.00149,56262,6.96834,807395
985,drewtoto,12,0.00149,56274,6.96982,807395
986,dsvanlani,12,0.00149,56286,6.97131,807395
987,e-dard,12,0.00149,56298,6.97280,807395
988,EmpireErwinKooi,12,0.00149,56310,6.97428,807395
989,eugeniyk,12,0.00149,56322,6.97577,807395
990,fadeltd,12,0.00149,56334,6.97725,807395
991,falken,12,0.00149,56346,6.97874,807395
992,florimondmanca,12,0.00149,56358,6.98023,807395
993,franz1981,12,0.00149,56370,6.98171,807395
994,freshgeek,12,0.00149,56382,6.98320,807395
995,GreyCat,12,0.00149,56394,6.98469,807395
996,halayli,12,0.00149,56406,6.98617,807395
997,hamidp555,12,0.00149,56418,6.98766,807395
998,hasier,12,0.00149,56430,6.98914,807395
999,hkrutzer,12,0.00149,56442,6.99063,807395
1000,holyjak,12,0.00149,56454,6.99212,807395
1001,icco,12,0.00149,56466,6.99360,807395
1002,jaehnri,12,0.00149,56478,6.99509,807395
1003,Jaskaranbir,12,0.00149,56490,6.99658,807395
1004,jdlubrano,12,0.00149,56502,6.99806,807395
1005,jefferbrecht,12,0.00149,56514,6.99955,807395
1006,jorgeancal,12,0.00149,56526,7.00103,807395
1007,juliocleal13,12,0.00149,56538,7.00252,807395
1008,jviau,12,0.00149,56550,7.00401,807395
1009,kaibocai7,12,0.00149,56562,7.00549,807395
1010,KasonBraley,12,0.00149,56574,7.00698,807395
1011,KentaYoshitani,12,0.00149,56586,7.00847,807395
1012,kongluoxing,12,0.00149,56598,7.00995,807395
1013,kushal-ti,12,0.00149,56610,7.01144,807395
1014,lenin-jaganathan,12,0.00149,56622,7.01292,807395
1015,ljmsc,12,0.00149,56634,7.01441,807395
1016,lufia,12,0.00149,56646,7.01590,807395
1017,martinrw,12,0.00149,56658,7.01738,807395
1018,meteorlxy,12,0.00149,56670,7.01887,807395
1019,mfrister,12,0.00149,56682,7.02036,807395
1020,michellejae,12,0.00149,56694,7.02184,807395
1021,mkielar,12,0.00149,56706,7.02333,807395
1022,mkrudele,12,0.00149,56718,7.02481,807395
1023,MrSparc,12,0.00149,56730,7.02630,807395
1024,NanyinK,12,0.00149,56742,7.02779,807395
1025,neoeinstein,12,0.00149,56754,7.02927,807395
1026,nijave,12,0.00149,56766,7.03076,807395
1027,Oleg26Dev,12,0.00149,56778,7.03225,807395
1028,oxeye-yuval,12,0.00149,56790,7.03373,807395
1029,PedroAugustoRamalhoDuarte,12,0.00149,56802,7.03522,807395
1030,prochnowc,12,0.00149,56814,7.03670,807395
1031,RazGvili,12,0.00149,56826,7.03819,807395
1032,rjbaucells,12,0.00149,56838,7.03968,807395
1033,runningcode,12,0.00149,56850,7.04116,807395
1034,saikiran1043,12,0.00149,56862,7.04265,807395
1035,scaugrated,12,0.00149,56874,7.04414,807395
1036,shelefg,12,0.00149,56886,7.04562,807395
1037,sl1316,12,0.00149,56898,7.04711,807395
1038,starzhanganz,12,0.00149,56910,7.04859,807395
1039,thatsdone,12,0.00149,56922,7.05008,807395
1040,ThePumpingLemma,12,0.00149,56934,7.05157,807395
1041,tim-mwangi,12,0.00149,56946,7.05305,807395
1042,tmeadon,12,0.00149,56958,7.05454,807395
1043,TomasLongo,12,0.00149,56970,7.05603,807395
1044,tombiddulph,12,0.00149,56982,7.05751,807395
1045,v-y-l,12,0.00149,56994,7.05900,807395
1046,waynexia,12,0.00149,57006,7.06048,807395
1047,wojtekmach,12,0.00149,57018,7.06197,807395
1048,xd009642,12,0.00149,57030,7.06346,807395
1049,yhvicey,12,0.00149,57042,7.06494,807395
1050,yzcyayaya,12,0.00149,57054,7.06643,807395
1051,62mkv,11,0.00136,57065,7.06779,807395
1052,aaronrenner,11,0.00136,57076,7.06915,807395
1053,akehlenbeck,11,0.00136,57087,7.07052,807395
1054,akshah123,11,0.00136,57098,7.07188,807395
1055,alex1704,11,0.00136,57109,7.07324,807395
1056,anand3493,11,0.00136,57120,7.07460,807395
1057,andrew-matteson,11,0.00136,57131,7.07597,807395
1058,Anu-MT,11,0.00136,57142,7.07733,807395
1059,ArielGMachado,11,0.00136,57153,7.07869,807395
1060,ArijitDesai,11,0.00136,57164,7.08005,807395
1061,aspectom,11,0.00136,57175,7.08142,807395
1062,axiangcoding,11,0.00136,57186,7.08278,807395
1063,banandh,11,0.00136,57197,7.08414,807395
1064,blackluck,11,0.00136,57208,7.08550,807395
1065,bobheadxi,11,0.00136,57219,7.08687,807395
1066,brianashby-sfx,11,0.00136,57230,7.08823,807395
1067,brianpham,11,0.00136,57241,7.08959,807395
1068,BuildMan-Alpha,11,0.00136,57252,7.09095,807395
1069,CharlesMasson,11,0.00136,57263,7.09232,807395
1070,chenkaiyin1201,11,0.00136,57274,7.09368,807395
1071,chrissam,11,0.00136,57285,7.09504,807395
1072,csquire,11,0.00136,57296,7.09640,807395
1073,Cull-Methi,11,0.00136,57307,7.09777,807395
1074,danhngo-lx,11,0.00136,57318,7.09913,807395
1075,davidmandle,11,0.00136,57329,7.10049,807395
1076,djjayeeta,11,0.00136,57340,7.10185,807395
1077,dpbevin,11,0.00136,57351,7.10321,807395
1078,Efrat19,11,0.00136,57362,7.10458,807395
1079,etiennejournet,11,0.00136,57373,7.10594,807395
1080,fabiovn,11,0.00136,57384,7.10730,807395
1081,flexoid,11,0.00136,57395,7.10866,807395
1082,floric,11,0.00136,57406,7.11003,807395
1083,forestsword,11,0.00136,57417,7.11139,807395
1084,FreakyNobleGas,11,0.00136,57428,7.11275,807395
1085,greaterthanmost,11,0.00136,57439,7.11411,807395
1086,heruv1m,11,0.00136,57450,7.11548,807395
1087,hnhbwlp,11,0.00136,57461,7.11684,807395
1088,hoyon,11,0.00136,57472,7.11820,807395
1089,ibraimgm,11,0.00136,57483,7.11956,807395
1090,imadmoussa1,11,0.00136,57494,7.12093,807395
1091,ImoutoChan,11,0.00136,57505,7.12229,807395
1092,Jackmin801,11,0.00136,57516,7.12365,807395
1093,jessitron,11,0.00136,57527,7.12501,807395
1094,jinfanzon,11,0.00136,57538,7.12638,807395
1095,jiwen624,11,0.00136,57549,7.12774,807395
1096,jlisee,11,0.00136,57560,7.12910,807395
1097,Johnny850807,11,0.00136,57571,7.13046,807395
1098,jojotong,11,0.00136,57582,7.13183,807395
1099,Jungle666,11,0.00136,57593,7.13319,807395
1100,kamalhussain,11,0.00136,57604,7.13455,807395
1101,kjordy,11,0.00136,57615,7.13591,807395
1102,knutwannheden,11,0.00136,57626,7.13727,807395
1103,kstasik,11,0.00136,57637,7.13864,807395
1104,kudlatyamroth,11,0.00136,57648,7.14000,807395
1105,lanxenet,11,0.00136,57659,7.14136,807395
1106,Leela-SR,11,0.00136,57670,7.14272,807395
1107,lhintzsc,11,0.00136,57681,7.14409,807395
1108,lpsinger,11,0.00136,57692,7.14545,807395
1109,matteoga,11,0.00136,57703,7.14681,807395
1110,mircohaug,11,0.00136,57714,7.14817,807395
1111,mjobin-mdsol,11,0.00136,57725,7.14954,807395
1112,mjrlgue,11,0.00136,57736,7.15090,807395
1113,mmorev,11,0.00136,57747,7.15226,807395
1114,mms2409,11,0.00136,57758,7.15362,807395
1115,morus12,11,0.00136,57769,7.15499,807395
1116,muneernet,11,0.00136,57780,7.15635,807395
1117,naser-ayat,11,0.00136,57791,7.15771,807395
1118,NassimBtk,11,0.00136,57802,7.15907,807395
1119,navin-rai,11,0.00136,57813,7.16044,807395
1120,nicholasgribanov,11,0.00136,57824,7.16180,807395
1121,nikore,11,0.00136,57835,7.16316,807395
1122,Oncilla,11,0.00136,57846,7.16452,807395
1123,pardahlman,11,0.00136,57857,7.16589,807395
1124,PeterSzegedi,11,0.00136,57868,7.16725,807395
1125,pijusn,11,0.00136,57879,7.16861,807395
1126,ppumkin,11,0.00136,57890,7.16997,807395
1127,prodion23,11,0.00136,57901,7.17133,807395
1128,rafa-munoz,11,0.00136,57912,7.17270,807395
1129,raunaqgupta,11,0.00136,57923,7.17406,807395
1130,rgmills,11,0.00136,57934,7.17542,807395
1131,RichardWright,11,0.00136,57945,7.17678,807395
1132,robertsben,11,0.00136,57956,7.17815,807395
1133,semicoleon,11,0.00136,57967,7.17951,807395
1134,sethmaxwl,11,0.00136,57978,7.18087,807395
1135,sfc-gh-aivanou,11,0.00136,57989,7.18223,807395
1136,sfc-gh-bdrutu,11,0.00136,58000,7.18360,807395
1137,shantanu-vsbhosale,11,0.00136,58011,7.18496,807395
1138,shinkle-procore,11,0.00136,58022,7.18632,807395
1139,shubham-bansal96,11,0.00136,58033,7.18768,807395
1140,siddhant-khisty,11,0.00136,58044,7.18905,807395
1141,smnbbrv,11,0.00136,58055,7.19041,807395
1142,spanglerco,11,0.00136,58066,7.19177,807395
1143,sweetpotato0,11,0.00136,58077,7.19313,807395
1144,tqwewe,11,0.00136,58088,7.19450,807395
1145,victoraugustolls,11,0.00136,58099,7.19586,807395
1146,Wolodija,11,0.00136,58110,7.19722,807395
1147,ZiweiZhao,11,0.00136,58121,7.19858,807395
1148,zpzhuSplunk,11,0.00136,58132,7.19995,807395
1149,971758118,10,0.00124,58142,7.20118,807395
1150,abdolsamad,10,0.00124,58152,7.20242,807395
1151,ahadnagy,10,0.00124,58162,7.20366,807395
1152,akalita-conga,10,0.00124,58172,7.20490,807395
1153,alexcameron89,10,0.00124,58182,7.20614,807395
1154,Alkorin,10,0.00124,58192,7.20738,807395
1155,amitvermaa3101,10,0.00124,58202,7.20862,807395
1156,aniaan,10,0.00124,58212,7.20985,807395
1157,aunshc,10,0.00124,58222,7.21109,807395
1158,AustinSchoen,10,0.00124,58232,7.21233,807395
1159,avijitsarkar123,10,0.00124,58242,7.21357,807395
1160,ballensans,10,0.00124,58252,7.21481,807395
1161,bigqi0812,10,0.00124,58262,7.21605,807395
1162,bolandoboy,10,0.00124,58272,7.21729,807395
1163,brechr,10,0.00124,58282,7.21852,807395
1164,BrentDouglas,10,0.00124,58292,7.21976,807395
1165,brettimus,10,0.00124,58302,7.22100,807395
1166,brunomasantos,10,0.00124,58312,7.22224,807395
1167,bthomee,10,0.00124,58322,7.22348,807395
1168,bvwells,10,0.00124,58332,7.22472,807395
1169,cabadam,10,0.00124,58342,7.22596,807395
1170,Caleb-Hurshman,10,0.00124,58352,7.22719,807395
1171,candrewtemenoscom,10,0.00124,58362,7.22843,807395
1172,CatalinAdlerDF,10,0.00124,58372,7.22967,807395
1173,chchaffin,10,0.00124,58382,7.23091,807395
1174,cjbhaines,10,0.00124,58392,7.23215,807395
1175,CleanCut,10,0.00124,58402,7.23339,807395
1176,clouedoc,10,0.00124,58412,7.23462,807395
1177,CrowdHailer,10,0.00124,58422,7.23586,807395
1178,daoweili,10,0.00124,58432,7.23710,807395
1179,DinaYakovlev,10,0.00124,58442,7.23834,807395
1180,dlahn,10,0.00124,58452,7.23958,807395
1181,dominthomas,10,0.00124,58462,7.24082,807395
1182,donbourne,10,0.00124,58472,7.24206,807395
1183,doppleware,10,0.00124,58482,7.24329,807395
1184,DWonMtl,10,0.00124,58492,7.24453,807395
1185,eharaj1,10,0.00124,58502,7.24577,807395
1186,ElectricVampire,10,0.00124,58512,7.24701,807395
1187,EricBuist,10,0.00124,58522,7.24825,807395
1188,evilpilaf,10,0.00124,58532,7.24949,807395
1189,evkuzin,10,0.00124,58542,7.25073,807395
1190,faec,10,0.00124,58552,7.25196,807395
1191,fasterthanlime,10,0.00124,58562,7.25320,807395
1192,firefixmaarten,10,0.00124,58572,7.25444,807395
1193,fourbytes,10,0.00124,58582,7.25568,807395
1194,francisdb,10,0.00124,58592,7.25692,807395
1195,frommeyerc,10,0.00124,58602,7.25816,807395
1196,fsalvini,10,0.00124,58612,7.25940,807395
1197,FuyuanChu,10,0.00124,58622,7.26063,807395
1198,FWinkler79,10,0.00124,58632,7.26187,807395
1199,Go-pye,10,0.00124,58642,7.26311,807395
1200,haseeb-aziz,10,0.00124,58652,7.26435,807395
1201,HashemTaheriSonos,10,0.00124,58662,7.26559,807395
1202,HessTina-YuI,10,0.00124,58672,7.26683,807395
1203,Illia-M,10,0.00124,58682,7.26807,807395
1204,iRevive,10,0.00124,58692,7.26930,807395
1205,ivgotcrazy,10,0.00124,58702,7.27054,807395
1206,jimeh,10,0.00124,58712,7.27178,807395
1207,jparsana,10,0.00124,58722,7.27302,807395
1208,kadhamecha-conga,10,0.00124,58732,7.27426,807395
1209,kcirone,10,0.00124,58742,7.27550,807395
1210,keepgoing147,10,0.00124,58752,7.27674,807395
1211,keithkroeger,10,0.00124,58762,7.27797,807395
1212,kiapanahi,10,0.00124,58772,7.27921,807395
1213,konicasaini,10,0.00124,58782,7.28045,807395
1214,lf-,10,0.00124,58792,7.28169,807395
1215,lordpixel23,10,0.00124,58802,7.28293,807395
1216,ltyson,10,0.00124,58812,7.28417,807395
1217,lukiano,10,0.00124,58822,7.28541,807395
1218,lu-xiaoshuang,10,0.00124,58832,7.28664,807395
1219,lyl156,10,0.00124,58842,7.28788,807395
1220,macno,10,0.00124,58852,7.28912,807395
1221,matklad,10,0.00124,58862,7.29036,807395
1222,maxmil7,10,0.00124,58872,7.29160,807395
1223,michaeljohnalbers,10,0.00124,58882,7.29284,807395
1224,mshebeko-twist,10,0.00124,58892,7.29408,807395
1225,Mwad22,10,0.00124,58902,7.29531,807395
1226,nahk-ivanov,10,0.00124,58912,7.29655,807395
1227,narasimharaojm,10,0.00124,58922,7.29779,807395
1228,nayang7,10,0.00124,58932,7.29903,807395
1229,nerumo,10,0.00124,58942,7.30027,807395
1230,ngnpope,10,0.00124,58952,7.30151,807395
1231,NICK-DUAN,10,0.00124,58962,7.30275,807395
1232,niemyjski,10,0.00124,58972,7.30398,807395
1233,n-oden,10,0.00124,58982,7.30522,807395
1234,OHeimlich,10,0.00124,58992,7.30646,807395
1235,owent-api,10,0.00124,59002,7.30770,807395
1236,oxeye-gal,10,0.00124,59012,7.30894,807395
1237,PatrikSteuer,10,0.00124,59022,7.31018,807395
1238,paulgrav,10,0.00124,59032,7.31142,807395
1239,PiotrLewandowski323,10,0.00124,59042,7.31265,807395
1240,pjachowi,10,0.00124,59052,7.31389,807395
1241,pl4nty,10,0.00124,59062,7.31513,807395
1242,qhris,10,0.00124,59072,7.31637,807395
1243,rabunkosar-dd,10,0.00124,59082,7.31761,807395
1244,rajat315315,10,0.00124,59092,7.31885,807395
1245,ralongit,10,0.00124,59102,7.32008,807395
1246,ransoor2,10,0.00124,59112,7.32132,807395
1247,ravangen,10,0.00124,59122,7.32256,807395
1248,rbizos,10,0.00124,59132,7.32380,807395
1249,regeda,10,0.00124,59142,7.32504,807395
1250,rnishtala,10,0.00124,59152,7.32628,807395
1251,rohits-splunk,10,0.00124,59162,7.32752,807395
1252,RunzhongHuang,10,0.00124,59172,7.32875,807395
1253,ryhinchey,10,0.00124,59182,7.32999,807395
1254,sahejsingh,10,0.00124,59192,7.33123,807395
1255,SamerJ,10,0.00124,59202,7.33247,807395
1256,sam-leitch-oxb,10,0.00124,59212,7.33371,807395
1257,schafle,10,0.00124,59222,7.33495,807395
1258,SebastianStehle,10,0.00124,59232,7.33619,807395
1259,Seefooo,10,0.00124,59242,7.33742,807395
1260,ShadowySpirits,10,0.00124,59252,7.33866,807395
1261,shaz1v,10,0.00124,59262,7.33990,807395
1262,shreyagupta30,10,0.00124,59272,7.34114,807395
1263,simitt,10,0.00124,59282,7.34238,807395
1264,smithi76,10,0.00124,59292,7.34362,807395
1265,Sobuno,10,0.00124,59302,7.34486,807395
1266,spedersen-emailage,10,0.00124,59312,7.34609,807395
1267,SSPAGNAMN76,10,0.00124,59322,7.34733,807395
1268,subnova,10,0.00124,59332,7.34857,807395
1269,Sunilwali679,10,0.00124,59342,7.34981,807395
1270,SyntaxEvg,10,0.00124,59352,7.35105,807395
1271,talboren,10,0.00124,59362,7.35229,807395
1272,tbragin,10,0.00124,59372,7.35353,807395
1273,thaodt,10,0.00124,59382,7.35476,807395
1274,tierra,10,0.00124,59392,7.35600,807395
1275,TimHess,10,0.00124,59402,7.35724,807395
1276,trudyq,10,0.00124,59412,7.35848,807395
1277,tyler92,10,0.00124,59422,7.35972,807395
1278,vangarp,10,0.00124,59432,7.36096,807395
1279,vidommet,10,0.00124,59442,7.36220,807395
1280,Weil0ng,10,0.00124,59452,7.36343,807395
1281,Xaeroxe,10,0.00124,59462,7.36467,807395
1282,xiongchun,10,0.00124,59472,7.36591,807395
1283,zbhuang2008,10,0.00124,59482,7.36715,807395
1284,zoobert,10,0.00124,59492,7.36839,807395
1285,zwskymoon,10,0.00124,59502,7.36963,807395
1286,adityashirodkar,9,0.00111,59511,7.37074,807395
1287,airhorns,9,0.00111,59520,7.37186,807395
1288,Alon-Katz,9,0.00111,59529,7.37297,807395
1289,andrewhood125,9,0.00111,59538,7.37409,807395
1290,andyfleming-shopify,9,0.00111,59547,7.37520,807395
1291,anguisa,9,0.00111,59556,7.37632,807395
1292,AntonKueltz,9,0.00111,59565,7.37743,807395
1293,arademm,9,0.00111,59574,7.37854,807395
1294,b-devinssuresh-cvet,9,0.00111,59583,7.37966,807395
1295,benbek,9,0.00111,59592,7.38077,807395
1296,BlakeWills,9,0.00111,59601,7.38189,807395
1297,boxdot,9,0.00111,59610,7.38300,807395
1298,brettlangdon,9,0.00111,59619,7.38412,807395
1299,catkkt,9,0.00111,59628,7.38523,807395
1300,ckt114,9,0.00111,59637,7.38635,807395
1301,CoLa5,9,0.00111,59646,7.38746,807395
1302,cole-easton,9,0.00111,59655,7.38858,807395
1303,cookiefission,9,0.00111,59664,7.38969,807395
1304,DAMACANER,9,0.00111,59673,7.39081,807395
1305,danspark,9,0.00111,59682,7.39192,807395
1306,danw-mpl,9,0.00111,59691,7.39304,807395
1307,darkliquid,9,0.00111,59700,7.39415,807395
1308,davan-nl,9,0.00111,59709,7.39527,807395
1309,DavitSo,9,0.00111,59718,7.39638,807395
1310,devopsmetis,9,0.00111,59727,7.39749,807395
1311,dgoffredo,9,0.00111,59736,7.39861,807395
1312,dgrozenok,9,0.00111,59745,7.39972,807395
1313,DianaOlympos,9,0.00111,59754,7.40084,807395
1314,Div95,9,0.00111,59763,7.40195,807395
1315,djknowles21,9,0.00111,59772,7.40307,807395
1316,drichards188,9,0.00111,59781,7.40418,807395
1317,ebrake,9,0.00111,59790,7.40530,807395
1318,ejoreo,9,0.00111,59799,7.40641,807395
1319,elaous,9,0.00111,59808,7.40753,807395
1320,emschwartz,9,0.00111,59817,7.40864,807395
1321,euskadi31,9,0.00111,59826,7.40976,807395
1322,Falmarri,9,0.00111,59835,7.41087,807395
1323,Fenkiou,9,0.00111,59844,7.41199,807395
1324,FernandoNunesWK,9,0.00111,59853,7.41310,807395
1325,francisminu,9,0.00111,59862,7.41421,807395
1326,geekrypter,9,0.00111,59871,7.41533,807395
1327,geoffreytran,9,0.00111,59880,7.41644,807395
1328,googol,9,0.00111,59889,7.41756,807395
1329,greatestusername-splunk,9,0.00111,59898,7.41867,807395
1330,Gromcio,9,0.00111,59907,7.41979,807395
1331,harishbohara11,9,0.00111,59916,7.42090,807395
1332,Harnoor-se7en,9,0.00111,59925,7.42202,807395
1333,hieven,9,0.00111,59934,7.42313,807395
1334,hu6360567,9,0.00111,59943,7.42425,807395
1335,ideepika,9,0.00111,59952,7.42536,807395
1336,ithompson-gp,9,0.00111,59961,7.42648,807395
1337,jacostro,9,0.00111,59970,7.42759,807395
1338,jamescrosswell,9,0.00111,59979,7.42871,807395
1339,jamesdesmond,9,0.00111,59988,7.42982,807395
1340,jan-xyz,9,0.00111,59997,7.43094,807395
1341,JapuDCret,9,0.00111,60006,7.43205,807395
1342,jdalmas,9,0.00111,60015,7.43316,807395
1343,jean,9,0.00111,60024,7.43428,807395
1344,jeffreye,9,0.00111,60033,7.43539,807395
1345,jixiuf,9,0.00111,60042,7.43651,807395
1346,jowliwon,9,0.00111,60051,7.43762,807395
1347,KamJohn,9,0.00111,60060,7.43874,807395
1348,karianna,9,0.00111,60069,7.43985,807395
1349,kennykarnama,9,0.00111,60078,7.44097,807395
1350,kevingosse,9,0.00111,60087,7.44208,807395
1351,klboke,9,0.00111,60096,7.44320,807395
1352,kostyaLem,9,0.00111,60105,7.44431,807395
1353,KqLLL,9,0.00111,60114,7.44543,807395
1354,kuza55,9,0.00111,60123,7.44654,807395
1355,lmangani,9,0.00111,60132,7.44766,807395
1356,macabeus,9,0.00111,60141,7.44877,807395
1357,maksim77,9,0.00111,60150,7.44989,807395
1358,maksimstankevic,9,0.00111,60159,7.45100,807395
1359,masonmei,9,0.00111,60168,7.45211,807395
1360,mdrakiburrahman,9,0.00111,60177,7.45323,807395
1361,mensfeld,9,0.00111,60186,7.45434,807395
1362,midnightexigent,9,0.00111,60195,7.45546,807395
1363,millsp,9,0.00111,60204,7.45657,807395
1364,mllab-nl,9,0.00111,60213,7.45769,807395
1365,moertel,9,0.00111,60222,7.45880,807395
1366,monoviolento,9,0.00111,60231,7.45992,807395
1367,mustafa-torun,9,0.00111,60240,7.46103,807395
1368,Narenderbhcu,9,0.00111,60249,7.46215,807395
1369,nblumhardt,9,0.00111,60258,7.46326,807395
1370,Nemeczek,9,0.00111,60267,7.46438,807395
1371,NetDevDewm,9,0.00111,60276,7.46549,807395
1372,nheudecker,9,0.00111,60285,7.46661,807395
1373,nkhitrov,9,0.00111,60294,7.46772,807395
1374,pallix,9,0.00111,60303,7.46883,807395
1375,patsonluk,9,0.00111,60312,7.46995,807395
1376,PauliusB,9,0.00111,60321,7.47106,807395
1377,Paulskit,9,0.00111,60330,7.47218,807395
1378,peachisai,9,0.00111,60339,7.47329,807395
1379,pedrolamarao,9,0.00111,60348,7.47441,807395
1380,Place1,9,0.00111,60357,7.47552,807395
1381,pokutuna,9,0.00111,60366,7.47664,807395
1382,quickgiant,9,0.00111,60375,7.47775,807395
1383,rebeccajae,9,0.00111,60384,7.47887,807395
1384,rizkybiz,9,0.00111,60393,7.47998,807395
1385,robbie-unlikelyai,9,0.00111,60402,7.48110,807395
1386,roman-kovalev,9,0.00111,60411,7.48221,807395
1387,roychshao,9,0.00111,60420,7.48333,807395
1388,rwkarg,9,0.00111,60429,7.48444,807395
1389,saikalyan-bhagavathula,9,0.00111,60438,7.48556,807395
1390,SaumyaBhushan,9,0.00111,60447,7.48667,807395
1391,sebastian-qm,9,0.00111,60456,7.48778,807395
1392,Shane32,9,0.00111,60465,7.48890,807395
1393,shrutich91,9,0.00111,60474,7.49001,807395
1394,sirandysaunders,9,0.00111,60483,7.49113,807395
1395,sonro,9,0.00111,60492,7.49224,807395
1396,srstrong,9,0.00111,60501,7.49336,807395
1397,stabone-gig,9,0.00111,60510,7.49447,807395
1398,stephencranedesign,9,0.00111,60519,7.49559,807395
1399,syamalaids,9,0.00111,60528,7.49670,807395
1400,taozhijiang,9,0.00111,60537,7.49782,807395
1401,tgrieger-sf,9,0.00111,60546,7.49893,807395
1402,tim-oster,9,0.00111,60555,7.50005,807395
1403,tkyun123,9,0.00111,60564,7.50116,807395
1404,toddtarsi,9,0.00111,60573,7.50228,807395
1405,tomstreet,9,0.00111,60582,7.50339,807395
1406,TopoDiFogna,9,0.00111,60591,7.50451,807395
1407,treuherz,9,0.00111,60600,7.50562,807395
1408,trustin,9,0.00111,60609,7.50673,807395
1409,tshinde-splunk,9,0.00111,60618,7.50785,807395
1410,tsloughter-splunk,9,0.00111,60627,7.50896,807395
1411,velvia,9,0.00111,60636,7.51008,807395
1412,Vivanov98,9,0.00111,60645,7.51119,807395
1413,vkroy100,9,0.00111,60654,7.51231,807395
1414,Vyankatesh5,9,0.00111,60663,7.51342,807395
1415,wang007,9,0.00111,60672,7.51454,807395
1416,Wanshell,9,0.00111,60681,7.51565,807395
1417,weslenteche,9,0.00111,60690,7.51677,807395
1418,wilsonrivera,9,0.00111,60699,7.51788,807395
1419,wisdommatt,9,0.00111,60708,7.51900,807395
1420,wosc,9,0.00111,60717,7.52011,807395
1421,XiXiaPdx,9,0.00111,60726,7.52123,807395
1422,yesmarket,9,0.00111,60735,7.52234,807395
1423,zeyadkhaled,9,0.00111,60744,7.52346,807395
1424,zionsofer,9,0.00111,60753,7.52457,807395
1425,880831ian,8,0.00099,60761,7.52556,807395
1426,abelharisov,8,0.00099,60769,7.52655,807395
1427,ananthakumaran,8,0.00099,60777,7.52754,807395
1428,anarwal,8,0.00099,60785,7.52853,807395
1429,andrewsjg,8,0.00099,60793,7.52952,807395
1430,andy-retailnext,8,0.00099,60801,7.53051,807395
1431,angelopoerio,8,0.00099,60809,7.53151,807395
1432,Anisha-28,8,0.00099,60817,7.53250,807395
1433,awxfeix,8,0.00099,60825,7.53349,807395
1434,bcoquell,8,0.00099,60833,7.53448,807395
1435,bengl,8,0.00099,60841,7.53547,807395
1436,ben-manes,8,0.00099,60849,7.53646,807395
1437,BitFis,8,0.00099,60857,7.53745,807395
1438,biuboombiuboom,8,0.00099,60865,7.53844,807395
1439,blouflashdb,8,0.00099,60873,7.53943,807395
1440,bnikster,8,0.00099,60881,7.54042,807395
1441,bobolue44,8,0.00099,60889,7.54141,807395
1442,bokjo,8,0.00099,60897,7.54240,807395
1443,boriwo,8,0.00099,60905,7.54340,807395
1444,breno-alves,8,0.00099,60913,7.54439,807395
1445,bschoenmaeckers,8,0.00099,60921,7.54538,807395
1446,bullno1,8,0.00099,60929,7.54637,807395
1447,camdencheek,8,0.00099,60937,7.54736,807395
1448,carlreid,8,0.00099,60945,7.54835,807395
1449,cdash415,8,0.00099,60953,7.54934,807395
1450,cecton,8,0.00099,60961,7.55033,807395
1451,christian-schwarzbauer,8,0.00099,60969,7.55132,807395
1452,cmuelhau,8,0.00099,60977,7.55231,807395
1453,cnbleu,8,0.00099,60985,7.55330,807395
1454,codesmon,8,0.00099,60993,7.55429,807395
1455,cpackingham,8,0.00099,61001,7.55529,807395
1456,daidokoro,8,0.00099,61009,7.55628,807395
1457,DanikRaikhlin,8,0.00099,61017,7.55727,807395
1458,davazp,8,0.00099,61025,7.55826,807395
1459,davendu,8,0.00099,61033,7.55925,807395
1460,daviddenton,8,0.00099,61041,7.56024,807395
1461,ddzrc,8,0.00099,61049,7.56123,807395
1462,DevinCarr,8,0.00099,61057,7.56222,807395
1463,Dharin-shah,8,0.00099,61065,7.56321,807395
1464,dh-ger,8,0.00099,61073,7.56420,807395
1465,dittakaviram,8,0.00099,61081,7.56519,807395
1466,dlouvier,8,0.00099,61089,7.56619,807395
1467,dmarsh26,8,0.00099,61097,7.56718,807395
1468,doronkopit5,8,0.00099,61105,7.56817,807395
1469,droppedbars,8,0.00099,61113,7.56916,807395
1470,eoinnoble,8,0.00099,61121,7.57015,807395
1471,esamson,8,0.00099,61129,7.57114,807395
1472,EStork09,8,0.00099,61137,7.57213,807395
1473,falenn,8,0.00099,61145,7.57312,807395
1474,federicobond,8,0.00099,61153,7.57411,807395
1475,girishc13,8,0.00099,61161,7.57510,807395
1476,goatsthatcode,8,0.00099,61169,7.57609,807395
1477,Godwinmoses93,8,0.00099,61177,7.57708,807395
1478,GrayWolfy,8,0.00099,61185,7.57808,807395
1479,gunsluo,8,0.00099,61193,7.57907,807395
1480,hivp,8,0.00099,61201,7.58006,807395
1481,Horiodino,8,0.00099,61209,7.58105,807395
1482,hovavza,8,0.00099,61217,7.58204,807395
1483,illidanzen163,8,0.00099,61225,7.58303,807395
1484,indreek,8,0.00099,61233,7.58402,807395
1485,initishbhatt,8,0.00099,61241,7.58501,807395
1486,iquirino,8,0.00099,61249,7.58600,807395
1487,ishg,8,0.00099,61257,7.58699,807395
1488,jakob-o,8,0.00099,61265,7.58798,807395
1489,jankaifer,8,0.00099,61273,7.58897,807395
1490,jascsch,8,0.00099,61281,7.58997,807395
1491,jcarranzan,8,0.00099,61289,7.59096,807395
1492,JesseEstum,8,0.00099,61297,7.59195,807395
1493,jevon-23,8,0.00099,61305,7.59294,807395
1494,jhalliday,8,0.00099,61313,7.59393,807395
1495,jianwu,8,0.00099,61321,7.59492,807395
1496,jjatria,8,0.00099,61329,7.59591,807395
1497,jlabatut,8,0.00099,61337,7.59690,807395
1498,jordanworner,8,0.00099,61345,7.59789,807395
1499,Jungzhang,8,0.00099,61353,7.59888,807395
1500,kadaffy,8,0.00099,61361,7.59987,807395
1501,kaspertygesen,8,0.00099,61369,7.60086,807395
1502,katiehockman,8,0.00099,61377,7.60186,807395
1503,keithc-ca,8,0.00099,61385,7.60285,807395
1504,kenrobbins,8,0.00099,61393,7.60384,807395
1505,kerunaru,8,0.00099,61401,7.60483,807395
1506,KirolosShehata,8,0.00099,61409,7.60582,807395
1507,kobi-co,8,0.00099,61417,7.60681,807395
1508,Kurt-Rayner-Alpha,8,0.00099,61425,7.60780,807395
1509,kurumoorthi89,8,0.00099,61433,7.60879,807395
1510,kvcache,8,0.00099,61441,7.60978,807395
1511,leslie-tsang,8,0.00099,61449,7.61077,807395
1512,lesovsky,8,0.00099,61457,7.61176,807395
1513,logamanig,8,0.00099,61465,7.61275,807395
1514,luigibk,8,0.00099,61473,7.61375,807395
1515,lumbans,8,0.00099,61481,7.61474,807395
1516,luryus,8,0.00099,61489,7.61573,807395
1517,maorleger,8,0.00099,61497,7.61672,807395
1518,markandrus,8,0.00099,61505,7.61771,807395
1519,markcartertm,8,0.00099,61513,7.61870,807395
1520,MartinDai,8,0.00099,61521,7.61969,807395
1521,MattAlp,8,0.00099,61529,7.62068,807395
1522,mbergin,8,0.00099,61537,7.62167,807395
1523,mbrobbel,8,0.00099,61545,7.62266,807395
1524,medicharlachiranjeevi,8,0.00099,61553,7.62365,807395
1525,minwoox,8,0.00099,61561,7.62464,807395
1526,mityayak,8,0.00099,61569,7.62564,807395
1527,monken,8,0.00099,61577,7.62663,807395
1528,msadeqsirjani,8,0.00099,61585,7.62762,807395
1529,Muchene,8,0.00099,61593,7.62861,807395
1530,mugli,8,0.00099,61601,7.62960,807395
1531,mwei0210,8,0.00099,61609,7.63059,807395
1532,nickv2002,8,0.00099,61617,7.63158,807395
1533,noliva,8,0.00099,61625,7.63257,807395
1534,octokatherine,8,0.00099,61633,7.63356,807395
1535,OmarEltamasehy,8,0.00099,61641,7.63455,807395
1536,onfla11,8,0.00099,61649,7.63554,807395
1537,otherview,8,0.00099,61657,7.63653,807395
1538,oulfik,8,0.00099,61665,7.63753,807395
1539,Owenxh,8,0.00099,61673,7.63852,807395
1540,parth1601,8,0.00099,61681,7.63951,807395
1541,PaulBenn-UnlikelyAI,8,0.00099,61689,7.64050,807395
1542,pendolf,8,0.00099,61697,7.64149,807395
1543,petercline,8,0.00099,61705,7.64248,807395
1544,poogurgaon,8,0.00099,61713,7.64347,807395
1545,Pratikt2312,8,0.00099,61721,7.64446,807395
1546,provegard,8,0.00099,61729,7.64545,807395
1547,raffis,8,0.00099,61737,7.64644,807395
1548,rahulgupta92,8,0.00099,61745,7.64743,807395
1549,rcastley,8,0.00099,61753,7.64842,807395
1550,reith,8,0.00099,61761,7.64942,807395
1551,ReiZ-X,8,0.00099,61769,7.65041,807395
1552,rickychu,8,0.00099,61777,7.65140,807395
1553,RoadRunnr,8,0.00099,61785,7.65239,807395
1554,RoVernekar,8,0.00099,61793,7.65338,807395
1555,sadesyllas,8,0.00099,61801,7.65437,807395
1556,sanasz91mdev,8,0.00099,61809,7.65536,807395
1557,sankala-dremio,8,0.00099,61817,7.65635,807395
1558,sathishsoundharajan,8,0.00099,61825,7.65734,807395
1559,schoder-moreno,8,0.00099,61833,7.65833,807395
1560,seanyu4296,8,0.00099,61841,7.65932,807395
1561,Shackelford-Arden,8,0.00099,61849,7.66031,807395
1562,shakuzen,8,0.00099,61857,7.66131,807395
1563,shchuko,8,0.00099,61865,7.66230,807395
1564,shreya22-1998,8,0.00099,61873,7.66329,807395
1565,sid-maddy,8,0.00099,61881,7.66428,807395
1566,simaoribeiro,8,0.00099,61889,7.66527,807395
1567,skjindal93,8,0.00099,61897,7.66626,807395
1568,skwasjer,8,0.00099,61905,7.66725,807395
1569,sorinansys,8,0.00099,61913,7.66824,807395
1570,sshumakov,8,0.00099,61921,7.66923,807395
1571,stephanos,8,0.00099,61929,7.67022,807395
1572,stevencl1013,8,0.00099,61937,7.67121,807395
1573,strawgate,8,0.00099,61945,7.67221,807395
1574,sudhirkumar05,8,0.00099,61953,7.67320,807395
1575,sumitm-iiit,8,0.00099,61961,7.67419,807395
1576,syr,8,0.00099,61969,7.67518,807395
1577,TanishqDhussa,8,0.00099,61977,7.67617,807395
1578,tauseef-ah,8,0.00099,61985,7.67716,807395
1579,teddylear,8,0.00099,61993,7.67815,807395
1580,TheJacobWalters,8,0.00099,62001,7.67914,807395
1581,tiagonapoli,8,0.00099,62009,7.68013,807395
1582,tianlin,8,0.00099,62017,7.68112,807395
1583,tie,8,0.00099,62025,7.68211,807395
1584,TigerHe7,8,0.00099,62033,7.68310,807395
1585,tjefferson08,8,0.00099,62041,7.68410,807395
1586,tolbrino,8,0.00099,62049,7.68509,807395
1587,tomkarw,8,0.00099,62057,7.68608,807395
1588,tqi-raurora,8,0.00099,62065,7.68707,807395
1589,Umleitungen,8,0.00099,62073,7.68806,807395
1590,valkum,8,0.00099,62081,7.68905,807395
1591,varmehta,8,0.00099,62089,7.69004,807395
1592,varun06,8,0.00099,62097,7.69103,807395
1593,venkatramanchandirasekaran,8,0.00099,62105,7.69202,807395
1594,vitaliis,8,0.00099,62113,7.69301,807395
1595,vladislav-kiva,8,0.00099,62121,7.69400,807395
1596,wadexu007,8,0.00099,62129,7.69499,807395
1597,xiaoyao2246,8,0.00099,62137,7.69599,807395
1598,ykk2006,8,0.00099,62145,7.69698,807395
1599,yuanbohan,8,0.00099,62153,7.69797,807395
1600,Yukang-LIAN,8,0.00099,62161,7.69896,807395
1601,ZachTB123,8,0.00099,62169,7.69995,807395
1602,Zane-XY,8,0.00099,62177,7.70094,807395
1603,zhuizhuhaomeng,8,0.00099,62185,7.70193,807395
1604,zoranzaric-cpx,8,0.00099,62193,7.70292,807395
1605,aallawala,7,0.00087,62200,7.70379,807395
1606,aaronla-ms,7,0.00087,62207,7.70466,807395
1607,adirmatzkin,7,0.00087,62214,7.70552,807395
1608,agustindaguerre,7,0.00087,62221,7.70639,807395
1609,alexd6631,7,0.00087,62228,7.70726,807395
1610,alexheretic,7,0.00087,62235,7.70812,807395
1611,alisonatwork,7,0.00087,62242,7.70899,807395
1612,AlissonRS,7,0.00087,62249,7.70986,807395
1613,alvarowolfx,7,0.00087,62256,7.71072,807395
1614,andrewlock,7,0.00087,62263,7.71159,807395
1615,anelson-splunk,7,0.00087,62270,7.71246,807395
1616,anurag-rajawat,7,0.00087,62277,7.71332,807395
1617,aodysseos,7,0.00087,62284,7.71419,807395
1618,apmer,7,0.00087,62291,7.71506,807395
1619,ArminShoeibi,7,0.00087,62298,7.71593,807395
1620,ArtBlnd,7,0.00087,62305,7.71679,807395
1621,arunmk-ms,7,0.00087,62312,7.71766,807395
1622,ashishkf,7,0.00087,62319,7.71853,807395
1623,ashok-an,7,0.00087,62326,7.71939,807395
1624,avsej,7,0.00087,62333,7.72026,807395
1625,baravkareknath,7,0.00087,62340,7.72113,807395
1626,bbeattie-phxlabs,7,0.00087,62347,7.72199,807395
1627,bcmedeiros,7,0.00087,62354,7.72286,807395
1628,beaubelgrave,7,0.00087,62361,7.72373,807395
1629,benagricola,7,0.00087,62368,7.72460,807395
1630,benbhall,7,0.00087,62375,7.72546,807395
1631,benlandrum,7,0.00087,62382,7.72633,807395
1632,besseb05,7,0.00087,62389,7.72720,807395
1633,blt,7,0.00087,62396,7.72806,807395
1634,blueswhisper,7,0.00087,62403,7.72893,807395
1635,bogdanov1609,7,0.00087,62410,7.72980,807395
1636,bputt,7,0.00087,62417,7.73066,807395
1637,BratSinot,7,0.00087,62424,7.73153,807395
1638,BT-22,7,0.00087,62431,7.73240,807395
1639,CathalAherne,7,0.00087,62438,7.73327,807395
1640,cBiscuitSurprise,7,0.00087,62445,7.73413,807395
1641,ccoqueiro,7,0.00087,62452,7.73500,807395
1642,chenhaipeng,7,0.00087,62459,7.73587,807395
1643,chriskuchin,7,0.00087,62466,7.73673,807395
1644,clhain,7,0.00087,62473,7.73760,807395
1645,ConverJens,7,0.00087,62480,7.73847,807395
1646,corani,7,0.00087,62487,7.73933,807395
1647,courageJ,7,0.00087,62494,7.74020,807395
1648,dansiviter,7,0.00087,62501,7.74107,807395
1649,DarthSim,7,0.00087,62508,7.74194,807395
1650,davhdavh,7,0.00087,62515,7.74280,807395
1651,davidg-datascene,7,0.00087,62522,7.74367,807395
1652,davidgp1701,7,0.00087,62529,7.74454,807395
1653,DennisGlindhart,7,0.00087,62536,7.74540,807395
1654,dinhan2411,7,0.00087,62543,7.74627,807395
1655,DondekarShraddha,7,0.00087,62550,7.74714,807395
1656,dorianmariefr,7,0.00087,62557,7.74800,807395
1657,Doron-Bargo,7,0.00087,62564,7.74887,807395
1658,dreaminghk,7,0.00087,62571,7.74974,807395
1659,ericmm,7,0.00087,62578,7.75061,807395
1660,ernado,7,0.00087,62585,7.75147,807395
1661,evhfla,7,0.00087,62592,7.75234,807395
1662,flaeppe,7,0.00087,62599,7.75321,807395
1663,fpaparoni,7,0.00087,62606,7.75407,807395
1664,g41797,7,0.00087,62613,7.75494,807395
1665,gai6948,7,0.00087,62620,7.75581,807395
1666,gdfast,7,0.00087,62627,7.75667,807395
1667,gecgooden,7,0.00087,62634,7.75754,807395
1668,ggoel,7,0.00087,62641,7.75841,807395
1669,ghelyar,7,0.00087,62648,7.75928,807395
1670,gioppoluca,7,0.00087,62655,7.76014,807395
1671,govine,7,0.00087,62662,7.76101,807395
1672,gthb,7,0.00087,62669,7.76188,807395
1673,hermogenes,7,0.00087,62676,7.76274,807395
1674,hzhhong,7,0.00087,62683,7.76361,807395
1675,it2008018,7,0.00087,62690,7.76448,807395
1676,its-felix,7,0.00087,62697,7.76534,807395
1677,ivanitskiy,7,0.00087,62704,7.76621,807395
1678,j2gg0s,7,0.00087,62711,7.76708,807395
1679,janaka,7,0.00087,62718,7.76795,807395
1680,janchristian-haddorp,7,0.00087,62725,7.76881,807395
1681,jasonou55,7,0.00087,62732,7.76968,807395
1682,jbarossitrs,7,0.00087,62739,7.77055,807395
1683,JBodkin-Amphora,7,0.00087,62746,7.77141,807395
1684,jckling,7,0.00087,62753,7.77228,807395
1685,jesafar,7,0.00087,62760,7.77315,807395
1686,JessHolle,7,0.00087,62767,7.77401,807395
1687,jf,7,0.00087,62774,7.77488,807395
1688,jinphic,7,0.00087,62781,7.77575,807395
1689,jjangga0214,7,0.00087,62788,7.77661,807395
1690,jknollmeyer,7,0.00087,62795,7.77748,807395
1691,jlsalmon,7,0.00087,62802,7.77835,807395
1692,jmadureira,7,0.00087,62809,7.77922,807395
1693,jodavaho,7,0.00087,62816,7.78008,807395
1694,jonathan-dev,7,0.00087,62823,7.78095,807395
1695,jordigh,7,0.00087,62830,7.78182,807395
1696,josevalim,7,0.00087,62837,7.78268,807395
1697,joshmouch,7,0.00087,62844,7.78355,807395
1698,kares,7,0.00087,62851,7.78442,807395
1699,Keimille,7,0.00087,62858,7.78528,807395
1700,kelystor,7,0.00087,62865,7.78615,807395
1701,kjvalencik,7,0.00087,62872,7.78702,807395
1702,KnechtionsCoding,7,0.00087,62879,7.78789,807395
1703,Krishna-Vishwakarma,7,0.00087,62886,7.78875,807395
1704,ktong,7,0.00087,62893,7.78962,807395
1705,lavender04,7,0.00087,62900,7.79049,807395
1706,lcmgh,7,0.00087,62907,7.79135,807395
1707,leizhag,7,0.00087,62914,7.79222,807395
1708,linfn,7,0.00087,62921,7.79309,807395
1709,lostwong,7,0.00087,62928,7.79395,807395
1710,luyor,7,0.00087,62935,7.79482,807395
1711,maartenvanvliet,7,0.00087,62942,7.79569,807395
1712,madhub,7,0.00087,62949,7.79656,807395
1713,manang,7,0.00087,62956,7.79742,807395
1714,maneeshbhunwal123,7,0.00087,62963,7.79829,807395
1715,Maraket,7,0.00087,62970,7.79916,807395
1716,marcospassos,7,0.00087,62977,7.80002,807395
1717,MartinNovak1991,7,0.00087,62984,7.80089,807395
1718,MattDodsonEnglish,7,0.00087,62991,7.80176,807395
1719,Matthias247,7,0.00087,62998,7.80262,807395
1720,mayankag32,7,0.00087,63005,7.80349,807395
1721,mblauth,7,0.00087,63012,7.80436,807395
1722,mdbudnick,7,0.00087,63019,7.80523,807395
1723,meSATYA,7,0.00087,63026,7.80609,807395
1724,mgevantmakher,7,0.00087,63033,7.80696,807395
1725,mgodse,7,0.00087,63040,7.80783,807395
1726,mhellsten-ml,7,0.00087,63047,7.80869,807395
1727,michaelhyatt,7,0.00087,63054,7.80956,807395
1728,mikeumus,7,0.00087,63061,7.81043,807395
1729,MirkoRuggiero,7,0.00087,63068,7.81129,807395
1730,Mizkoeu,7,0.00087,63075,7.81216,807395
1731,MosheElisha,7,0.00087,63082,7.81303,807395
1732,moshen,7,0.00087,63089,7.81390,807395
1733,mrenrich84,7,0.00087,63096,7.81476,807395
1734,mtripathi1,7,0.00087,63103,7.81563,807395
1735,murphpdx,7,0.00087,63110,7.81650,807395
1736,n0cloud,7,0.00087,63117,7.81736,807395
1737,ncbraner,7,0.00087,63124,7.81823,807395
1738,neinoi,7,0.00087,63131,7.81910,807395
1739,nelzkiddom,7,0.00087,63138,7.81996,807395
1740,nesb1,7,0.00087,63145,7.82083,807395
1741,nickmango,7,0.00087,63152,7.82170,807395
1742,nicoleczhu,7,0.00087,63159,7.82257,807395
1743,nightmared,7,0.00087,63166,7.82343,807395
1744,NimrodAvni78,7,0.00087,63173,7.82430,807395
1745,njvrzm,7,0.00087,63180,7.82517,807395
1746,nlindley,7,0.00087,63187,7.82603,807395
1747,noamisr,7,0.00087,63194,7.82690,807395
1748,ophiryael,7,0.00087,63201,7.82777,807395
1749,otbe,7,0.00087,63208,7.82863,807395
1750,paychex-ssmithrand,7,0.00087,63215,7.82950,807395
1751,pdonovan,7,0.00087,63222,7.83037,807395
1752,philipbawn,7,0.00087,63229,7.83124,807395
1753,philipz,7,0.00087,63236,7.83210,807395
1754,pilot513,7,0.00087,63243,7.83297,807395
1755,pinglamb,7,0.00087,63250,7.83384,807395
1756,pkbhowmick,7,0.00087,63257,7.83470,807395
1757,pkgonan,7,0.00087,63264,7.83557,807395
1758,p-yang,7,0.00087,63271,7.83644,807395
1759,QuangVinhTran,7,0.00087,63278,7.83730,807395
1760,R011y,7,0.00087,63285,7.83817,807395
1761,r4mbo7,7,0.00087,63292,7.83904,807395
1762,rafaelpereyra,7,0.00087,63299,7.83990,807395
1763,raghu999,7,0.00087,63306,7.84077,807395
1764,rajankamdi0706,7,0.00087,63313,7.84164,807395
1765,ramesius,7,0.00087,63320,7.84251,807395
1766,rerorero,7,0.00087,63327,7.84337,807395
1767,rice-junhaoyu,7,0.00087,63334,7.84424,807395
1768,rohanagarwal36,7,0.00087,63341,7.84511,807395
1769,rushirg,7,0.00087,63348,7.84597,807395
1770,Ryang20718,7,0.00087,63355,7.84684,807395
1771,saartochner,7,0.00087,63362,7.84771,807395
1772,Sawmi,7,0.00087,63369,7.84857,807395
1773,scumpah,7,0.00087,63376,7.84944,807395
1774,sethallen,7,0.00087,63383,7.85031,807395
1775,sfc-gh-jallie,7,0.00087,63390,7.85118,807395
1776,shawnsong,7,0.00087,63397,7.85204,807395
1777,shiva-fyers,7,0.00087,63404,7.85291,807395
1778,sidarthagracias,7,0.00087,63411,7.85378,807395
1779,stanosamek,7,0.00087,63418,7.85464,807395
1780,StefanSa,7,0.00087,63425,7.85551,807395
1781,SunilManthenaG01,7,0.00087,63432,7.85638,807395
1782,tamilaban,7,0.00087,63439,7.85724,807395
1783,taskar82,7,0.00087,63446,7.85811,807395
1784,tbbream,7,0.00087,63453,7.85898,807395
1785,theelous3,7,0.00087,63460,7.85985,807395
1786,theghostmac,7,0.00087,63467,7.86071,807395
1787,thomasleveil,7,0.00087,63474,7.86158,807395
1788,Tiagodge,7,0.00087,63481,7.86245,807395
1789,tianyj,7,0.00087,63488,7.86331,807395
1790,tiithansen,7,0.00087,63495,7.86418,807395
1791,tl-david-hayden,7,0.00087,63502,7.86505,807395
1792,truekonrads,7,0.00087,63509,7.86591,807395
1793,unique0lai,7,0.00087,63516,7.86678,807395
1794,untitaker,7,0.00087,63523,7.86765,807395
1795,verejoel,7,0.00087,63530,7.86852,807395
1796,wand2016,7,0.00087,63537,7.86938,807395
1797,xuminwlt,7,0.00087,63544,7.87025,807395
1798,yaroliakh,7,0.00087,63551,7.87112,807395
1799,yeqown,7,0.00087,63558,7.87198,807395
1800,Yerannnnnn,7,0.00087,63565,7.87285,807395
1801,yuuhhe,7,0.00087,63572,7.87372,807395
1802,zhrebicek,7,0.00087,63579,7.87458,807395
1803,zisom-hc,7,0.00087,63586,7.87545,807395
1804,3tilley,6,0.00074,63592,7.87619,807395
1805,8none1,6,0.00074,63598,7.87694,807395
1806,aarongreenlee,6,0.00074,63604,7.87768,807395
1807,AB027PS,6,0.00074,63610,7.87842,807395
1808,acheraime,6,0.00074,63616,7.87917,807395
1809,AchimGrolimund,6,0.00074,63622,7.87991,807395
1810,addreas,6,0.00074,63628,7.88065,807395
1811,adinauer,6,0.00074,63634,7.88140,807395
1812,aivinog1,6,0.00074,63640,7.88214,807395
1813,akalex,6,0.00074,63646,7.88288,807395
1814,akash19980,6,0.00074,63652,7.88363,807395
1815,akontsevich,6,0.00074,63658,7.88437,807395
1816,akoumjian,6,0.00074,63664,7.88511,807395
1817,akshadhaswamyKH,6,0.00074,63670,7.88586,807395
1818,AlexGS74,6,0.00074,63676,7.88660,807395
1819,aliakseip,6,0.00074,63682,7.88734,807395
1820,altuner,6,0.00074,63688,7.88808,807395
1821,AM1988,6,0.00074,63694,7.88883,807395
1822,aman-raza,6,0.00074,63700,7.88957,807395
1823,anderssv,6,0.00074,63706,7.89031,807395
1824,andraskadar,6,0.00074,63712,7.89106,807395
1825,AngusGMorrison,6,0.00074,63718,7.89180,807395
1826,anilreddydonthireddy,6,0.00074,63724,7.89254,807395
1827,anpatellll,6,0.00074,63730,7.89329,807395
1828,arjun-1,6,0.00074,63736,7.89403,807395
1829,artemvovk,6,0.00074,63742,7.89477,807395
1830,arukiidou,6,0.00074,63748,7.89552,807395
1831,asafpelegcodes,6,0.00074,63754,7.89626,807395
1832,astappiev,6,0.00074,63760,7.89700,807395
1833,AustinWentz,6,0.00074,63766,7.89775,807395
1834,bangbaew,6,0.00074,63772,7.89849,807395
1835,banish1979,6,0.00074,63778,7.89923,807395
1836,Bartizan,6,0.00074,63784,7.89997,807395
1837,benjaminclauss,6,0.00074,63790,7.90072,807395
1838,benjaminsky,6,0.00074,63796,7.90146,807395
1839,ben-roling,6,0.00074,63802,7.90220,807395
1840,Bharath-Ganesh,6,0.00074,63808,7.90295,807395
1841,bhupeshpadiyar,6,0.00074,63814,7.90369,807395
1842,BlakeMesdag,6,0.00074,63820,7.90443,807395
1843,bmbouter,6,0.00074,63826,7.90518,807395
1844,bombsimon,6,0.00074,63832,7.90592,807395
1845,Booster2ooo,6,0.00074,63838,7.90666,807395
1846,bradleybeighton,6,0.00074,63844,7.90741,807395
1847,BurakTaner,6,0.00074,63850,7.90815,807395
1848,bwoebi,6,0.00074,63856,7.90889,807395
1849,cakescience,6,0.00074,63862,7.90964,807395
1850,callumj,6,0.00074,63868,7.91038,807395
1851,caoheyang,6,0.00074,63874,7.91112,807395
1852,captainfalcon23,6,0.00074,63880,7.91186,807395
1853,carlosroman,6,0.00074,63886,7.91261,807395
1854,cazador481,6,0.00074,63892,7.91335,807395
1855,cfallwell,6,0.00074,63898,7.91409,807395
1856,changexd,6,0.00074,63904,7.91484,807395
1857,chenqi0805,6,0.00074,63910,7.91558,807395
1858,chrisdecker1201,6,0.00074,63916,7.91632,807395
1859,citrix-pradeep,6,0.00074,63922,7.91707,807395
1860,ClumsyPenguin,6,0.00074,63928,7.91781,807395
1861,colin-riddell,6,0.00074,63934,7.91855,807395
1862,collinvandyck,6,0.00074,63940,7.91930,807395
1863,connorlay,6,0.00074,63946,7.92004,807395
1864,cpiemontese,6,0.00074,63952,7.92078,807395
1865,ctrader2,6,0.00074,63958,7.92153,807395
1866,cwjenkins,6,0.00074,63964,7.92227,807395
1867,damikun,6,0.00074,63970,7.92301,807395
1868,DanBoSlice,6,0.00074,63976,7.92375,807395
1869,danielcompton,6,0.00074,63982,7.92450,807395
1870,danielmmetz,6,0.00074,63988,7.92524,807395
1871,danielschaffel,6,0.00074,63994,7.92598,807395
1872,dansl1982,6,0.00074,64000,7.92673,807395
1873,davechallis,6,0.00074,64006,7.92747,807395
1874,DawgFan,6,0.00074,64012,7.92821,807395
1875,deepakkhetwal,6,0.00074,64018,7.92896,807395
1876,denis-tingaikin,6,0.00074,64024,7.92970,807395
1877,dennismeister93,6,0.00074,64030,7.93044,807395
1878,dickiebowuk,6,0.00074,64036,7.93119,807395
1879,dkharlan,6,0.00074,64042,7.93193,807395
1880,DrMcTaco,6,0.00074,64048,7.93267,807395
1881,easel,6,0.00074,64054,7.93342,807395
1882,edenbd36,6,0.00074,64060,7.93416,807395
1883,edtbl76,6,0.00074,64066,7.93490,807395
1884,EdwardKuenen,6,0.00074,64072,7.93564,807395
1885,ehornby,6,0.00074,64078,7.93639,807395
1886,Eji4h,6,0.00074,64084,7.93713,807395
1887,EM41471130MM,6,0.00074,64090,7.93787,807395
1888,ericsampson,6,0.00074,64096,7.93862,807395
1889,erikcostlow,6,0.00074,64102,7.93936,807395
1890,eriklagerholm,6,0.00074,64108,7.94010,807395
1891,eternalmatt,6,0.00074,64114,7.94085,807395
1892,FauxFaux,6,0.00074,64120,7.94159,807395
1893,FerFlovi,6,0.00074,64126,7.94233,807395
1894,flenoir,6,0.00074,64132,7.94308,807395
1895,floyola,6,0.00074,64138,7.94382,807395
1896,fludo,6,0.00074,64144,7.94456,807395
1897,fprochazka,6,0.00074,64150,7.94531,807395
1898,FroMage,6,0.00074,64156,7.94605,807395
1899,garretwilson,6,0.00074,64162,7.94679,807395
1900,go-follow,6,0.00074,64168,7.94753,807395
1901,gorexlv,6,0.00074,64174,7.94828,807395
1902,Grace-1024,6,0.00074,64180,7.94902,807395
1903,grepory,6,0.00074,64186,7.94976,807395
1904,gursoz,6,0.00074,64192,7.95051,807395
1905,hacst,6,0.00074,64198,7.95125,807395
1906,haimprecise,6,0.00074,64204,7.95199,807395
1907,haimrait,6,0.00074,64210,7.95274,807395
1908,hannah-jj,6,0.00074,64216,7.95348,807395
1909,hardik-fareye,6,0.00074,64222,7.95422,807395
1910,harrison-kim,6,0.00074,64228,7.95497,807395
1911,herrbpl,6,0.00074,64234,7.95571,807395
1912,himamulch,6,0.00074,64240,7.95645,807395
1913,hughesjj,6,0.00074,64246,7.95720,807395
1914,hughluo,6,0.00074,64252,7.95794,807395
1915,hugree,6,0.00074,64258,7.95868,807395
1916,ianhomer,6,0.00074,64264,7.95943,807395
1917,ikhan-tc,6,0.00074,64270,7.96017,807395
1918,ilyamochalov,6,0.00074,64276,7.96091,807395
1919,io7m,6,0.00074,64282,7.96165,807395
1920,IraSkyx,6,0.00074,64288,7.96240,807395
1921,iSeiryu,6,0.00074,64294,7.96314,807395
1922,isobit,6,0.00074,64300,7.96388,807395
1923,izeye,6,0.00074,64306,7.96463,807395
1924,jackwilsdon,6,0.00074,64312,7.96537,807395
1925,Jacob953,6,0.00074,64318,7.96611,807395
1926,jaelrod,6,0.00074,64324,7.96686,807395
1927,j-asser,6,0.00074,64330,7.96760,807395
1928,jbourassa,6,0.00074,64336,7.96834,807395
1929,jbpal123,6,0.00074,64342,7.96909,807395
1930,jdeff,6,0.00074,64348,7.96983,807395
1931,jfeltesse-mdsol,6,0.00074,64354,7.97057,807395
1932,jhengy,6,0.00074,64360,7.97132,807395
1933,jjmm0312,6,0.00074,64366,7.97206,807395
1934,jl0x61,6,0.00074,64372,7.97280,807395
1935,JoeMinty,6,0.00074,64378,7.97354,807395
1936,john-h-k,6,0.00074,64384,7.97429,807395
1937,jonaskir6,6,0.00074,64390,7.97503,807395
1938,josecoelho96,6,0.00074,64396,7.97577,807395
1939,jose-mf,6,0.00074,64402,7.97652,807395
1940,jship,6,0.00074,64408,7.97726,807395
1941,juldou,6,0.00074,64414,7.97800,807395
1942,kamillle,6,0.00074,64420,7.97875,807395
1943,kanikashah90,6,0.00074,64426,7.97949,807395
1944,kbkk,6,0.00074,64432,7.98023,807395
1945,kDot,6,0.00074,64438,7.98098,807395
1946,kebroad,6,0.00074,64444,7.98172,807395
1947,Kharvi-Code,6,0.00074,64450,7.98246,807395
1948,kjschnei001,6,0.00074,64456,7.98321,807395
1949,kmotupalli-tc,6,0.00074,64462,7.98395,807395
1950,knvpk,6,0.00074,64468,7.98469,807395
1951,krinklesaurus,6,0.00074,64474,7.98543,807395
1952,krosenk729,6,0.00074,64480,7.98618,807395
1953,krutoo,6,0.00074,64486,7.98692,807395
1954,kwapik,6,0.00074,64492,7.98766,807395
1955,LadySerena,6,0.00074,64498,7.98841,807395
1956,lamebear,6,0.00074,64504,7.98915,807395
1957,larsn777,6,0.00074,64510,7.98989,807395
1958,LehMaxence,6,0.00074,64516,7.99064,807395
1959,leopardrota,6,0.00074,64522,7.99138,807395
1960,liadavid,6,0.00074,64528,7.99212,807395
1961,lihaomin1010,6,0.00074,64534,7.99287,807395
1962,lillieMaiBauer,6,0.00074,64540,7.99361,807395
1963,llhhbc,6,0.00074,64546,7.99435,807395
1964,lonesomelilly,6,0.00074,64552,7.99510,807395
1965,Lovnx,6,0.00074,64558,7.99584,807395
1966,lsolovey,6,0.00074,64564,7.99658,807395
1967,lucacasonato,6,0.00074,64570,7.99732,807395
1968,luisjfdez,6,0.00074,64576,7.99807,807395
1969,luizfbicalho,6,0.00074,64582,7.99881,807395
1970,LWogan,6,0.00074,64588,7.99955,807395
1971,mac2000,6,0.00074,64594,8.00030,807395
1972,madchap,6,0.00074,64600,8.00104,807395
1973,manjejda,6,0.00074,64606,8.00178,807395
1974,manojpandey,6,0.00074,64612,8.00253,807395
1975,marcoreni,6,0.00074,64618,8.00327,807395
1976,markdascher,6,0.00074,64624,8.00401,807395
1977,markvoll,6,0.00074,64630,8.00476,807395
1978,marsadle,6,0.00074,64636,8.00550,807395
1979,MatisseHack,6,0.00074,64642,8.00624,807395
1980,mattfysh,6,0.00074,64648,8.00699,807395
1981,mattiabasone,6,0.00074,64654,8.00773,807395
1982,mattolson,6,0.00074,64660,8.00847,807395
1983,maxedmands,6,0.00074,64666,8.00921,807395
1984,mberginbh,6,0.00074,64672,8.00996,807395
1985,mc-chaos,6,0.00074,64678,8.01070,807395
1986,mdii,6,0.00074,64684,8.01144,807395
1987,meysamhadeli,6,0.00074,64690,8.01219,807395
1988,mfilipe,6,0.00074,64696,8.01293,807395
1989,mhr3,6,0.00074,64702,8.01367,807395
1990,michal-kazmierczak,6,0.00074,64708,8.01442,807395
1991,michalpristas,6,0.00074,64714,8.01516,807395
1992,mihneastaub,6,0.00074,64720,8.01590,807395
1993,mjgarton,6,0.00074,64726,8.01665,807395
1994,mjhenkes,6,0.00074,64732,8.01739,807395
1995,mkelly,6,0.00074,64738,8.01813,807395
1996,mkocher,6,0.00074,64744,8.01888,807395
1997,mnottheone,6,0.00074,64750,8.01962,807395
1998,mockdeep,6,0.00074,64756,8.02036,807395
1999,mong0520,6,0.00074,64762,8.02110,807395
2000,monoxono,6,0.00074,64768,8.02185,807395
2001,mostynb,6,0.00074,64774,8.02259,807395
2002,muhardanz,6,0.00074,64780,8.02333,807395
2003,mvadu,6,0.00074,64786,8.02408,807395
2004,NathanNam,6,0.00074,64792,8.02482,807395
2005,naveenkumarthangaraj,6,0.00074,64798,8.02556,807395
2006,nayasam,6,0.00074,64804,8.02631,807395
2007,ncreated,6,0.00074,64810,8.02705,807395
2008,neiser,6,0.00074,64816,8.02779,807395
2009,NickEm,6,0.00074,64822,8.02854,807395
2010,niksanla2,6,0.00074,64828,8.02928,807395
2011,NYBACHOK,6,0.00074,64834,8.03002,807395
2012,object,6,0.00074,64840,8.03077,807395
2013,ochauhan,6,0.00074,64846,8.03151,807395
2014,ogxd,6,0.00074,64852,8.03225,807395
2015,ohadza,6,0.00074,64858,8.03300,807395
2016,olahallvall,6,0.00074,64864,8.03374,807395
2017,olivermt,6,0.00074,64870,8.03448,807395
2018,olleolleolle,6,0.00074,64876,8.03522,807395
2019,OmkarKirpan,6,0.00074,64882,8.03597,807395
2020,ovi-s,6,0.00074,64888,8.03671,807395
2021,paco-sisutech,6,0.00074,64894,8.03745,807395
2022,pantuza,6,0.00074,64900,8.03820,807395
2023,patatepartie,6,0.00074,64906,8.03894,807395
2024,patrickhousley,6,0.00074,64912,8.03968,807395
